I
1100 Generated by WorldEditor 1.6.1r1

1    736 0 0 EFAA Aavahelukka
1302 city 
1302 country Finland
1302 datum_lat 67.603611111
1302 datum_lon 23.971666667
1302 faa_code 
1302 iata_code 
1302 icao_code EFAA
1302 region_code EF
1302 state Lapland
1302 transition_alt 
1302 transition_level 
100 20.00 1 0 0.25 0 0 0 14  67.60661230  023.96553703    0    0 1 0 0 0 32  67.60083648  023.97920431    0    0 1 0 0 0
110 4 0.00 0.0000 New Taxiway 2
111  67.60406505  023.97188151
112  67.60439478  023.97280310  67.60438840  023.97278077
112  67.60439691  023.97286413  67.60438663  023.97289298
112  67.60422237  023.97333943  67.60418273  023.97342090
112  67.60408649  023.97355248  67.60406256  023.97359763
112  67.60396153  023.97383537  67.60395210  023.97389191
111  67.60396153  023.97383537
112  67.60396153  023.97383537  67.60395366  023.97388258
112  67.60396331  023.97397375  67.60396619  023.97399599
111  67.60396331  023.97397375
112  67.60396331  023.97397375  67.60396373  023.97397704
112  67.60407641  023.97426231  67.60411399  023.97435736
111  67.60407641  023.97426231
112  67.60407641  023.97426231  67.60408896  023.97429406
112  67.60411663  023.97427632  67.60412201  023.97426572
111  67.60411663  023.97427632
112  67.60411663  023.97427632  67.60412141  023.97426692
112  67.60437586  023.97364149  67.60442786  023.97351592
111  67.60437586  023.97364149
112  67.60437586  023.97364149  67.60438245  023.97362557
112  67.60442034  023.97360972  67.60444220  023.97365157
112  67.60448942  023.97375495  67.60450438  023.97376771
111  67.60451738  023.97373891
112  67.60475753  023.97313826  67.60476662  023.97311713
111  67.60475532  023.97307517
111  67.60457260  023.97248973
112  67.60455520  023.97249434  67.60454540  023.97252007
111  67.60448838  023.97264569
112  67.60445770  023.97261734  67.60444494  023.97257546
113  67.60414013  023.97170442
130 Airport Boundary 1
111  67.60835972  023.95964816
111  67.60730619  023.96208599
111  67.60323931  023.97100476
111  67.60154006  023.97576068
111  67.59784702  023.98414298
111  67.59875329  023.98729378
111  67.60257094  023.97799001
111  67.60782729  023.96788334
111  67.60803120  023.96517789
111  67.61037617  023.95941021
113  67.60944724  023.95634799
1300  67.60456046  023.97302019 -131.44 misc props Ramp 01
1301 A none 
18  67.60483429  023.97210324 1 BCN
19  67.60520592  023.97098207 1 WS
99
