I
1100 Generated by WorldEditor 1.7.21r1

1   1004 1 0 EFET Enontekio
1302 city Enontekio
1302 country Finland
1302 datum_lat 68.364444444
1302 datum_lon 23.4275
1302 faa_code 
1302 iata_code ENF
1302 icao_code EFET
1302 region_code EF
1302 state Lapland
1302 transition_alt 5000
1302 transition_level 
100 45.00 1 0 0.25 0 3 1 03  68.35518029  023.41045341    0   60 2 10 0 0 21  68.36999171  023.43824672    0   60 3 10 0 0
110 1 0.00 124.0000 New Taxiway 2
112  68.36021278  023.42053125  68.36014937  023.42041794
111  68.36021278  023.42053125
112  68.36021278  023.42053125  68.36025861  023.42064204
112  68.36026597  023.42111508  68.36023811  023.42123184
112  68.35982773  023.42288030  68.35977052  023.42310951
111  68.35982773  023.42288030
112  68.35982773  023.42288030  68.35981109  023.42294697
112  68.35975412  023.42305871  68.35972318  023.42310889
111  68.35975412  023.42305871
112  68.35975412  023.42305871  68.35972086  023.42311266
112  68.35964295  023.42317332  68.35960397  023.42319317
111  68.35964295  023.42317332
112  68.35964295  023.42317332  68.35959354  023.42319848
112  68.35950581  023.42313201  68.35946759  023.42307401
111  68.35950581  023.42313201
112  68.35950581  023.42313201  68.35940940  023.42298570
112  68.35925635  023.42277586  68.35919343  023.42269285
112  68.35896691  023.42299503  68.35886671  023.42340342
112  68.35862799  023.42430248  68.35857888  023.42451175
112  68.35868708  023.42465971  68.35869058  023.42465722
111  68.35868708  023.42465971
111  68.35876185  023.42479908
112  68.35918535  023.42560604  68.35940654  023.42606527
111  68.35918535  023.42560604
111  68.35926684  023.42575214
112  68.35926684  023.42575214  68.35929746  023.42581677
111  68.35936878  023.42593913
111  68.35967854  023.42651076
111  68.35981485  023.42676196
111  68.35995056  023.42701226
112  68.36000110  023.42710582  68.36000170  023.42710713
111  68.36000110  023.42710582
112  68.36000110  023.42710582  68.36000495  023.42711416
112  68.36001112  023.42721398  68.36000031  023.42727281
111  68.36001112  023.42721398
112  68.36001112  023.42721398  68.36000749  023.42723372
112  68.35999196  023.42735161  68.36001179  023.42739811
111  68.36009830  023.42756212
111  68.36002484  023.42782313
111  68.36044372  023.42860585
112  68.36068853  023.42778192  68.36075440  023.42753464
112  68.36061760  023.42717060  68.36065307  023.42702635
111  68.36094084  023.42588414
112  68.36003802  023.42421095  68.35999850  023.42412853
112  68.35997114  023.42334550  68.36003498  023.42304878
112  68.36039672  023.42159813  68.36048857  023.42125207
112  68.36065342  023.42136842  68.36072239  023.42144025
111  68.36065342  023.42136842
114  68.36065342  023.42136842  68.36057805  023.42123124
130 Airport Boundary
111  68.35150421  023.40784222
111  68.35765911  023.42019125
111  68.35632188  023.42388286
111  68.35877418  023.42762328
111  68.35931469  023.42786801
111  68.35959779  023.42824045
111  68.36079823  023.43084637
111  68.36094530  023.43017125
111  68.36166299  023.42969969
111  68.36971745  023.44172792
111  68.37055260  023.44111879
111  68.37090901  023.44136198
111  68.37136285  023.43944164
111  68.37223423  023.43670883
111  68.36959221  023.43305049
111  68.35753392  023.41113394
113  68.35287627  023.40260629
120 Linear Feature 39
111  68.35898588  023.42698679 20
112  68.35890493  023.42757504  68.35888161  023.42775205 20
112  68.35900635  023.42778683  68.35906230  023.42775997
111  68.35900635  023.42778683
112  68.35900635  023.42778683  68.35903423  023.42777345 20
112  68.35916262  023.42771633  68.35922772  023.42768837
111  68.35916262  023.42771633
112  68.35916262  023.42771633  68.35922818  023.42768818 20
112  68.35932907  023.42763792  68.35936260  023.42761464
111  68.35932907  023.42763792
112  68.35932907  023.42763792  68.35936018  023.42761629 20
112  68.35943888  023.42753662  68.35947467  023.42749376
111  68.35943888  023.42753662
112  68.35943888  023.42753662  68.35948041  023.42748689 20
112  68.35952381  023.42739831  68.35953265  023.42736525
111  68.35952381  023.42739831
112  68.35952381  023.42739831  68.35955201  023.42730273 20
112  68.35954226  023.42715674  68.35954063  023.42711943 20
112  68.35952140  023.42700403  68.35951535  023.42698218 20
112  68.35948661  023.42694013  68.35947836  023.42694803 20
111  68.35944761  023.42705222 20
112  68.35916550  023.42651132  68.35913473  023.42645443 20
112  68.35904719  023.42658887  68.35901218  023.42676984
111  68.35904719  023.42658887
114  68.35904719  023.42658887  68.35901921  023.42673859 20
120 Linear Feature 38
111  68.35863082  023.42817081 20
112  68.35873077  023.42792558  68.35876315  023.42781034
111  68.35873077  023.42792558
112  68.35873077  023.42792558  68.35874736  023.42786653 20
112  68.35880650  023.42761668  68.35883508  023.42748162
111  68.35880650  023.42761668
112  68.35880650  023.42761668  68.35883370  023.42748813 20
112  68.35887548  023.42722450  68.35889206  023.42710825
111  68.35887548  023.42722450
112  68.35887548  023.42722450  68.35890948  023.42698612 20
112  68.35897676  023.42659956  68.35899376  023.42651527 20
112  68.35901738  023.42642203  68.35902418  023.42638647 20
116  68.35900959  023.42634132  68.35899675  023.42632080
120 Linear Feature 37
111  68.35865932  023.42826367 20
112  68.35882641  023.42801088  68.35886925  023.42797429
111  68.35882641  023.42801088
112  68.35882641  023.42801088  68.35884750  023.42799286 20
112  68.35904411  023.42789679  68.35914154  023.42785400
111  68.35904411  023.42789679
112  68.35904411  023.42789679  68.35914454  023.42785269 20
112  68.35927206  023.42780114  68.35929711  023.42779005
111  68.35927206  023.42780114
112  68.35927206  023.42780114  68.35932141  023.42777929 20
112  68.35948147  023.42764837  68.35952745  023.42758124
111  68.35948147  023.42764837
112  68.35948147  023.42764837  68.35952769  023.42757552 20
112  68.35957530  023.42758010  68.35958610  023.42759267 20
115  68.35964318  023.42768584
120 Taxiway 3
112  68.36050745  023.42619884  68.36049035  023.42626527 10
112  68.36041311  023.42644782  68.36037923  023.42648509 10
112  68.36026984  023.42649073  68.36020672  023.42647417 10
111  68.36004707  023.42643894 10
115  68.36004258  023.42660182
120 Taxiway 3
111  68.36061336  023.42579513 10
115  68.36054060  023.42607265
120 Taxiway  2
111  68.35996646  023.42519620 10
112  68.35992076  023.42530787  68.35989013  023.42537178 10
112  68.35978998  023.42541582  68.35974934  023.42541455 10
111  68.35945435  023.42535652 10
115  68.35944883  023.42555037
120 Taxiway 2
111  68.36007151  023.42479481 10
115  68.36000016  023.42507557
120 Taxiway 1
112  68.35965125  023.42359753  68.35963481  023.42361046 10
112  68.35949946  023.42360738  68.35941521  023.42357383 10
111  68.35925320  023.42349076 10
111  68.35901944  023.42438738 10
115  68.35908100  023.42451578
120 Taxiway APN
112  68.35984313  023.42327367  68.35973420  023.42364910 10
112  68.35990727  023.42448552  68.35998769  023.42464563 10
111  68.36079793  023.42613514 10
115  68.36035050  023.42789041
120 Hold A
111  68.36002801  023.42216011 12
115  68.36017103  023.42241997
120 Taxiway A
111  68.36043124  023.42100171 10
112  68.35984342  023.42327249  68.35968510  023.42387136
111  68.35984342  023.42327249
112  68.35984342  023.42327249  68.35981907  023.42336462 10
116  68.35970527  023.42355547  68.35965752  023.42358488
120 Hold Service
111  68.35923858  023.42233876 4
115  68.35921198  023.42246247
120 Linear Feature 21
111  68.35866042  023.42445645 20
115  68.36019932  023.42734128
21  68.35804370  023.41414295 2 34.7700 3.00 03  PAPI-4L
21  68.36737884  023.43487770 2 214.8800 3.00 21  PAPI-4L
20  68.35992102  023.42198578 270.3296 0 3 {@L}A{@R}03-21
20  68.36026771  023.42262005 318.0146 0 3 {@R}03-21{@L}A
14  68.35948495  023.42620818  65.62 0 ATC Tower
1300  68.35902034  023.42438517 124.30 tie_down jets|turboprops|props 1
1301 D none 
1300  68.35945728  023.42535746 183.69 tie_down jets|turboprops|props 2
1301 D none 
1300  68.36005177  023.42643909 -175.07 tie_down jets|turboprops|props 3
1301 C none 
18  68.36304500  023.42251600 1 BCN
19  68.36167936  023.42738068 1 WS
50 13482 ATIS
54 12245 AFIS
54 11970 AFIS
1200 
1201  68.35875600  023.42447254 both 0 N_stop
1201  68.36038107  023.42752223 both 1 N_start
1201  68.36961303  023.43754056 both 2 N_stop
1201  68.35556509  023.41120647 both 3 N_start
1201  68.36039760  023.42014121 both 4 N_start
1201  68.36057463  023.42047034 both 5 N_stop
1201  68.36078367  023.42085883 both 6 N_stop
1201  68.36049196  023.42078693 both 7 N_stop
1201  68.36010047  023.42228469 both 8 N_stop
1201  68.35975588  023.42362494 both 9 N_start
1202 7 4 twoway taxiway_D A
1204 departure 03,21
1204 arrival 03,21
1202 7 6 twoway taxiway_D A
1204 departure 03,21
1204 arrival 03,21
1202 5 6 twoway runway 03/21
1204 departure 03,21
1204 arrival 03,21
1204 ils 03,21
1202 6 2 twoway runway 03/21
1204 departure 03,21
1204 arrival 03,21
1204 ils 03,21
1202 3 4 twoway runway 03/21
1204 departure 03,21
1204 arrival 03,21
1204 ils 03,21
1202 4 5 twoway runway 03/21
1204 departure 03,21
1204 arrival 03,21
1204 ils 03,21
1202 7 5 twoway taxiway_D A
1204 departure 03,21
1204 arrival 03,21
1202 8 7 twoway taxiway_D A
1204 departure 03,21
1204 arrival 03,21
1202 9 8 twoway taxiway_D A
1206 1 0 twoway  Ground
1400  68.36054431  23.42768629  214.25 fuel_jets 0 New Service Truck 13
1400  68.36051264  23.42779603 -144.22 baggage_train 3 New Service Truck 2
1401  68.35871468  23.42443570  0.00 baggage_train|fuel_jets New Service Truck Destination 1
99
