I
1130 Generated by WorldEditor 2.0.0r4

1    325 0 0 EFFO Forssa
1302 city Forssa
1302 country Finland
1302 datum_lat 60.801944444
1302 datum_lon 23.645555556
1302 faa_code 
1302 iata_code 
1302 icao_code EFFO
1302 region_code EF
1302 state Southern Finland
1302 transition_alt 
1302 transition_level 
100 12.00 1 0 0.25 0 0 0 04  60.80105943  023.64590114  125    0 1 0 0 0 22  60.80627843  023.65575114    0    0 1 0 0 0
110 1 0.25 42.6400 Extension rwy 22
111  60.80622160  023.65579435
111  60.80644047  023.65620746
111  60.80654197  023.65598175
111  60.80643759  023.65578485
111  60.80638788  023.65580726
113  60.80629504  023.65563204
110 1 0.25 42.6400 New Taxiway 13
111  60.80063383  023.64585610
112  60.80032815  023.64527891  60.80031830  023.64525996
112  60.80027780  023.64526369  60.80026674  023.64526649
112  60.80024017  023.64528299  60.80023123  023.64529261
112  60.80021237  023.64532473  60.80020479  023.64534088
111  60.80012050  023.64552663
111  60.80030801  023.64586724
111  60.80034517  023.64578447
111  60.80053099  023.64613042
113  60.80062615  023.64591764
110 1 0.40 42.6400 New Taxiway 16
111  60.80034036  023.64530201
112  60.80030572  023.64523521  60.80029996  023.64522372
112  60.80030391  023.64518558  60.80030383  023.64516456
112  60.80029425  023.64513205  60.80028769  023.64512040
112  60.80027889  023.64511425  60.80027220  023.64511115
112  60.80023781  023.64510422  60.80023122  023.64510497
112  60.80019969  023.64511257  60.80019317  023.64511602
112  60.80017357  023.64513651  60.80016810  023.64514578
112  60.80016175  023.64517280  60.80015943  023.64518509
112  60.80015746  023.64521571  60.80015767  023.64523167
112  60.80016355  023.64526456  60.80016660  023.64527577
112  60.80018353  023.64532332  60.80018722  023.64533216
113  60.80020397  023.64536576
110 1 0.25 42.6400 New Taxiway 3
111  60.80060944  023.64591032
111  60.80332365  023.65103402
111  60.80334802  023.65097971
113  60.80063383  023.64585610
110 1 0.25 42.6400 New Taxiway 4
111  60.80350805  023.65064784
112  60.80351407  023.65067468  60.80351488  023.65068196
112  60.80351487  023.65070258  60.80351472  023.65070882
112  60.80351350  023.65072308  60.80351274  023.65072974
112  60.80350850  023.65074470  60.80350582  023.65075063
112  60.80339205  023.65100213  60.80338901  023.65100899
112  60.80337557  023.65101365  60.80337167  023.65101469
112  60.80336169  023.65100519  60.80335890  023.65100041
111  60.80334802  023.65097971
111  60.80332365  023.65103402
112  60.80334566  023.65107044  60.80334924  023.65107598
112  60.80336222  023.65108573  60.80336602  023.65108737
112  60.80337925  023.65108837  60.80338349  023.65108807
112  60.80339752  023.65107948  60.80340146  023.65107663
112  60.80341795  023.65105356  60.80342139  023.65104622
112  60.80353831  023.65078778  60.80353981  023.65078465
112  60.80354559  023.65077733  60.80354798  023.65077504
112  60.80355345  023.65077153  60.80355629  023.65077008
112  60.80356257  023.65076965  60.80356616  023.65076978
113  60.80357670  023.65077346
110 1 0.25 42.6400 New Taxiway 5
111  60.80103336  023.64596961
112  60.80103454  023.64599489  60.80103340  023.64600208
112  60.80102691  023.64601949  60.80102473  023.64602438
112  60.80089205  023.64631716  60.80089050  023.64632048
112  60.80088376  023.64631914  60.80088102  023.64631889
112  60.80087594  023.64631307  60.80087344  023.64631045
111  60.80086631  023.64630194
111  60.80092556  023.64641500
112  60.80092011  023.64639612  60.80091955  023.64639175
112  60.80091888  023.64637939  60.80091888  023.64637461
112  60.80092116  023.64636126  60.80092314  023.64635710
112  60.80105245  023.64607141  60.80105535  023.64606458
112  60.80106449  023.64605647  60.80106774  023.64605503
113  60.80107636  023.64605438
130 Airport Boundary 22
111  60.80117965  023.64556708
111  60.80054189  023.64516798
111  60.80008807  023.64487859
111  60.79995025  023.64580879
111  60.80020573  023.64627733
111  60.80031198  023.64608034
111  60.80081138  023.64698476
111  60.80205341  023.64920884
111  60.80306996  023.65110407
111  60.80317462  023.65103369
111  60.80338939  023.65130646
111  60.80353646  023.65110547
111  60.80641377  023.65652808
111  60.80660987  023.65633281
111  60.80669111  023.65599971
111  60.80657625  023.65564939
113  60.80641938  023.65540818
120 Linear Feature 15
112  60.80041598  023.64549359  60.80041183  023.64548570 1
112  60.80039900  023.64547893  60.80039396  023.64547983 1
112  60.80038528  023.64548549  60.80038104  023.64549044 1
112  60.80037011  023.64550675  60.80036555  023.64551735 1
115  60.80028875  023.64569315
120 Linear Feature 12
111  60.80089771  023.64630480 4
115  60.80092390  023.64635520
120 Linear Feature 11
111  60.80041598  023.64549359 1
112  60.80084692  023.64631398  60.80084997  023.64631985 1
112  60.80086238  023.64634044  60.80086519  023.64634505 1
112  60.80087651  023.64635583  60.80088028  023.64635733 1
112  60.80089251  023.64635585  60.80089738  023.64635423 1
112  60.80090840  023.64633562  60.80091159  023.64632867 1
112  60.80104720  023.64602849  60.80105006  023.64602225 1
112  60.80106513  023.64600488  60.80106854  023.64600138 1
112  60.80108074  023.64599470  60.80108494  023.64599333 1
112  60.80109564  023.64599337  60.80109954  023.64599400 1
116  60.80110983  023.64600434  60.80111281  023.64600983
14  60.80067054  023.64559523  16.40 0 New Tower Viewpoint 39
1300  60.80035226  023.64555183 132.64 misc props Hangar
1301 A none 
1300  60.80045859  023.64581830 312.64 misc props Apron
1301 A none 
19  60.80080148  023.64599775 0 WDI
1051 123150 Forssa Radio
99
