I
1050 Generated by WorldEditor

1    150 0 0 EFGE Genböle
1302 city Genböle
1302 country Finland
1302 datum_lat 60.086944444
1302 datum_lon 22.521944444
1302 faa_code 
1302 iata_code 
1302 icao_code EFGE
1302 region_code EF
1302 state Western Finland
1302 transition_alt 
1302 transition_level 
100 15.00 3 0 0.40 0 0 0 07  60.08683324  022.52038782    0    0 0 0 0 0 25  60.08750725  022.52619087    0    0 0 0 0 0
110 3 0.45 77.0000 Grass Taxiway
112  60.08642238  022.51805672  60.08644203  022.51841903
111  60.08642238  022.51805672
112  60.08693107  022.52306795  60.08695566  022.52341767
112  60.08696781  022.52482505  60.08702432  022.52541880
111  60.08696781  022.52482505
112  60.08696781  022.52482505  60.08698377  022.52505243
112  60.08729955  022.52643687  60.08737935  022.52638297
111  60.08729955  022.52643687
112  60.08729955  022.52643687  60.08742219  022.52634255
112  60.08759493  022.52613993  60.08758345  022.52603535
111  60.08691331  022.52025644
112  60.08691331  022.52025644  60.08690405  022.52017215
112  60.08715535  022.51989779  60.08715250  022.51977493
111  60.08690288  022.51734176
114  60.08690288  022.51734176  60.08687001  022.51701678
110 4 0.00 0.0000 Dirt
111  60.08690288  022.51734176
111  60.08712618  022.51690773
112  60.08712618  022.51690773  60.08716175  022.51683640
112  60.08704844  022.51654767  60.08712072  022.51640732
111  60.08753482  022.51562073
111  60.08751123  022.51556811
111  60.08695789  022.51662874
112  60.08695789  022.51662874  60.08691307  022.51670999
112  60.08676176  022.51678702  60.08670022  022.51690416
111  60.08676176  022.51678702
111  60.08656350  022.51716828
112  60.08656350  022.51716828  60.08627498  022.51771975
112  60.08642238  022.51805672  60.08645680  022.51855369
113  60.08642238  022.51805672
130 Airport Boundary 1
111  60.08642238  022.51805672
111  60.08696781  022.52482505
111  60.08729955  022.52643687
111  60.08759493  022.52613993
111  60.08691331  022.52025644
111  60.08715535  022.51989779
113  60.08690288  022.51734176
1300  60.08693748  022.51869270 142.31 tie_down props Ramp Start A General Aviation Props
1301 A general_aviation 
1300  60.08688842  022.51820973 142.31 tie_down props Ramp Start A General Aviation Props
1301 A general_aviation 
1300  60.08684851  022.51777766 139.97 tie_down props Ramp Start A General Aviation Props
1301 A general_aviation 
19  60.08705793  022.51989599 0 Windsock
51 12360 CTAF Freq
99
