A
1000 Generated by WorldEditor

1    449 0 0 EFHM HAMEENKYRO
100 13.72 1 0 0.25 0 0 0 07  61.68852500  023.06544200  129    0 2 0 0 0 25  61.69071700  023.08196900  120    0 2 0 0 0
110 1 0.00 0.0000 Taxiway
111  61.69065783  023.08200184
112  61.69065783  023.08200184  61.69066798  023.08207214
112  61.69071615  023.08212511  61.69072591  023.08218688
111  61.69071615  023.08212511
112  61.69071615  023.08212511  61.69072452  023.08217658
112  61.69080388  023.08274139  61.69080604  023.08275691
111  61.69080388  023.08274139
112  61.69080388  023.08274139  61.69081442  023.08280728
112  61.69066296  023.08322542  61.69064846  023.08323540
111  61.69060053  023.08315849
111  61.69069708  023.08353682
112  61.69070294  023.08336982  61.69071743  023.08333115
111  61.69070294  023.08336982
112  61.69070294  023.08336982  61.69070530  023.08336545
112  61.69088024  023.08275959  61.69087078  023.08267993
111  61.69088024  023.08275959
112  61.69088024  023.08275959  61.69087912  023.08274829
113  61.69077627  023.08193078
110 4 0.00 0.0000 Dirt Area
112  61.69070975  023.08356962  61.69071040  023.08356139
111  61.69060031  023.08315519
112  61.69064152  023.08309962  61.69064211  023.08308714
112  61.69055991  023.08269138  61.69056164  023.08268042
111  61.69076855  023.08247567
111  61.69076024  023.08242304
112  61.69054712  023.08263674  61.69054106  023.08263126
112  61.69047970  023.08238783  61.69047326  023.08236293
112  61.68955748  023.07578340  61.68955748  023.07573881
111  61.68974278  023.07509600
111  61.68972991  023.07500211
112  61.68954336  023.07569017  61.68953148  023.07568883
112  61.68837602  023.06707308  61.68837602  023.06696987
111  61.68850151  023.06572500
111  61.68847657  023.06553225
112  61.68833706  023.06709766  61.68833771  023.06720819
112  61.69045801  023.08239930  61.69045908  023.08241389
112  61.69045229  023.08243718  61.69044969  023.08245636
112  61.69031805  023.08259003  61.69031545  023.08260646
114  61.69059386  023.08370459  61.69059939  023.08370597
130 Airport Boundary 7
111  61.68831523  023.06486606
111  61.68810141  023.06708169
111  61.69025741  023.08214046
111  61.69006141  023.08281642
111  61.69072069  023.08435609
111  61.69118396  023.08281642
113  61.68861814  023.06456564
14  61.69061171  023.08284781  10.00 0 Tower Viewpoint 13
1300  61.69073063  023.08317604 309.21 tie_down props GA Start
19  61.68866872  023.06508695 1 WS
19  61.69057324  023.08232400 1 WS
99
