I
1130 Generated by WorldEditor 2.0.0r4

1     20 0 0 EFHN Hanko
1302 city Hanko
1302 country Finland
1302 datum_lat 59.845555556
1302 datum_lon 23.082222222
1302 faa_code 
1302 iata_code 
1302 icao_code EFHN
1302 region_code EF
1302 state Southern Finland
1302 transition_alt 
1302 transition_level 
100 12.00 1 0 0.25 0 0 0 03  59.84236059  023.07747126  306    0 1 0 0 0 21  59.85437274  023.09339028  313    0 1 0 0 0
110 1 0.25 33.6500 New Taxiway 8
111  59.84344005  023.08099738
112  59.84864514  023.08829427  59.84865241  023.08830467
112  59.84873326  023.08838265  59.84874165  023.08839069
112  59.84880600  023.08840471  59.84881594  023.08840501
112  59.84887230  023.08839430  59.84888177  023.08839244
112  59.84893865  023.08836386  59.84894828  023.08835489
111  59.84978153  023.08756087
112  59.84981662  023.08753350  59.84982175  023.08753046
111  59.84985824  023.08751696
111  59.84980074  023.08743764
111  59.84976966  023.08747827
111  59.84973602  023.08751383
112  59.84892495  023.08828462  59.84891594  023.08829266
112  59.84886617  023.08831122  59.84885701  023.08831400
112  59.84880472  023.08832053  59.84879587  023.08831991
112  59.84873926  023.08829925  59.84872963  023.08828997
112  59.84866909  023.08822503  59.84866359  023.08821794
113  59.84346454  023.08092907
110 1 0.25 123.6500 New Taxiway 1
111  59.84365618  023.07928713
112  59.84365395  023.07934917  59.84365314  023.07935866
112  59.84364783  023.07939238  59.84364504  023.07940330
111  59.84362779  023.07945554
111  59.84299964  023.08129885
111  59.84323310  023.08161230
111  59.84346454  023.08092907
112  59.84328527  023.08069376  59.84328190  023.08068916
112  59.84328110  023.08066972  59.84328173  023.08065779
112  59.84329649  023.08061717  59.84330128  023.08060377
112  59.84368960  023.07946466  59.84369304  023.07945497
112  59.84371231  023.07943594  59.84371583  023.07943325
111  59.84372901  023.07942663
113  59.84375172  023.07941864
110 1 0.25 123.6500 New Taxiway 15
111  59.84233690  023.07754212
111  59.84219216  023.07797467
112  59.84210783  023.07822935  59.84209916  023.07825217
111  59.84205856  023.07830082
111  59.84221638  023.07890748
112  59.84245646  023.07866980  59.84246487  023.07866271
112  59.84250947  023.07863218  59.84251772  023.07862735
112  59.84257518  023.07861038  59.84258262  023.07860844
111  59.84292310  023.07854294
111  59.84299551  023.07853680
111  59.84304403  023.07853774
111  59.84308198  023.07854458
111  59.84296833  023.07838876
111  59.84294697  023.07845275
111  59.84292964  023.07847006
111  59.84257226  023.07853489
112  59.84251046  023.07853821  59.84250318  023.07853789
112  59.84245368  023.07852824  59.84244673  023.07852566
112  59.84239607  023.07849500  59.84238634  023.07848431
111  59.84231620  023.07839923
111  59.84233094  023.07835206
112  59.84220986  023.07818751  59.84220387  023.07817946
112  59.84219818  023.07815711  59.84219592  023.07814584
112  59.84220156  023.07810870  59.84220827  023.07808699
111  59.84234599  023.07767554
111  59.84242429  023.07776845
112  59.84244547  023.07773450  59.84245100  023.07772725
113  59.84246871  023.07771548
110 1 0.25 33.6500 New Taxiway 13
111  59.84289213  023.07795864
111  59.84279162  023.07825490
111  59.84294941  023.07846701
113  59.84304992  023.07817075
110 1 0.25 33.6500 New Taxiway 11
111  59.85407518  023.09309901
111  59.85409466  023.09330272
111  59.85430765  023.09358504
113  59.85434808  023.09346401
110 1 0.25 33.6500 New Taxiway 4
111  59.85439768  023.09331578
111  59.85443959  023.09319027
111  59.85422672  023.09290823
113  59.85412568  023.09295413
110 1 0.25 33.6500 New Taxiway 2
111  59.84902800  023.08650761
111  59.84905487  023.08642770
111  59.84881703  023.08611186
113  59.84879007  023.08619236
110 1 0.25 33.6500 New Taxiway 2
111  59.84910955  023.08631588
111  59.84913489  023.08624145
111  59.84889705  023.08592561
113  59.84887009  023.08600611
110 1 0.25 123.6500 New Taxiway 18
111  59.84606364  023.08247435
112  59.84605198  023.08253684  59.84603731  023.08254564
112  59.84600066  023.08256518  59.84598644  023.08257480
112  59.84583401  023.08269434  59.84582301  023.08270362
112  59.84572492  023.08281290  59.84571172  023.08282493
112  59.84565589  023.08286490  59.84564135  023.08287068
112  59.84499050  023.08302926  59.84498212  023.08302988
112  59.84496830  023.08302855  59.84496100  023.08302732
111  59.84494704  023.08302086
111  59.84504448  023.08315466
112  59.84504540  023.08310849  59.84504576  023.08309328
112  59.84505852  023.08308010  59.84506355  023.08307544
112  59.84507787  023.08306971  59.84508399  023.08306774
112  59.84565813  023.08292988  59.84567009  023.08292555
112  59.84572732  023.08288311  59.84573897  023.08287197
112  59.84583933  023.08275898  59.84584943  023.08274939
112  59.84600292  023.08262970  59.84601011  023.08262451
112  59.84607899  023.08258699  59.84608492  023.08258376
113  59.84613414  023.08256789
130 Airport Boundary 29
111  59.84266307  023.07696472
111  59.84241663  023.07698615
111  59.84200258  023.07733868
111  59.84192360  023.07840103
111  59.84197146  023.07877261
111  59.84222277  023.07943002
111  59.84236211  023.07973518
111  59.84241605  023.08001931
111  59.84230734  023.08014132
111  59.84240890  023.08044098
111  59.84231914  023.08076852
111  59.84263627  023.08122908
111  59.84337343  023.08202639
111  59.84378908  023.08287452
111  59.84510786  023.08346951
111  59.84546632  023.08397242
111  59.84586527  023.08757876
111  59.84660851  023.08827582
111  59.84703015  023.09119221
111  59.84786630  023.09176127
111  59.84717309  023.08644059
111  59.84886681  023.08878792
111  59.84957432  023.08800538
111  59.85430663  023.09411908
113  59.85489156  023.09315739
120 Linear Feature 19
111  59.84575849  023.08277688 13
115  59.84577380  023.08283176
120 Linear Feature 17
111  59.84950933  023.08772942 13
115  59.84952700  023.08780339
120 Linear Feature 6
111  59.84350232  023.07982446 13
115  59.84354629  023.07988481
120 Linear Feature 4
111  59.84326159  023.08062488 10
112  59.84367358  023.07941654  59.84367897  023.07940087 10
112  59.84369449  023.07937258  59.84370342  023.07936171 10
112  59.84373020  023.07934483  59.84374346  023.07934032 10
112  59.84376144  023.07935162  59.84376550  023.07935697 10
115  59.84382661  023.07943788
120 Linear Feature 17
111  59.84257305  023.07853487 13
115  59.84257588  023.07861006
120 Linear Feature 16
111  59.84219365  023.07797031 13
115  59.84223074  023.07802042
120 Linear Feature 12
111  59.85407270  023.09311725 12
115  59.85412910  023.09294480
14  59.84232210  023.07896400  22.97 0 New Tower Viewpoint 13
1300  59.84320401  023.07970988 305.00 misc props Grass parking 1
1301 A none 
1300  59.84333536  023.07988636 305.00 misc props Grass parking 2
1301 A none 
1300  59.84284490  023.08079153 125.00 misc props Grass parking 3
1301 A none 
19  59.84281935  023.08019518 0 WDI
1051 123600 Hanko AFIS
99
