I
1100 Generated by WorldEditor 1.7.1r2

1    312 0 0 EFHP Haapavesi
1302 city Haapavesi
1302 country Finland
1302 datum_lat 64.113055556
1302 datum_lon 25.504166667
1302 faa_code 
1302 iata_code 
1302 icao_code EFHP
1302 local_authority 
1302 local_code 
1302 region_code EF
1302 state Oulu
1302 transition_alt 
1302 transition_level 
100 15.00 1 0 0.50 0 0 0 12  64.11392447  025.49910272   10    0 3 0 0 0 30  64.11004938  025.51226000   25    0 3 0 0 0
110 1 0.25 120.0000 Taxiway for RWY 30
111  64.10978153  025.51077519
112  64.10979258  025.51078784  64.10980274  025.51080107
112  64.10979258  025.51085323  64.10978354  025.51089006
111  64.10976577  025.51086567
111  64.10967510  025.51077312
111  64.10958704  025.51068543
112  64.10951350  025.51105151  64.10950540  025.51108268
112  64.10948525  025.51107046  64.10947712  025.51106198
111  64.10944326  025.51102660
111  64.10937994  025.51135254
112  64.10945648  025.51143357  64.10949008  025.51146742
112  64.10950605  025.51135472  64.10952785  025.51125571
112  64.10954666  025.51126034  64.10956286  025.51127519
112  64.10987897  025.51163457  64.10991858  025.51167676
112  64.10993884  025.51162191  64.10995358  025.51156917
112  64.10999963  025.51133081  64.11000516  025.51130761
112  64.11002092  025.51128784  64.11003565  025.51128574
111  64.11019737  025.51147947
111  64.11022937  025.51136601
112  64.10993002  025.51101686  64.10991320  025.51099599
112  64.10991300  025.51095324  64.10991949  025.51092648
112  64.10994558  025.51080802  64.10995765  025.51074740
112  64.10992963  025.51069799  64.10991461  025.51067912
113  64.10982463  025.51057987
110 1 0.25 120.0000 Taxiway for RWY 12
111  64.11302302  025.50190015
112  64.11298894  025.50191913  64.11296867  025.50190226
112  64.11294288  025.50187272  64.11292262  025.50184319
112  64.11285722  025.50173348  64.11285170  025.50169340
112  64.11284617  025.50142759  64.11283235  025.50140860
112  64.11262972  025.50139595  64.11262235  025.50140438
112  64.11258182  025.50152463  64.11258643  025.50153729
112  64.11278538  025.50182420  64.11279183  025.50181787
112  64.11280747  025.50179130  64.11282069  025.50180808
112  64.11295117  025.50201828  64.11295302  025.50202883
114  64.11296315  025.50210689  64.11295394  025.50216174
110 1 0.25 124.0000 Turn RWY 12
112  64.11399189  025.49921637  64.11401598  025.49923292
112  64.11404550  025.49901078  64.11403405  025.49895697
112  64.11394309  025.49878726  64.11388647  025.49869206
112  64.11383828  025.49875277  64.11381960  025.49879968
112  64.11381960  025.49891144  64.11383406  025.49897077
113  64.11386779  025.49902182
130 Airport Boundary 1
111  64.10930033  025.50978818
111  64.10904142  025.51017537
111  64.10827524  025.51215976
111  64.10829109  025.51232916
111  64.11017706  025.51288091
111  64.11126343  025.50916237
111  64.11325197  025.50248501
111  64.11369903  025.50113699
111  64.11404777  025.49980096
111  64.11449162  025.49842136
111  64.11387918  025.49848967
111  64.11304695  025.50118223
111  64.11228077  025.50104105
111  64.11238645  025.50154527
111  64.11247011  025.50226127
111  64.11260221  025.50276550
111  64.11056646  025.50965442
111  64.11030566  025.50971251
113  64.10943672  025.50983506
120 Taxiline for RWY 30
111  64.11004444  025.51123117 1
111  64.11021446  025.51142201 1
115  64.11027522  025.51149477
120 Default hold RWY 12 (near)
111  64.11286198  025.50175287 4
115  64.11283710  025.50183316
120 Default hold RWY 12 (far)
111  64.11005083  025.51115841 4
115  64.11002201  025.51128533
1300  64.11263828  025.50150723 -142.12 gate jets|turboprops|props GA5
1301 A general_aviation 
1300  64.11282494  025.50149721 -53.25 gate jets|turboprops|props GA4
1301 A general_aviation 
1300  64.10987626  025.51079500 -63.98 gate jets|turboprops|props GA3
1301 A none 
1300  64.10974889  025.51134735 116.75 gate jets|turboprops|props GA2
1301 A general_aviation 
1300  64.10989011  025.51151203 117.26 gate jets|turboprops|props GA1
1301 A general_aviation 
19  64.11249697  025.50203979 1 WS
19  64.10998746  025.51068402 1 WS
99
