I
1130 Generated by WorldEditor 2.0.0r4

1    383 0 0 EFII Iisalmi
1302 city Iisalmi
1302 country Finland
1302 datum_lat 63.631944444
1302 datum_lon 27.122222222
1302 faa_code 
1302 iata_code 
1302 icao_code EFII
1302 region_code EF
1302 state Eastern Finland
1302 transition_alt 
1302 transition_level 
100 17.98 1 0 0.25 0 0 0 17  63.63399215  027.12391374    0    0 1 0 0 0 35  63.62773854  027.12415255    0    0 1 0 0 0
110 5 0.30 179.0000 Extension rwy 17
111  63.63394227  027.12373344
111  63.63394403  027.12409780
111  63.63658748  027.12399683
113  63.63658473  027.12363253
110 1 0.15 179.0000 main taxiway & apron
111  63.63375737  027.12408335
111  63.63378793  027.12411217
112  63.63380000  027.12413677  63.63380217  027.12414257
112  63.63380623  027.12416312  63.63380718  027.12417244
112  63.63380755  027.12420302  63.63380701  027.12421188
111  63.63376728  027.12486626
112  63.63376329  027.12498537  63.63376341  027.12500200
111  63.63377076  027.12544661
111  63.63378849  027.12626114
111  63.63412558  027.12627112
111  63.63412457  027.12543456
111  63.63386496  027.12545158
112  63.63385085  027.12544931  63.63384830  027.12544817
112  63.63384345  027.12544025  63.63384071  027.12543519
112  63.63383925  027.12541185  63.63383886  027.12539469
111  63.63383225  027.12500276
112  63.63383376  027.12488443  63.63383405  027.12486859
111  63.63383925  027.12477507
112  63.63387403  027.12417462  63.63387466  027.12416456
112  63.63388267  027.12413455  63.63388609  027.12412466
112  63.63389823  027.12410878  63.63390185  027.12410350
113  63.63392646  027.12407586
110 1 0.15 179.0000 New Taxiway 2
111  63.63378248  027.12519257
111  63.63358294  027.12520959
111  63.63358546  027.12545364
113  63.63378717  027.12544118
110 1 0.25 179.0000 New Taxiway 1
111  63.63314215  027.12409651
112  63.63312441  027.12464626  63.63312379  027.12465701
112  63.63312021  027.12468630  63.63311818  027.12469487
112  63.63311090  027.12471509  63.63310814  027.12472131
112  63.63309614  027.12473016  63.63309123  027.12472988
111  63.63289151  027.12470381
111  63.63288626  027.12493624
111  63.63295495  027.12494395
111  63.63295861  027.12479114
111  63.63310274  027.12480936
111  63.63309627  027.12499571
111  63.63317564  027.12500311
111  63.63318156  027.12482415
111  63.63315266  027.12482119
113  63.63317564  027.12409946
110 5 0.30 179.0000 New Taxiway 2
111  63.63378694  027.12479218
112  63.63370265  027.12480820  63.63369202  027.12480861
112  63.63355720  027.12478493  63.63354467  027.12478394
112  63.63345789  027.12479026  63.63344733  027.12479224
112  63.63331207  027.12481866  63.63330107  027.12482014
111  63.63323511  027.12482280
111  63.63318156  027.12482415
111  63.63317564  027.12500311
112  63.63317381  027.12533181  63.63317337  027.12535657
112  63.63319969  027.12537943  63.63321160  027.12537840
111  63.63335431  027.12535281
111  63.63335023  027.12508305
112  63.63364502  027.12502803  63.63365602  027.12502654
112  63.63367634  027.12509471  63.63367914  027.12510704
112  63.63368846  027.12516528  63.63369024  027.12518305
111  63.63369558  027.12524539
113  63.63378644  027.12524539
130 Airport Boundary 13
111  63.62807665  027.12316131
111  63.62725675  027.12340304
111  63.62677786  027.12308946
111  63.62669652  027.12455425
111  63.62707475  027.12537821
111  63.62813276  027.12523514
111  63.62827849  027.12553269
111  63.62884231  027.12662440
111  63.63088035  027.12647946
111  63.63247330  027.12633456
111  63.63367191  027.12639296
111  63.63453818  027.12641131
111  63.63456665  027.12491867
111  63.63659222  027.12496012
111  63.63916481  027.12497233
113  63.63918632  027.12269227
120 Linear Feature 6
111  63.63377393  027.12475699 4
115  63.63383908  027.12477724
120 Linear Feature 5
111  63.63406243  027.12563521 24
115  63.63406531  027.12605103
120 Linear Feature 5
111  63.63386151  027.12564791 24
115  63.63386438  027.12606389
120 Linear Feature 4
111  63.63380595  027.12478787 24
112  63.63380069  027.12487737  63.63380010  027.12489035 24
112  63.63379835  027.12496330  63.63379825  027.12497693 24
112  63.63379845  027.12505508  63.63379865  027.12507070 24
112  63.63380556  027.12542590  63.63380576  027.12543598 24
112  63.63380846  027.12546309  63.63380975  027.12547134 24
112  63.63381430  027.12548767  63.63381708  027.12549424 24
112  63.63382580  027.12550916  63.63382966  027.12551344 24
112  63.63384002  027.12551940  63.63384463  027.12552001 24
112  63.63392253  027.12551503  63.63392620  027.12551481 24
112  63.63393782  027.12552714  63.63394088  027.12553149 24
112  63.63395007  027.12555296  63.63395214  027.12555869 24
112  63.63395648  027.12557636  63.63395770  027.12558474 24
112  63.63395967  027.12560874  63.63396009  027.12561744 24
112  63.63396060  027.12564458  63.63396075  027.12565424 24
115  63.63396313  027.12605794
120 Linear Feature 3
111  63.63384049  027.12410182 24
112  63.63384188  027.12413112  63.63384207  027.12413855 24
112  63.63384180  027.12418495  63.63384166  027.12419237 24
111  63.63383907  027.12424225 24
115  63.63380852  027.12474226
14  63.63398918  027.12510411  16.40 0 New Tower Viewpoint 39
1300  63.63408758  027.12593145 180.00 misc props 1
1301 A none 
1300  63.63383402  027.12574334   0.00 misc props 2
1301 A none 
1300  63.63383554  027.12606833   0.00 misc props 3
1301 A none 
19  63.63448325  027.12588094 0 WS
1051 123550 Iisalmi Radio
99
