I
1100 Generated by WorldEditor 1.7.21r1

1    479 1 0 EFIV Ivalo
1302 city Ivalo
1302 country Finland
1302 datum_lat 68.610833333
1302 datum_lon 27.413888889
1302 faa_code 
1302 iata_code IVL
1302 icao_code EFIV
1302 region_code EF
1302 state Lapland
1302 transition_alt 5000
1302 transition_level 
100 45.00 1 1 0.25 0 2 1 04  68.59959226  027.38268892    0   60 4 8 1 2 22  68.61493554  027.42778146    0   60 5 2 0 2
110 1 0.00 47.0000 Turning RWY 04
111  68.60036892  027.38380021
112  68.60030963  027.38300033  68.60028911  027.38290034
112  68.59998355  027.38206296  68.59996759  027.38204422
111  68.59955486  027.38179425
113  68.60035068  027.38414390
110 1 0.00 47.0000 Turning RWY 22
111  68.61389052  027.42544013
112  68.61396341  027.42612432  68.61399906  027.42626647
112  68.61404157  027.42695284  68.61406784  027.42708790
111  68.61459421  027.42863937
113  68.61505762  027.42886776
110 1 0.00 135.0000 Apron
112  68.60658379  027.41600929  68.60650432  027.41615453
112  68.60638321  027.41594704  68.60634915  027.41586405
112  68.60635942  027.41570674  68.60635186  027.41570674
111  68.60635942  027.41570674
112  68.60635942  027.41570674  68.60635398  027.41570674
112  68.60597323  027.41566615  68.60583691  027.41565159
111  68.60597323  027.41566615
112  68.60597323  027.41566615  68.60592029  027.41566050
111  68.60588366  027.41565657
111  68.60583815  027.41920754
111  68.60593098  027.41921350
111  68.60631689  027.41924838
111  68.60701831  027.41930620
111  68.60774530  027.41743748
111  68.60791781  027.41789363
111  68.60869157  027.42010531
111  68.60864621  027.42071847
111  68.60891025  027.42154926
111  68.60886516  027.42204289
111  68.60891904  027.42336084
111  68.60986335  027.42314150
111  68.61014207  027.42246565
112  68.61029194  027.42263996  68.61032373  027.42291389
112  68.61038276  027.42291389  68.61042364  027.42291389
112  68.61057804  027.42287653  68.61064162  027.42283918
111  68.61074607  027.42263996
111  68.61106397  027.42185556
111  68.61082779  027.42055736
111  68.61015452  027.41877410
112  68.61003363  027.41911709  68.60999578  027.41921047
112  68.60988790  027.41938345  68.60983594  027.41943311
112  68.60967641  027.41936687  68.60960571  027.41923150
112  68.60959807  027.41861441  68.60958911  027.41842215
111  68.60958077  027.41810296
112  68.60897336  027.41657854  68.60891029  027.41643443
112  68.60894971  027.41598051  68.60897073  027.41589405
111  68.60904432  027.41570671
111  68.60862017  027.41453041
112  68.60853038  027.41465049  68.60849972  027.41467451
112  68.60827414  027.41457844  68.60819310  027.41433227
111  68.60774895  027.41303246
113  68.60702359  027.41505697
110 1 0.00 133.5000 B
112  68.61003816  027.41457911  68.61007648  027.41470420
112  68.60998706  027.41514955  68.60993595  027.41526464
112  68.60936471  027.41686087  68.60927893  027.41705602
112  68.60897961  027.41664070  68.60891209  027.41651560
111  68.60928805  027.41753638
112  68.60958095  027.41810908  68.60960887  027.41817607
111  68.60958095  027.41810908
112  68.60958095  027.41810908  68.60957883  027.41803421
112  68.60955782  027.41775050  68.60955332  027.41761924
112  68.60960765  027.41731493  68.60966970  027.41711478
112  68.61017617  027.41577552  68.61024765  027.41562123
112  68.61043168  027.41570463  68.61045905  027.41575884
111  68.61058529  027.41575050
113  68.61006210  027.41417842
110 1 0.00 138.0000 C
112  68.61135467  027.41804883  68.61128640  027.41785675
111  68.61135467  027.41804883
112  68.61135467  027.41804883  68.61136781  027.41817853
112  68.61134188  027.41855815  68.61131823  027.41861579
112  68.61082461  027.41974128  68.61072361  027.41994936
112  68.61042680  027.41952086  68.61036898  027.41940557
111  68.61042680  027.41952086
112  68.61042680  027.41952086  68.61048516  027.41971206
111  68.61065130  027.42012994
111  68.61083042  027.42058178
112  68.61082055  027.42044716  68.61081655  027.42035975
112  68.61087542  027.42003337  68.61094375  027.41986764
112  68.61138575  027.41886434  68.61141203  027.41880670
112  68.61159205  027.41873578  68.61164199  027.41877902
111  68.61159205  027.41873578
112  68.61159205  027.41873578  68.61153813  027.41857630
113  68.61146841  027.41837761
110 1 0.00 48.0000 T
111  68.60775316  027.41304478
112  68.60669455  027.40987676  68.60653056  027.40932345
112  68.60644550  027.40870489  68.60642491  027.40840506
111  68.60644550  027.40870489
112  68.60644550  027.40870489  68.60643614  027.40904181
112  68.60640989  027.41083324  68.60640022  027.41137842
111  68.60640989  027.41083324
112  68.60640989  027.41083324  68.60644458  027.41065168
112  68.60662517  027.41069663  68.60672609  027.41085225
112  68.60712315  027.41199155  68.60721460  027.41226821
112  68.60742861  027.41304447  68.60751622  027.41338380
112  68.60728115  027.41440697  68.60715815  027.41483924
111  68.60728115  027.41440697
112  68.60728115  027.41440697  68.60750654  027.41380872
113  68.60763133  027.41346429
110 1 0.00 92.0000 Old Runway
111  68.60597323  027.41566615
111  68.60635942  027.41570674
112  68.60651112  027.40458407  68.60651391  027.40426898
111  68.60669800  027.40433901
111  68.60598052  027.40224190
114  68.60613957  027.40355407  68.60613471  027.40390022
130 Airport Boundary 1
111  68.60611246  027.39752446
111  68.60034003  027.37979505
111  68.59809309  027.37685522
111  68.59752759  027.37856294
111  68.59815745  027.38457973
111  68.59883968  027.38666076
111  68.60001104  027.38683712
111  68.60414301  027.39907642
111  68.60497971  027.40648341
111  68.60500545  027.42003002
111  68.60518566  027.42034752
111  68.60537874  027.42147641
111  68.60513417  027.44331371
111  68.60563619  027.44430151
111  68.60606097  027.44426623
111  68.60705213  027.44408984
111  68.60726900  027.43787461
111  68.60684422  027.43702792
111  68.60704725  027.42511826
111  68.60818829  027.42498596
111  68.60819737  027.42435355
111  68.60872483  027.42387162
111  68.60974108  027.42357028
111  68.61113594  027.42394925
111  68.61383313  027.43125973
111  68.61487879  027.43153759
111  68.61680312  027.43588998
113  68.61778391  027.43286973
120 Linear Feature 10
112  68.60803899  027.42258547  68.60802341  027.42262144 20
112  68.60784735  027.42312281  68.60784116  027.42314998
111  68.60784735  027.42312281
112  68.60784735  027.42312281  68.60784401  027.42313437 20
112  68.60785474  027.42320918  68.60786190  027.42324311 20
112  68.60797409  027.42370603  68.60800775  027.42382906 20
112  68.60808927  027.42383409  68.60812350  027.42381828 20
112  68.60815457  027.42365636  68.60815616  027.42353978
111  68.60815457  027.42365636
112  68.60815457  027.42365636  68.60815537  027.42355822 20
112  68.60814335  027.42349614  68.60814039  027.42346862 20
112  68.60813207  027.42331263  68.60812898  027.42321254
111  68.60813207  027.42331263
112  68.60813207  027.42331263  68.60812720  027.42313339 20
112  68.60813449  027.42271373  68.60813567  027.42264574 20
112  68.60813077  027.42251776  68.60812774  027.42249106 20
112  68.60811244  027.42243769  68.60810583  027.42243471
111  68.60811244  027.42243769
114  68.60811244  027.42243769  68.60809850  027.42243317 20
120 Linear Feature 11
111  68.60815113  027.42440213 22
111  68.60813022  027.42598771 22
111  68.60807974  027.42978631 22
112  68.60807509  027.43126918  68.60808319  027.43162054 22
112  68.60819051  027.43416225  68.60829250  027.43530288
111  68.60819051  027.43416225
112  68.60819051  027.43416225  68.60824405  027.43476099 22
112  68.60844083  027.43646281  68.60854321  027.43728194
111  68.60844083  027.43646281
112  68.60844083  027.43646281  68.60852225  027.43709114 22
112  68.60869749  027.43826555  68.60876128  027.43863718
111  68.60869749  027.43826555
112  68.60869749  027.43826555  68.60883176  027.43904781 22
111  68.60938870  027.44216028 22
112  68.60970976  027.44440652  68.60988166  027.44578842
111  68.60970976  027.44440652
112  68.60970976  027.44440652  68.60979227  027.44506983 22
112  68.60991716  027.44646719  68.60997160  027.44712635
111  68.60991716  027.44646719
112  68.60991716  027.44646719  68.61000676  027.44745285 22
112  68.61009157  027.44867786  68.61014248  027.44943049
111  68.61009157  027.44867786
112  68.61009157  027.44867786  68.61017216  027.44983737 22
115  68.61025232  027.45135593
120 Linear Feature 3
111  68.60811518  027.42425584 20
112  68.60812118  027.42432287  68.60812265  027.42434678 20
112  68.60812380  027.42439369  68.60812359  027.42441126 20
111  68.60806574  027.42863231 20
112  68.60805007  027.43037902  68.60804623  027.43119482
111  68.60805007  027.43037902
112  68.60805007  027.43037902  68.60804777  027.43086707 20
112  68.60805463  027.43149484  68.60805917  027.43167481
111  68.60805463  027.43149484
112  68.60805463  027.43149484  68.60806038  027.43172272 20
112  68.60809070  027.43277905  68.60811162  027.43332199
111  68.60809070  027.43277905
112  68.60809070  027.43277905  68.60811392  027.43338167 20
112  68.60818485  027.43438078  68.60821959  027.43473939
111  68.60818485  027.43438078
112  68.60818485  027.43438078  68.60820904  027.43463052 20
112  68.60833172  027.43575698  68.60840215  027.43634285
111  68.60833172  027.43575698
112  68.60833172  027.43575698  68.60845354  027.43677037 20
112  68.60866638  027.43825941  68.60871853  027.43856409
111  68.60866638  027.43825941
112  68.60866638  027.43825941  68.60874868  027.43874023 20
112  68.60931596  027.44192195  68.60940727  027.44246314
111  68.60931596  027.44192195
112  68.60931596  027.44192195  68.60937490  027.44225176 20
112  68.60960681  027.44386634  68.60971042  027.44465205
111  68.60960681  027.44386634
112  68.60960681  027.44386634  68.60967554  027.44438755 20
112  68.60976324  027.44519526  68.60979332  027.44550208
111  68.60976324  027.44519526
112  68.60976324  027.44519526  68.60983866  027.44596461 20
112  68.61003482  027.44842139  68.61010632  027.44945337 20
115  68.61021800  027.45138393
120 Linear Feature 18
111  68.60854528  027.42335240 20
111  68.60830497  027.42370045 20
111  68.60829021  027.42362598 20
113  68.60853170  027.42328279 20
120 Linear Feature 17
111  68.60847780  027.42264261 20
111  68.60847166  027.42301947 20
111  68.60850021  027.42302110 20
113  68.60850466  027.42264652 20
120 Linear Feature 17
111  68.60842466  027.42248721 20
111  68.60841261  027.42318459 20
111  68.60844352  027.42318622 20
113  68.60845388  027.42249111 20
120 Linear Feature 17
111  68.60836868  027.42239590 20
111  68.60835664  027.42309328 20
111  68.60838613  027.42309492 20
113  68.60839649  027.42239981 20
120 Linear Feature 17
111  68.60831625  027.42225410 20
111  68.60829924  027.42331474 20
111  68.60833157  027.42331637 20
113  68.60834689  027.42225800 20
120 Linear Feature 17
111  68.60826499  027.42210571 20
111  68.60824657  027.42316829 20
111  68.60827562  027.42317217 20
113  68.60829235  027.42211186 20
120 Linear Feature 15
111  68.60737011  027.41966547 20
112  68.60739744  027.41960758  68.60740836  027.41958651 20
112  68.60741190  027.41966631  68.60740231  027.41968082
111  68.60741190  027.41966631
112  68.60741190  027.41966631  68.60739894  027.41968763 20
112  68.60736375  027.41974453  68.60735614  027.41975618
111  68.60736375  027.41974453
112  68.60736375  027.41974453  68.60735369  027.41975992 20
112  68.60731175  027.41974082  68.60729965  027.41973424 20
115  68.60725886  027.41968990
120 Linear Feature 16
111  68.60747298  027.41958360 22
112  68.60744634  027.41961485  68.60743907  027.41962464 22
115  68.60741861  027.41965513
120 Linear Feature 14
111  68.60760537  027.41976564 20
112  68.60754642  027.41959866  68.60752674  027.41954582
111  68.60754642  027.41959866
112  68.60754642  027.41959866  68.60753043  027.41955572 20
112  68.60748041  027.41957807  68.60746175  027.41959011
111  68.60748041  027.41957807
112  68.60748041  027.41957807  68.60746956  027.41958582 20
112  68.60746555  027.41952090  68.60748079  027.41948278 20
115  68.60749967  027.41943519
120 Linear Feature 13
111  68.60813452  027.42261430 20
112  68.60815673  027.42200600  68.60815625  027.42193237 20
112  68.60814729  027.42163541  68.60813902  027.42153847
111  68.60814729  027.42163541
112  68.60814729  027.42163541  68.60813925  027.42151245 20
112  68.60805513  027.42120539  68.60799473  027.42103296
111  68.60805513  027.42120539
112  68.60805513  027.42120539  68.60800659  027.42107070 20
111  68.60762962  027.41996371 20
112  68.60758574  027.41986231  68.60756224  027.41981487 20
115  68.60754994  027.41978588
120 Linear Feature 12
111  68.60719187  027.42055535 24
112  68.60718687  027.42077396  68.60718622  027.42088329 24
112  68.60722485  027.42117495  68.60724540  027.42127014 24
115  68.60731352  027.42151006
120 Linear Feature 11
112  68.60755049  027.41978668  68.60756672  027.41982311
111  68.60755049  027.41978668
112  68.60755049  027.41978668  68.60754360  027.41980557 20
111  68.60752181  027.41985977 20
111  68.60749346  027.41977559 20
111  68.60719133  027.42055854 20
112  68.60719969  027.42046311  68.60720796  027.42041455 20
112  68.60732500  027.42004351  68.60742083  027.41980774
111  68.60732500  027.42004351
112  68.60732500  027.42004351  68.60740235  027.41986023 20
114  68.60746327  027.41977417  68.60749397  027.41975150 20
120 Linear Feature 9
111  68.60754759  027.42218239 20
111  68.60775226  027.42280067 20
112  68.60774748  027.42282409  68.60774509  027.42283159 20
112  68.60773381  027.42286250  68.60773142  027.42286812 20
112  68.60769213  027.42284751  68.60767504  027.42278568 20
113  68.60751991  027.42224609 20
120 Linear Feature 8
111  68.60750432  027.42205412 20
111  68.60740451  027.42177270 20
111  68.60730756  027.42149120 20
113  68.60747978  027.42210560 20
120 Linear Feature 21
111  68.60742345  027.42223784 20
111  68.60744559  027.42220412 20
112  68.60719102  027.42134223  68.60713024  027.42112524
111  68.60719102  027.42134223
112  68.60719102  027.42134223  68.60716256  027.42124243 20
112  68.60713263  027.42101563  68.60712110  027.42088846
111  68.60713263  027.42101563
112  68.60713263  027.42101563  68.60711894  027.42086459 20
112  68.60712170  027.42058589  68.60712611  027.42048547
111  68.60712170  027.42058589
112  68.60712170  027.42058589  68.60713394  027.42038474 20
112  68.60722101  027.42006183  68.60723631  027.41998631 20
116  68.60718087  027.41983438  68.60715434  027.41982879
120 Linear Feature 20
112  68.60773568  027.42336744  68.60774808  027.42335449 20
112  68.60774395  027.42326384  68.60773391  027.42322984 20
111  68.60747643  027.42231090 20
115  68.60744879  027.42234587
120 Linear Feature 19
111  68.60811506  027.42425651 20
112  68.60809344  027.42414364  68.60807845  027.42411948 20
112  68.60799956  027.42404169  68.60797052  027.42401396 20
112  68.60789574  027.42380865  68.60787533  027.42373872 20
112  68.60782061  027.42351642  68.60781312  027.42348085 20
115  68.60777518  027.42351729
120 Linear Feature 1
111  68.60817292  027.42115511 20
115  68.60868512  027.42265725
120 Linear Feature 10
111  68.60809246  027.42107816 20
111  68.60807067  027.42113201 20
111  68.60825850  027.42166967 20
115  68.60827722  027.42162002
120 Linear Feature 11
111  68.60835558  027.42184871 20
111  68.60833624  027.42189751 20
111  68.60852189  027.42244061 20
115  68.60854021  027.42239030
120 Linear Feature 9
111  68.60769993  027.41992610 20
111  68.60767974  027.41997801 20
111  68.60799562  027.42090216 20
115  68.60801511  027.42085127
120 Linear Feature 8
111  68.60769944  027.41992473 20
115  68.60865658  027.42273129
120 Linear Feature 5
111  68.60760526  027.41976544 20
112  68.60762983  027.41983321  68.60764002  027.41985997 20
112  68.60767971  027.41969448  68.60766978  027.41966646 20
115  68.60765693  027.41963040
120 Linear Feature 12
111  68.60810539  027.42398860 22
112  68.60802580  027.42395162  68.60798937  027.42389614 22
112  68.60792867  027.42374450  68.60790303  027.42364834 22
111  68.60778934  027.42322087 22
112  68.60777757  027.42307877  68.60778297  027.42299740 22
115  68.60780860  027.42293453
120 Linear Feature 10
111  68.60816271  027.42554750 20
111  68.60814422  027.42687151 20
111  68.60810544  027.42974819 20
112  68.60809806  027.43062448  68.60809671  027.43108680 20
112  68.60812063  027.43225809  68.60813682  027.43279437 20
112  68.60827263  027.43480136  68.60838444  027.43582365
111  68.60827263  027.43480136
112  68.60827263  027.43480136  68.60830384  027.43510916 20
112  68.60847466  027.43654537  68.60856120  027.43720221
111  68.60847466  027.43654537
112  68.60847466  027.43654537  68.60858204  027.43736035 20
112  68.60872569  027.43826622  68.60874442  027.43837685
111  68.60872569  027.43826622
112  68.60872569  027.43826622  68.60875952  027.43846600 20
112  68.60897519  027.43966704  68.60911445  027.44044412
111  68.60897519  027.43966704
112  68.60897519  027.43966704  68.60910551  027.44039424 20
112  68.60937021  027.44187384  68.60947894  027.44249224
111  68.60937021  027.44187384
112  68.60937021  027.44187384  68.60945696  027.44236726 20
112  68.60964649  027.44363743  68.60973464  027.44428491
111  68.60964649  027.44363743
112  68.60964649  027.44363743  68.60978687  027.44466860 20
112  68.60997840  027.44670723  68.61005016  027.44762988
111  68.60997840  027.44670723
112  68.60997840  027.44670723  68.61001341  027.44715743 20
112  68.61010885  027.44839853  68.61015017  027.44901400
111  68.61010885  027.44839853
112  68.61010885  027.44839853  68.61016362  027.44921434 20
112  68.61025031  027.45062649  68.61028333  027.45119971
111  68.61025031  027.45062649
112  68.61025031  027.45062649  68.61027549  027.45106362 20
115  68.61028714  027.45134622
120 Linear Feature 9
111  68.60816876  027.42507686 22
115  68.60816266  027.42554738
120 Linear Feature 8
111  68.60875847  027.42360480 22
115  68.60886555  027.42369624
120 Linear Feature 7
111  68.60886556  027.42369622 20
112  68.60894073  027.42375265  68.60895579  027.42376091 20
112  68.60899011  027.42376813  68.60901402  027.42376366 20
112  68.60903652  027.42375881  68.60906131  027.42375279 20
112  68.60958503  027.42357908  68.60960189  027.42357138 20
112  68.60962462  027.42350155  68.60963773  027.42343990
111  68.60962462  027.42350155
112  68.60962462  027.42350155  68.60963045  027.42347411 20
112  68.60965692  027.42333947  68.60966903  027.42327151
111  68.60965692  027.42333947
112  68.60965692  027.42333947  68.60967202  027.42325473 20
115  68.60968464  027.42316922
120 Linear Feature 6
111  68.60890331  027.42303198 20
112  68.60881214  027.42308277  68.60880073  027.42310286
111  68.60881214  027.42308277
112  68.60881214  027.42308277  68.60878582  027.42312723 20
112  68.60877467  027.42331499  68.60877341  027.42337016 20
112  68.60880033  027.42347257  68.60882834  027.42349487 20
112  68.60902925  027.42361873  68.60909609  027.42360707 20
112  68.60916795  027.42357388  68.60921836  027.42355490 20
112  68.60957853  027.42339205  68.60958835  027.42334861
111  68.60957853  027.42339205
112  68.60957853  027.42339205  68.60959118  027.42333308 20
115  68.60960362  027.42317890
120 Linear Feature 5
111  68.60875848  027.42360482 20
112  68.60873029  027.42358847  68.60871999  027.42358402 20
112  68.60868211  027.42362569  68.60865554  027.42367177 20
112  68.60855029  027.42390657  68.60853432  027.42394820 20
112  68.60848063  027.42403216  68.60844757  027.42407735 20
112  68.60841085  027.42409241  68.60838871  027.42409489 20
112  68.60826057  027.42411176  68.60823257  027.42412112 20
112  68.60819582  027.42423772  68.60818979  027.42427591 20
112  68.60817915  027.42441518  68.60817840  027.42443479 20
115  68.60816879  027.42507694
120 Linear Feature 4
111  68.60868537  027.42285407 20
111  68.60854323  027.42337271 20
112  68.60833294  027.42368757  68.60824965  027.42381607
111  68.60833294  027.42368757
112  68.60833294  027.42368757  68.60830073  027.42373725 20
112  68.60826411  027.42379308  68.60825549  027.42380941
111  68.60826411  027.42379308
112  68.60826411  027.42379308  68.60823321  027.42385163 20
112  68.60824818  027.42387737  68.60825266  027.42388606 20
112  68.60827821  027.42388709  68.60829317  027.42388709 20
112  68.60840124  027.42387819  68.60843833  027.42387462 20
112  68.60855782  027.42357172  68.60863264  027.42334288 20
114  68.60868815  027.42301235  68.60868980  027.42284290 20
120 Ramp 1
111  68.60941112  027.41920141 10
112  68.60937437  027.41930076  68.60935973  027.41933347 10
112  68.60929521  027.41943900  68.60927190  027.41945387 10
111  68.60898890  027.41963522 10
115  68.60899974  027.41983589
120 Ramp 2
111  68.60898467  027.41788341 10
111  68.60853088  027.41811975 10
115  68.60854227  027.41827285
120 Ramp 2
111  68.60945275  027.41719338 10
112  68.60931877  027.41753725  68.60927496  027.41764338 10
112  68.60911030  027.41781321  68.60901752  027.41787159
111  68.60911030  027.41781321
112  68.60911030  027.41781321  68.60909710  027.41782152 10
115  68.60904931  027.41784855
120 Ramp 3A
111  68.60877521  027.41652768 10
111  68.60807825  027.41697409 10
115  68.60809285  027.41715922
120 Ramp 3B
111  68.60828819  027.41510400 10
111  68.60822451  027.41723251 10
115  68.60829903  027.41725753
120 Ramp 4
111  68.60795546  027.41465072 10
115  68.60805092  027.41440952
120 Ramp 4
112  68.60790635  027.41477211  68.60787266  027.41486446 10
112  68.60787932  027.41513431  68.60787552  027.41534589
111  68.60787932  027.41513431
112  68.60787932  027.41513431  68.60787476  027.41538865 10
111  68.60789103  027.41648348 10
115  68.60796033  027.41647058
120 Ramp 5
111  68.60723819  027.41486829 10
115  68.60732582  027.41520245
120 Ramp 5
111  68.60736404  027.41534852 10
111  68.60769463  027.41659701 10
115  68.60775043  027.41648744
120 Ramp 6
111  68.60693410  027.41563964 10
115  68.60703136  027.41594189
120 Ramp 6
111  68.60707643  027.41607621 10
111  68.60744228  027.41719883 10
115  68.60749244  027.41707512
120 Ramp 7
111  68.60662016  027.41643759 10
115  68.60672126  027.41673888
120 Ramp 7
111  68.60676519  027.41686899 10
111  68.60713999  027.41798349 10
115  68.60719595  027.41784270
120 Ramp 8
111  68.60646215  027.41764047 10
111  68.60684028  027.41875281 10
115  68.60689279  027.41862226
120 Taxiline B
112  68.60947591  027.41712265  68.60931650  027.41761801 10
116  68.60903698  027.41729240  68.60894819  027.41703777
120 Taxiline B
112  68.61010555  027.41536303  68.61031726  027.41488264 10
112  68.61069303  027.41535368  68.61077698  027.41556885 10
115  68.61107337  027.41647172
120 Taxiline B - Ramp 1
111  68.60980122  027.41274314 10
112  68.61015293  027.41375152  68.61030321  027.41423233 10
112  68.61012154  027.41532114  68.61000790  027.41561599 10
112  68.60994314  027.41579447  68.60990482  027.41588955 10
112  68.60947575  027.41712331  68.60936042  027.41744648 10
112  68.60942985  027.41808302  68.60943999  027.41825676 10
112  68.60946582  027.41874449  68.60947744  027.41919623
111  68.60946582  027.41874449
112  68.60946582  027.41874449  68.60946872  027.41885714 10
116  68.60944687  027.41904938  68.60943255  027.41913533
120 Taxiline C
112  68.61140162  027.41864217  68.61152203  027.41836068 10
112  68.61144456  027.41757398  68.61137612  027.41735852 10
115  68.61107325  027.41647136
120 Taxiline C
111  68.61080332  027.42002235 10
112  68.61142019  027.41860117  68.61157168  027.41826589 10
112  68.61180407  027.41863618  68.61186065  027.41879131 10
115  68.61220480  027.41978851
120 Taxiline D
111  68.60631677  027.41720986 10
112  68.60753836  027.41410633  68.60763403  027.41386700 10
116  68.60792159  027.41403256  68.60797836  027.41418817
120 Taxiline D
112  68.60753805  027.41410690  68.60759276  027.41396758 10
116  68.60761551  027.41313283  68.60755319  027.41294462
120 Taxiline E
112  68.60615885  027.41604064  68.60616853  027.41659076 10
116  68.60655851  027.41659489  68.60671364  027.41619047
120 Taxiline E
112  68.60632862  027.40399118  68.60633390  027.40322970 10
112  68.60621658  027.40218926  68.60606254  027.40172799 10
115  68.60584706  027.40111644
120 Taxiline E - Ramp 8
111  68.60641738  027.41750922 10
112  68.60629482  027.41714846  68.60629353  027.41714455
111  68.60629482  027.41714846
112  68.60629482  027.41714846  68.60621388  027.41690259 10
112  68.60615580  027.41632830  68.60615699  027.41593573
111  68.60615580  027.41632830
112  68.60615580  027.41632830  68.60615706  027.41591136 10
112  68.60632862  027.40399113  68.60633926  027.40325316 10
112  68.60668589  027.40357051  68.60676802  027.40380816 10
115  68.60707575  027.40471537
120 Taxiline T
112  68.60662685  027.41016424  68.60650539  027.40980473 10
116  68.60623388  027.41061513  68.60623008  027.41111197
120 Taxiline T
111  68.60945881  027.41852589 10
111  68.60763472  027.41319380 10
111  68.60723218  027.41194181 10
111  68.60659000  027.41005759 10
112  68.60639688  027.40944729  68.60633337  027.40923116 10
116  68.60626495  027.40843715  68.60626276  027.40800489
120 Hold T1
111  68.60825321  027.41460096 2
115  68.60811277  027.41496870
120 Hold T2
111  68.60730287  027.41175581 2
115  68.60717243  027.41209580
120 Hold E1
111  68.60636135  027.41405592 2
115  68.60603021  027.41402710
120 Hold C RWY
111  68.61098205  027.41941727 4
115  68.61104573  027.41961582
120 Hold B RWY
111  68.60975683  027.41581779 12
115  68.60994641  027.41633477
120 Hold E RWY
111  68.60613125  027.40608808 12
115  68.60649232  027.40612343
21  68.60173975  027.38687775 2 47.0300 3.00 04  PAPI-4L
21  68.61249441  027.42267970 2 227.0000 3.00 22  PAPI-4L
20  68.60720181  027.40659832 227.1900 0 3 {@Y,^l}E
20  68.60553788  027.40165336 48.1700 0 3 {@Y}E{^r}
20  68.60942122  027.41297161 48.1700 0 3 {@Y}B{^r}
20  68.61098742  027.41751724 227.0200 0 3 {@Y,^l}B
20  68.60936383  027.41661718 138.9500 0 2 {@Y,^l}1|T{^r,@L}B
20  68.60664468  027.41093963 219.2200 0 3 {@Y,^ld}E{^ru,@L}T
20  68.60673397  027.41561264 143.3800 0 3 {@L}D{@Y}E{^rd,@@,@L}D
20  68.60730219  027.41418806 311.1400 0 3 {@L}D{@Y,^l}T{^r,@@,@L}D
20  68.60764493  027.41245185 47.4800 0 3 {@L}T{@Y,^r}D
20  68.60592390  027.41402884 260.4300 0 3 {@Y,^u}E{@L}E1
20  68.60647582  027.41406666 281.9900 0 3 {@Y,^u}E{@L}E1
20  68.60646719  027.41471914 87.3400 0 3 {@L}E{@Y,^ld}D|{^lu}8{@@,@L}E
20  68.60657019  027.40771936 85.8800 0 3 {@L}E{@Y,^lu}T{@@,@L}E
20  68.60686180  027.41013600 233.6400 0 3 {@Y,^ld}E{^ru,@L}T
20  68.60712168  027.41224017 226.7300 0 3 {@L}T2{@Y}T{^u,@@,@L}T
20  68.60831429  027.41447350 242.1500 0 3 {@Y,^u}T|{^l}D{@L}T1{@@}T
20  68.60735349  027.41161038 226.7300 0 3 {@Y}T{^u,@L}T2{@@}T
20  68.60599637  027.40605684 253.4800 0 3 {@L}E{@R}04-22{@@,@L}E
20  68.60662721  027.40605003 290.5600 0 3 {@R}04-22{@L}E{@@}E
20  68.61093541  027.41927337 306.4300 0 2 {@L}C{@R}02-22{@@,@Y}GA{@L}C
20  68.61111308  027.41979882 332.6500 0 2 {@R}02-22{@L}C{@@}C{@Y}GA
20  68.60968433  027.41559833 300.9000 0 3 {@L}B{@R}04-22{@@,@L}B
20  68.60999475  027.41652878 337.2500 0 3 {@R}04-22{@L}B{@@}B
14  68.60781803  027.41816681  98.43 0 Tower Viewpoint
1300  68.60898343  027.41961254 169.40 tie_down jets|turboprops|props 1
1301 D none fin ibk nax sas ezy swr tap tcx tvf blx tfl thy svr vlg ibe ice klm dlh lot jal ctn aee afl aca cca afr bti aza aal aua baw cpa fdb mas
1300  68.60853277  027.41812619 168.39 tie_down heavy|jets|turboprops|props 2
1301 E none fin ibk nax sas ezy swr tap tcx tvf blx tfl thy svr vlg ibe ice klm dlh lot jal ctn aee afl aca cca afr bti aza aal aua baw cpa fdb mas
1300  68.60808311  027.41697514 168.66 tie_down jets|turboprops|props 3A
1301 D none fin ibk nax sas ezy swr tap tcx tvf blx tfl thy svr vlg ibe ice klm dlh lot jal ctn aee afl aca cca afr bti aza aal aua baw cpa fdb mas
1300  68.60789129  027.41648058  88.24 tie_down jets|turboprops|props 4
1301 C none 
1300  68.60769399  027.41659300  48.48 tie_down jets|turboprops|props 5
1301 C none fin ibk nax sas ezy swr tap tcx tvf blx tfl thy svr vlg ibe ice klm dlh lot jal ctn aee afl aca cca afr bti aza aal aua baw cpa fdb mas
1300  68.60743813  027.41719216  48.41 tie_down jets|turboprops|props 6
1301 C none fin ibk nax sas ezy
1300  68.60714247  027.41797867  46.60 tie_down jets|turboprops|props 7
1301 C none fin ibk nax sas ezy
1300  68.60684024  027.41875317  47.17 tie_down jets|turboprops|props 8
1301 D none fin ibk nax sas ezy swr tap tcx tvf blx tfl thy svr vlg ibe ice klm dlh lot jal ctn aee afl aca cca afr bti aza aal aua baw cpa fdb mas
1300  68.61063732  027.42079485 227.12 tie_down turboprops|props GA1
1301 A general_aviation 
1300  68.61053383  027.42105588 227.12 tie_down turboprops|props GA2
1301 A general_aviation 
18  68.60892624  027.41460655 1 BCN
19  68.61333772  027.42086008 1 Windsock
19  68.60207994  027.38645855 1 Windsock
19  68.60780985  027.41182334 1 Windsock
50 12320 ATIS
54 11970 TWR
1200 
1201  68.60703902  027.41889684 both 0 N_stop
1201  68.60775454  027.41699701 both 1 N_stop
1201  68.60832809  027.41841297 both 2 N_stop
1201  68.60881313  027.41989697 both 3 N_stop
1201  68.60904044  027.42083266 both 4 N_stop
1201  68.60950360  027.42055779 both 5 N_start
1201  68.61147344  027.41846419 both 6 N_stop
1201  68.61074535  027.42015445 both 7 N_stop
1201  68.61101697  027.41952427 both 8 N_start
1201  68.61023842  027.41505103 both 9 N_stop
1201  68.60633509  027.40358540 both 10 N_stop
1201  68.60938711  027.41737716 both 11 N_stop
1201  68.60919491  027.41773516 both 12 N_stop
1201  68.60984877  027.41606812 both 13 N_start
1201  68.60760179  027.41396551 both 14 N_stop
1201  68.60650497  027.41673005 both 15 N_stop
1201  68.60615804  027.41641871 both 16 N_stop
1201  68.60629922  027.40610648 both 17 N_start
1201  68.60623734  027.41042827 both 18 N_stop
1201  68.60626329  027.40861911 both 19 N_stop
1201  68.60649229  027.40981734 both 20 N_stop
1201  68.60761522  027.41317756 both 21 N_stop
1201  68.60904178  027.41727995 both 22 N_stop
1201  68.60793092  027.41404583 both 23 N_stop
1201  68.60945840  027.41851840 both 24 N_start
1201  68.61482449  027.42745229 both 25 N_stop
1201  68.59968289  027.38295169 both 26 N_start
1201  68.60620147  027.40209791 both 27 N_start
1201  68.60669682  027.40358443 both 28 N_start
1201  68.61013902  027.41367136 both 29 N_start
1201  68.61072002  027.41539613 both 30 N_start
1201  68.61143484  027.41751883 both 31 N_start
1201  68.61181384  027.41864296 both 32 N_start
1202 11 12 twoway taxiway_E B
1202 6 31 twoway taxiway_B C
1204 departure 04,22
1204 arrival 04,22
1202 6 32 twoway taxiway_B C
1204 departure 04,22
1204 arrival 04,22
1202 8 6 twoway taxiway_B C
1204 departure 04,22
1204 arrival 04,22
1202 8 7 twoway taxiway_B C
1202 9 29 twoway taxiway_E B
1204 departure 04,22
1204 arrival 04,22
1202 9 30 twoway taxiway_E B
1204 departure 04,22
1204 arrival 04,22
1202 13 9 twoway taxiway_E B
1204 departure 04,22
1204 arrival 04,22
1202 10 28 twoway taxiway_D E
1204 departure 04,22
1204 arrival 04,22
1202 10 27 twoway taxiway_D E
1204 departure 04,22
1204 arrival 04,22
1202 17 10 twoway taxiway_D E
1204 departure 04,22
1204 arrival 04,22
1202 11 22 twoway taxiway_D B
1202 13 11 twoway taxiway_E B
1202 14 21 twoway taxiway_D D
1202 14 23 twoway taxiway_D D
1202 15 14 twoway taxiway_D D
1202 16 15 twoway taxiway_D D
1202 18 16 twoway taxiway_D E
1202 19 18 twoway taxiway_D E
1202 17 19 twoway taxiway_E E
1202 20 18 twoway taxiway_D T
1202 20 19 twoway taxiway_D T
1202 21 20 twoway taxiway_D T
1202 23 21 twoway taxiway_D T
1202 22 23 twoway taxiway_D T
1202 24 12 twoway taxiway_E T
1202 12 22 twoway taxiway_E T
1202 26 27 twoway runway 04/22
1204 departure 04,22
1204 arrival 04,22
1204 ils 04,22
1202 27 28 twoway runway 04/22
1204 departure 04,22
1204 arrival 04,22
1204 ils 04,22
1202 28 29 twoway runway 04/22
1204 departure 04,22
1204 arrival 04,22
1204 ils 04,22
1202 29 30 twoway runway 04/22
1204 departure 04,22
1204 arrival 04,22
1204 ils 04,22
1202 30 31 twoway runway 04/22
1204 departure 04,22
1204 arrival 04,22
1204 ils 04,22
1202 31 32 twoway runway 04/22
1204 departure 04,22
1204 arrival 04,22
1204 ils 04,22
1202 32 25 twoway runway 04/22
1204 departure 04,22
1204 arrival 04,22
1204 ils 04,22
1206 1 0 twoway  None
1206 2 1 twoway  None
1206 3 2 twoway  None
1206 4 3 twoway  None
1206 5 4 twoway  None
1400  68.60877410  27.42086419  303.85 baggage_loader 0 New Service Truck 33
1400  68.60880438  27.42059216 -43.28 baggage_train 3 New Service Truck 32
1400  68.60960891  27.42075182 -132.26 food 0 New Service Truck 21
1400  68.60907275  27.42143701 -102.01 fuel_jets 0 New Service Truck 20
1401  68.60700868  27.41903878  203.20 baggage_loader|baggage_train|fuel_jets|food New Service Truck Destination 30
99
