I
1050 Generated by WorldEditor

1    504 0 0 EFJM J채mij채rvi
1302 city J채mij채rvi
1302 country Finland
1302 datum_lat 61.778611111
1302 datum_lon 22.716111111
1302 faa_code 
1302 iata_code 
1302 icao_code EFJM
1302 region_code EF
1302 state Western Finland
1302 transition_alt 
1302 transition_level 
1302 flatten 1
100 14.94 1 0 0.65 0 0 0 15  61.77776772  022.71450795    0    0 1 0 0 0 33  61.77106081  022.72161537    0    0 1 0 0 0
100 18.00 1 0 0.35 0 0 0 09  61.78157746  022.70192547    0    0 1 0 0 0 27  61.78099450  022.71834859    0    0 1 0 0 0
110 1 0.00 0.0000 Apron
111  61.78117139  022.71727466
111  61.78091119  022.71722425
111  61.78089640  022.71745696
111  61.78048214  022.71738724
112  61.78035937  022.71708011  61.78032784  022.71707694
111  61.78035937  022.71708011
111  61.78025383  022.71706902
112  61.78025383  022.71706902  61.78023585  022.71706702
112  61.78018887  022.71677897  61.78016489  022.71669233
111  61.77999914  022.71614853
112  61.77999914  022.71614853  61.77998481  022.71608791
112  61.77999302  022.71589901  61.77997732  022.71582972
111  61.77999302  022.71589901
111  61.77993954  022.71567740
111  61.77983311  022.71579227
112  61.78015276  022.71690521  61.78015726  022.71696713
112  61.78014845  022.71705845  61.78013719  022.71708068
111  61.78010504  022.71707246
111  61.78006762  022.71774315
111  61.78027226  022.71778452
111  61.78046993  022.71766192
111  61.78089881  022.71771778
111  61.78089790  022.71778452
113  61.78115063  022.71781174
110 3 0.60 153.0000 Grass strip
111  61.77770198  022.71349721
111  61.77551341  022.71585113
111  61.77564278  022.71638055
113  61.77783646  022.71403915
110 1 0.50 65.0000 Asphalt
111  61.77566512  022.71233450
111  61.77587572  022.71320152
111  61.77606479  022.71300122
111  61.77631663  022.71412237
111  61.77623088  022.71421717
111  61.77633135  022.71464878
111  61.77648485  022.71447806
111  61.77651716  022.71461695
111  61.77656234  022.71456990
111  61.77642889  022.71398206
111  61.77632196  022.71389486
111  61.77611176  022.71294895
111  61.77626639  022.71278583
113  61.77606226  022.71194091
110 1 0.00 92.0000 Asphalt strip
111  61.78058074  022.72029798
111  61.78049977  022.72319825
111  61.78062375  022.72320895
113  61.78071232  022.72031404
110 5 0.00 0.0000 Rally circuit
112  61.77203960  022.72038966  61.77199794  022.72017924
112  61.77177462  022.72023007  61.77162649  022.72035730
111  61.77177462  022.72023007
112  61.77177462  022.72023007  61.77154779  022.72043560
112  61.77119852  022.72002817  61.77108741  022.71997434
111  61.77119852  022.72002817
112  61.77119852  022.72002817  61.77104473  022.71995429
112  61.77067786  022.72042546  61.77049131  022.72056584
112  61.77034017  022.72023774  61.77030887  022.72016054
112  61.77007299  022.72022356  61.76996343  022.72042208
112  61.76991920  022.72146923  61.76986702  022.72194349
112  61.76985718  022.72295588  61.76996848  022.72326102
112  61.77009868  022.72310927  61.77013604  022.72306977
111  61.77032049  022.72281835
112  61.77032049  022.72281835  61.77044266  022.72267555
112  61.77058873  022.72299377  61.77062466  022.72318215
112  61.77086316  022.72428851  61.77096434  022.72473637
112  61.77117387  022.72403878  61.77120391  022.72369786
112  61.77120160  022.72303347  61.77118459  022.72269215
111  61.77120160  022.72303347
111  61.77117635  022.72257068
112  61.77117635  022.72257068  61.77116999  022.72248720
112  61.77114306  022.72192719  61.77114248  022.72187205
111  61.77114306  022.72192719
112  61.77114306  022.72192719  61.77114075  022.72170661
112  61.77131321  022.72148654  61.77142367  022.72136852
111  61.77131321  022.72148654
111  61.77188553  022.72089440
114  61.77188553  022.72089440  61.77194247  022.72083422
112  61.77189496  022.72040474  61.77195409  022.72050768
112  61.77186723  022.72062618  61.77182724  022.72067398
111  61.77186723  022.72062618
111  61.77111706  022.72141068
112  61.77111706  022.72141068  61.77100675  022.72152623
111  61.77101266  022.72201057
112  61.77108780  022.72329648  61.77108990  022.72363013
112  61.77100477  022.72416317  61.77093322  022.72417652
112  61.77079437  022.72343326  61.77070599  022.72297950
112  61.77051853  022.72251007  61.77043436  022.72243890
111  61.77051853  022.72251007
112  61.77051853  022.72251007  61.77047644  022.72247448
112  61.77043016  022.72249576  61.77040509  022.72250675
112  61.77024188  022.72269822  61.77017902  022.72277733
111  61.77024188  022.72269822
112  61.77024188  022.72269822  61.77015055  022.72281171
112  61.76996607  022.72286978  61.76987847  022.72271141
112  61.77002345  022.72144369  61.77006419  022.72094310
112  61.77017089  022.72037128  61.77031053  022.72028231
112  61.77055534  022.72068548  61.77072559  022.72065313
112  61.77111860  022.72021587  61.77122642  022.72016807
114  61.77161741  022.72051184  61.77178766  022.72051919
110 1 0.50 65.0000 Asphalt
111  61.77836959  022.71820352
112  61.77836959  022.71820352  61.77838552  022.71775898
112  61.77856071  022.71743568  61.77869131  022.71728750
111  61.77856071  022.71743568
111  61.77869450  022.71728750
112  61.77869450  022.71728750  61.77879324  022.71716626
112  61.77874546  022.71664762  61.77868494  022.71642535
111  61.77874546  022.71664762
111  61.77858620  022.71604143
112  61.77858620  022.71604143  61.77851586  022.71575812
112  61.77880280  022.71565750  61.77885527  022.71562681
112  61.77900137  022.71581541  61.77901700  022.71594762
111  61.77900137  022.71581541
111  61.77915637  022.71711945
111  61.77930765  022.71704502
112  61.77930765  022.71704502  61.77933557  022.71703557
112  61.77937409  022.71664943  61.77935399  022.71642750
112  61.77935661  022.71598164  61.77942299  022.71589392
111  61.77948420  022.71606780
111  61.77946768  022.71581280
112  61.77946768  022.71581280  61.77938471  022.71587796
112  61.77923350  022.71568531  61.77912446  022.71561828
112  61.77885793  022.71553196  61.77878871  022.71544697
112  61.77852958  022.71509487  61.77845406  022.71516331
111  61.77852958  022.71509487
111  61.77821917  022.71544173
112  61.77821917  022.71544173  61.77814339  022.71552029
112  61.77813388  022.71580569  61.77813834  022.71595337
112  61.77801326  022.71605985  61.77793599  022.71615726
111  61.77801326  022.71605985
111  61.77769218  022.71642580
112  61.77769218  022.71642580  61.77763126  022.71648865
112  61.77755097  022.71707196  61.77760000  022.71726992
111  61.77755097  022.71707196
111  61.77774421  022.71785192
111  61.77824496  022.71729630
111  61.77832970  022.71768256
113  61.77829952  022.71819005
111  61.77797683  022.71630917
112  61.77797683  022.71630917  61.77800594  022.71627455
112  61.77801686  022.71647074  61.77798775  022.71649767
111  61.77801686  022.71647074
111  61.77776398  022.71672849
112  61.77776398  022.71672849  61.77773669  022.71675542
112  61.77772760  022.71657461  61.77775489  022.71654383
113  61.77772760  022.71657461
111  61.77869857  022.71694661
112  61.77869857  022.71694661  61.77873165  022.71707951
112  61.77856524  022.71731169  61.77844120  022.71745508
111  61.77856524  022.71731169
112  61.77856524  022.71731169  61.77851232  022.71736764
112  61.77851232  022.71715431  61.77855201  022.71710535
111  61.77851232  022.71715431
113  61.77860562  022.71704778
112  61.77851589  022.71591991  61.77852043  022.71616118
111  61.77851589  022.71591991
112  61.77851589  022.71591991  61.77852642  022.71601529
111  61.77844359  022.71591513
111  61.77834612  022.71601946
112  61.77827237  022.71592667  61.77823177  022.71577088
111  61.77827237  022.71592667
111  61.77842267  022.71575295
111  61.77849248  022.71567398
111  61.77841951  022.71538399
112  61.77841951  022.71538399  61.77839996  022.71530132
112  61.77847925  022.71532312  61.77849429  022.71539625
111  61.77847925  022.71532312
111  61.77854668  022.71560576
111  61.77861763  022.71553030
111  61.77854419  022.71522190
112  61.77854419  022.71522190  61.77856524  022.71519964
112  61.77861405  022.71526708  61.77864562  022.71531476
112  61.77879423  022.71556715  61.77881377  022.71561802
111  61.77879423  022.71556715
114  61.77879423  022.71556715  61.77872657  022.71556715
112  61.77813475  022.71627463  61.77816683  022.71624270
112  61.77819514  022.71634778  61.77819891  022.71640897
114  61.77813475  022.71643690  61.77810582  022.71641296
110 5 0.65 94.0000 Gravel
111  61.77774421  022.71785192
112  61.77778053  022.71846572  61.77777693  022.71873567
111  61.77775186  022.71932786
112  61.77775186  022.71932786  61.77774467  022.71955218
112  61.77784326  022.71958674  61.77790799  022.71960575
112  61.77803217  022.71976567  61.77803217  022.71992916
111  61.77803217  022.71976567
111  61.77802898  022.71992178
112  61.77802898  022.71992178  61.77802718  022.72008527
112  61.77812618  022.71989896  61.77813338  022.71975448
111  61.77812618  022.71989896
111  61.77820099  022.71838489
112  61.77820099  022.71838489  61.77821358  022.71816437
111  61.77829952  022.71819005
111  61.77832970  022.71768256
113  61.77824496  022.71729630
110 5 0.00 0.0000 Gravel
111  61.77948420  022.71606780
112  61.77948420  022.71606780  61.77955734  022.71597985
112  61.77994596  022.71631896  61.78000619  022.71634322
112  61.78002058  022.71589923  61.77999763  022.71581735
111  61.78002058  022.71589923
111  61.77995177  022.71563851
111  61.77980419  022.71582766
112  61.77982779  022.71607309  61.77976325  022.71606702
113  61.77946768  022.71581280
110 5 0.00 0.0000 Gravel
112  61.77862087  022.70922347  61.77850380  022.70924999
111  61.77862087  022.70922347
112  61.77797282  022.70939144  61.77781812  022.70945333
112  61.77778467  022.71004565  61.77779722  022.71035508
112  61.77807316  022.71048769  61.77828221  022.71049653
111  61.77862505  022.71047884
112  61.77862505  022.71047884  61.77881320  022.71044348
112  61.77881738  022.71016058  61.77882156  022.70987768
111  61.77881738  022.71016058
111  61.77879647  022.70955941
114  61.77879647  022.70955941  61.77877557  022.70921463
110 4 0.00 0.0000 Dirt
111  61.77999914  022.71614853
112  61.78014117  022.71607414  61.78025397  022.71603178
112  61.78056410  022.71355118  61.78062446  022.71259140
112  61.78082865  022.70835786  61.78085939  022.70744121
112  61.78100829  022.70295233  61.78104894  022.70237743
112  61.78119074  022.70140607  61.78124917  022.70116429
112  61.78151568  022.70195075  61.78149281  022.70266534
112  61.78163804  022.70197722  61.78166598  022.70118741
112  61.78121015  022.70120140  61.78108820  022.70143243
112  61.78097451  022.70293996  61.78094402  022.70331606
112  61.78078663  022.70837432  61.78075896  022.70904392
112  61.78051137  022.71356657  61.78044681  022.71440519
112  61.78013139  022.71592387  61.78000563  022.71607162
113  61.77999302  022.71589901
110 4 0.60 0.0000 Dirt
111  61.77852958  022.71509487
112  61.77852958  022.71509487  61.77850897  022.71489051
112  61.77877588  022.71385175  61.77883438  022.71321322
112  61.77827063  022.71273126  61.77779003  022.71294187
111  61.77827063  022.71273126
112  61.77827063  022.71273126  61.77779359  022.71303731
112  61.77762059  022.71314818  61.77746261  022.71324865
111  61.77762059  022.71314818
112  61.77762059  022.71314818  61.77758109  022.71317330
112  61.77677584  022.71365237  61.77643315  022.71379515
111  61.77677584  022.71365237
112  61.77677584  022.71365237  61.77639618  022.71382653
112  61.77621207  022.71400448  61.77607623  022.71420144
111  61.77621207  022.71400448
112  61.77621207  022.71400448  61.77613942  022.71412964
112  61.77568951  022.71463352  61.77558147  022.71476971
111  61.77568951  022.71463352
112  61.77568951  022.71463352  61.77530163  022.71515446
112  61.77499581  022.71530011  61.77472371  022.71535406
111  61.77499581  022.71530011
112  61.77499581  022.71530011  61.77485976  022.71532709
112  61.77446683  022.71576762  61.77429460  022.71598892
111  61.77446683  022.71576762
112  61.77446683  022.71576762  61.77421465  022.71613656
112  61.77385513  022.71642746  61.77355960  022.71659810
111  61.77385513  022.71642746
112  61.77385513  022.71642746  61.77370737  022.71651278
112  61.77223932  022.71748234  61.77182335  022.71776255
111  61.77223932  022.71748234
112  61.77223932  022.71748234  61.77203133  022.71762245
112  61.77186438  022.71820682  61.77174946  022.71875809
111  61.77186438  022.71820682
112  61.77186438  022.71820682  61.77180692  022.71848246
112  61.77146098  022.71876493  61.77119520  022.71893615
111  61.77146098  022.71876493
112  61.77146098  022.71876493  61.77132809  022.71885054
112  61.77091558  022.71930912  61.77079625  022.71944149
111  61.77091558  022.71930912
112  61.77091558  022.71930912  61.77085591  022.71937531
112  61.77022147  022.71937246  61.77007644  022.71936801
111  61.77022147  022.71937246
112  61.77022147  022.71937246  61.77014896  022.71937024
112  61.77007949  022.71967737  61.77006060  022.71991709
111  61.77007949  022.71967737
112  61.77007949  022.71967737  61.77007005  022.71979723
112  61.77007299  022.72022356  61.77003360  022.72039943
111  61.77007299  022.72022356
111  61.77034017  022.72023774
112  61.77034017  022.72023774  61.77018033  022.72008010
112  61.77012157  022.71977535  61.77010894  022.71961355
112  61.77023532  022.71941768  61.77030694  022.71942980
111  61.77023532  022.71941768
112  61.77023532  022.71941768  61.77037856  022.71944191
112  61.77093318  022.71935792  61.77102050  022.71925556
111  61.77093318  022.71935792
112  61.77093318  022.71935792  61.77110782  022.71915319
112  61.77147083  022.71882511  61.77157088  022.71875501
111  61.77147083  022.71882511
112  61.77147083  022.71882511  61.77167093  022.71868491
112  61.77188437  022.71822007  61.77196496  022.71783361
111  61.77188437  022.71822007
112  61.77188437  022.71822007  61.77196170  022.71786665
112  61.77225152  022.71753470  61.77246633  022.71738818
111  61.77225152  022.71753470
112  61.77225152  022.71753470  61.77268114  022.71724165
112  61.77386520  022.71647477  61.77401463  022.71639367
111  61.77386520  022.71647477
112  61.77386520  022.71647477  61.77416405  022.71631257
112  61.77448497  022.71581249  61.77474847  022.71542309
111  61.77448497  022.71581249
112  61.77448497  022.71581249  61.77465311  022.71560680
112  61.77499910  022.71536379  61.77514289  022.71533951
111  61.77499910  022.71536379
112  61.77499910  022.71536379  61.77528668  022.71531523
112  61.77570109  022.71467475  61.77601353  022.71423941
111  61.77570109  022.71467475
112  61.77570109  022.71467475  61.77574896  022.71461322
112  61.77623088  022.71421717  61.77627387  022.71433374
111  61.77623088  022.71421717
111  61.77645098  022.71395871
112  61.77645098  022.71395871  61.77639926  022.71384701
112  61.77679019  022.71371454  61.77688696  022.71368341
111  61.77679019  022.71371454
112  61.77679019  022.71371454  61.77698373  022.71365228
112  61.77762955  022.71321899  61.77775825  022.71314407
111  61.77762955  022.71321899
112  61.77762955  022.71321899  61.77771863  022.71315620
112  61.77828555  022.71280739  61.77870766  022.71257415
111  61.77828555  022.71280739
112  61.77828555  022.71280739  61.77870766  022.71260680
112  61.77874199  022.71384523  61.77869615  022.71445033
111  61.77874199  022.71384523
112  61.77874199  022.71384523  61.77868034  022.71455397
112  61.77838588  022.71482858  61.77826889  022.71490881
112  61.77787013  022.71508299  61.77766777  022.71514651
112  61.77733407  022.71557466  61.77719450  022.71573252
112  61.77661746  022.71626715  61.77623184  022.71665628
111  61.77661746  022.71626715
112  61.77661746  022.71626715  61.77642465  022.71646171
112  61.77612957  022.71705303  61.77599237  022.71723280
111  61.77612957  022.71705303
112  61.77612957  022.71705303  61.77605725  022.71717835
112  61.77504628  022.71817454  61.77486627  022.71834400
111  61.77504628  022.71817454
112  61.77504628  022.71817454  61.77495627  022.71825927
112  61.77410800  022.71912776  61.77402172  022.71922098
111  61.77410800  022.71912776
112  61.77410800  022.71912776  61.77401268  022.71922758
112  61.77165388  022.72192633  61.77158361  022.72199326
111  61.77165388  022.72192633
112  61.77165388  022.72192633  61.77156063  022.72203238
112  61.77114306  022.72192719  61.77111029  022.72165442
111  61.77114306  022.72192719
112  61.77101266  022.72201057  61.77097829  022.72203933
111  61.77101266  022.72201057
112  61.77101266  022.72201057  61.77097516  022.72205978
112  61.77078685  022.72213448  61.77072563  022.72216921
112  61.77043016  022.72249576  61.77037244  022.72253823
111  61.77043016  022.72249576
111  61.77051853  022.72251007
112  61.77051853  022.72251007  61.77056687  022.72244425
112  61.77079256  022.72222037  61.77083586  022.72219039
112  61.77101100  022.72214986  61.77107862  022.72214767
112  61.77123870  022.72217745  61.77125178  022.72218001
111  61.77123870  022.72217745
112  61.77123870  022.72217745  61.77129101  022.72218770
112  61.77145805  022.72216682  61.77150173  022.72216399
111  61.77145805  022.72216682
112  61.77145805  022.72216682  61.77138091  022.72225134
112  61.77123795  022.72258146  61.77117105  022.72279378
111  61.77123795  022.72258146
112  61.77117635  022.72257068  61.77114544  022.72246532
111  61.77117635  022.72257068
111  61.77120160  022.72303347
112  61.77120160  022.72303347  61.77119574  022.72284184
112  61.77147932  022.72223729  61.77168942  022.72197976
111  61.77147932  022.72223729
112  61.77413973  022.71925326  61.77418867  022.71920418
111  61.77413973  022.71925326
112  61.77413973  022.71925326  61.77422931  022.71915332
112  61.77507637  022.71833536  61.77516011  022.71826383
111  61.77507637  022.71833536
112  61.77507637  022.71833536  61.77515658  022.71825690
112  61.77616791  022.71729835  61.77620742  022.71725690
111  61.77616791  022.71729835
112  61.77616791  022.71729835  61.77648395  022.71696673
112  61.77755097  022.71707196  61.77771255  022.71777038
111  61.77755097  022.71707196
111  61.77769218  022.71642580
112  61.77769218  022.71642580  61.77740049  022.71675828
112  61.77708984  022.71596942  61.77686395  022.71597512
111  61.77708984  022.71596942
112  61.77708984  022.71596942  61.77722729  022.71582528
111  61.77736488  022.71566929
112  61.77736488  022.71566929  61.77749558  022.71551856
112  61.77789478  022.71518722  61.77808607  022.71511367
113  61.77821917  022.71544173
111  61.77852089  022.71557909
112  61.77852089  022.71557909  61.77852940  022.71561395
112  61.77849056  022.71561224  61.77848152  022.71557402
111  61.77849056  022.71561224
111  61.77843655  022.71539422
112  61.77843655  022.71539422  61.77842751  022.71535149
112  61.77846759  022.71535519  61.77847716  022.71539341
113  61.77846759  022.71535519
112  61.77696751  022.71611159  61.77716193  022.71597040
111  61.77734456  022.71641057
112  61.77739169  022.71660989  61.77737402  022.71669709
112  61.77703035  022.71662650  61.77681433  022.71668464
112  61.77635872  022.71695870  61.77636461  022.71689226
111  61.77635872  022.71695870
114  61.77635872  022.71695870  61.77638032  022.71663481
130 Airport Boundary 2
111  61.78198701  022.69921955
111  61.78124582  022.69902315
111  61.78066331  022.71408110
111  61.77972075  022.71571256
111  61.78014479  022.71904083
111  61.78024366  022.72580582
111  61.78066679  022.72585504
113  61.78118448  022.72031716
130 Airport Boundary 1
111  61.77681657  022.71375640
111  61.77561388  022.71508679
111  61.77507252  022.71682917
111  61.77050019  022.72170502
111  61.77075161  022.72253228
111  61.77676717  022.71615759
111  61.77740199  022.71626522
111  61.77869662  022.71475253
111  61.77886897  022.71345827
113  61.77861970  022.71250214
1300  61.77990967  022.71587592  61.11 hangar props New Ramp Start 3
1301 C none 
1300  61.78034761  022.71768425 -82.90 tie_down props New Ramp Start 2
1301 C general_aviation 
1300  61.78018502  022.71769025 -82.90 tie_down props New Ramp Start 2
1301 C general_aviation 
1300  61.78026348  022.71770224 -82.90 tie_down props New Ramp Start 2
1301 C general_aviation 
1300  61.78013567  022.71725138   6.04 tie_down props New Ramp Start 1
1301 C general_aviation 
1300  61.78012716  022.71745928   5.27 tie_down props New Ramp Start 1
1301 C general_aviation 
19  61.77959876  022.71234246 0 Windsock 09/27
51 12365 CTAF
99
