A
1000 Generated by WorldEditor

1    458 1 0 EFJY Jyväskylä
100 60.00 1 0 0.25 0 3 1 12  62.40760726  025.66026914    0  300 3 4 0 0 30  62.39089561  025.69757301   95  190 3 3 0 0
110 2 0.30 100.0000 New Taxiway 23
111  62.40345364  025.67926838
111  62.40341190  025.67977899
111  62.40350678  025.67981402
113  62.40354631  025.67930382
110 1 0.30 100.0000 New Taxiway 20
111  62.40342930  025.67919368
111  62.40338151  025.67982774
111  62.40352935  025.67987677
113  62.40357627  025.67924758
111  62.40350678  025.67981402
111  62.40341190  025.67977899
111  62.40345364  025.67926838
113  62.40354631  025.67930382
110 2 0.30 105.0000 New Taxiway 23
111  62.40296221  025.67997999
111  62.40290013  025.68048088
111  62.40299324  025.68053352
113  62.40305310  025.68003263
110 1 0.30 105.0000 New Taxiway 20
111  62.40294301  025.67990799
111  62.40286727  025.68052923
111  62.40301225  025.68060864
113  62.40308691  025.67999207
111  62.40299324  025.68053352
111  62.40290013  025.68048088
111  62.40296221  025.67997999
113  62.40305310  025.68003263
110 1 0.30 132.6000 New Taxiway 3
111  62.40314420  025.68142806
112  62.40409397  025.67925963  62.40420961  025.67899291
111  62.40416842  025.67941838
111  62.40421367  025.67941788
112  62.40425480  025.67889243  62.40428072  025.67857224
112  62.40436312  025.67837642  62.40441209  025.67826140
112  62.40483851  025.67723437  62.40492779  025.67702298
111  62.40498829  025.67698536
111  62.40506002  025.67682150
111  62.40507609  025.67678478
111  62.40541655  025.67596992
111  62.40537647  025.67589126
111  62.40503492  025.67670042
111  62.40495897  025.67654479
111  62.40490119  025.67668209
111  62.40485395  025.67679435
111  62.40467768  025.67721326
111  62.40455204  025.67751378
111  62.40388021  025.67617348
111  62.40375596  025.67645719 102
111  62.40316319  025.67781077
111  62.40269509  025.67887965 102
113  62.40230442  025.67977173
111  62.40352935  025.67987677
111  62.40338151  025.67982774
111  62.40342930  025.67919368
113  62.40357627  025.67924758
111  62.40308691  025.67999207
111  62.40301225  025.68060864
111  62.40286727  025.68052923
113  62.40294301  025.67990799
110 1 0.30 42.6000 New Taxiway 1
111  62.40224808  025.67990648
111  62.40323410  025.68184983
111  62.40329074  025.68171657
111  62.40314420  025.68142806
113  62.40230442  025.67977173 102
110 2 0.00 132.6000 New Taxiway 15
111  62.40449927  025.67642666
111  62.40439964  025.67666221
111  62.40447177  025.67680518
113  62.40457115  025.67657441
110 1 0.30 57.5000 New Taxiway 38
111  62.40484980  025.67609151
111  62.40474309  025.67573994
111  62.40470859  025.67581568
113  62.40481559  025.67617119
110 1 0.30 312.6000 New Taxiway 37
111  62.40589579  025.67516747
111  62.40572801  025.67482573
111  62.40579988  025.67465955
111  62.40566659  025.67438971
111  62.40559447  025.67455370
111  62.40554938  025.67446186
111  62.40484980  025.67609151
111  62.40481559  025.67617119
111  62.40479736  025.67621367
111  62.40495897  025.67654479
111  62.40503492  025.67670042
111  62.40537647  025.67589126
111  62.40541655  025.67596992
111  62.40507609  025.67678478
111  62.40514362  025.67691815
111  62.40560257  025.67584993
113  62.40574747  025.67551267
110 2 0.00 42.6000 New Taxiway 14
111  62.40490119  025.67668209
111  62.40484123  025.67656809
111  62.40479421  025.67667992
113  62.40485395  025.67679435
110 2 0.00 312.6000 New Taxiway 7
111  62.40550705  025.67272927
111  62.40537968  025.67300584
111  62.40546884  025.67319507
113  62.40559470  025.67290880
110 1 0.30 44.6900 New Taxiway 39
111  62.40503890  025.67509067
111  62.40484573  025.67468502
111  62.40468072  025.67471267
111  62.40452206  025.67504255
111  62.40460567  025.67521503
111  62.40450241  025.67544299
111  62.40469258  025.67585082
111  62.40470859  025.67581568
113  62.40474309  025.67573994
110 1 0.00 176.7500 New Taxiway 42
111  62.40457262  025.65538439 102
111  62.40456426  025.65488334
111  62.40455560  025.65436444
111  62.40466294  025.65422453
111  62.40466092  025.65388789
111  62.40447459  025.65373924
111  62.40333003  025.65396706
112  62.40339889  025.65420752  62.40340802  025.65442430
111  62.40341930  025.65476656
111  62.40343772  025.65539849
111  62.40353830  025.65588190
113  62.40442350  025.65574901
110 1 0.00 85.0000 New Taxiway 41
111  62.40353830  025.65588190
111  62.40343772  025.65539849
111  62.40341930  025.65476656
111  62.40304186  025.65482221
111  62.40284681  025.65492014
111  62.40286050  025.65515992 102
112  62.40286537  025.65553585  62.40287292  025.65571501 102
111  62.40288913  025.65585490
111  62.40289908  025.65615004 102
111  62.40299399  025.65641991 102
111  62.40323335  025.65634837 102
111  62.40335670  025.65609799 102
112  62.40414674  025.65597071  62.40421430  025.65596152 102
112  62.40435700  025.65610752  62.40448527  025.65616181 102
112  62.40465074  025.65605145  62.40468112  025.65605416 102
111  62.40471046  025.65606836
112  62.40455985  025.65586926  62.40448239  025.65576773
113  62.40442350  025.65574901
110 1 0.00 214.0000 New Taxiway 39
111  62.40477620  025.65588909 102
112  62.40464170  025.65563440  62.40457530  025.65548808 102
111  62.40457262  025.65538439
111  62.40442350  025.65574901
112  62.40455985  025.65586926  62.40463732  025.65597079
113  62.40471046  025.65606836
110 1 0.00 173.0000 New Taxiway 51
111  62.40211907  025.65592346
111  62.40196063  025.65596427
111  62.40200725  025.65618516
113  62.40212669  025.65617016
110 1 0.00 13.0000 New Taxiway 50
111  62.40224439  025.65598320
111  62.40211907  025.65592346
111  62.40212669  025.65617016
113  62.40220690  025.65621825
110 1 0.00 30.0000 New Taxiway 49
111  62.40233789  025.65610455
111  62.40224439  025.65598320
111  62.40220690  025.65621825
113  62.40228932  025.65629038
110 1 0.00 140.0000 New Taxiway 46
111  62.40161344  025.65836103
112  62.40161344  025.65836103  62.40170707  025.65821456
111  62.40178189  025.65843823
111  62.40196881  025.65809292
111  62.40191780  025.65796423
112  62.40203080  025.65774738  62.40207718  025.65766210
111  62.40210468  025.65767671
112  62.40174128  025.65767532  62.40158756  025.65792537
113  62.40146889  025.65814319
110 1 0.00 140.0000 New Taxiway 48
111  62.40200725  025.65618516
111  62.40196063  025.65596427
111  62.40128034  025.65712935
111  62.40134269  025.65723981
111  62.40138892  025.65716720
111  62.40136407  025.65710029
111  62.40146811  025.65692015
111  62.40149446  025.65699175
111  62.40189157  025.65633304
111  62.40186741  025.65626798
113  62.40197144  025.65608784
110 1 0.00 51.0000 New Taxiway 45
111  62.40233789  025.65610455
112  62.40225485  025.65567613  62.40226869  025.65542830
111  62.40230815  025.65538984
111  62.40227924  025.65515663
111  62.40215082  025.65481694
111  62.40171794  025.65526462
111  62.40087747  025.65667677
111  62.40106069  025.65714586
111  62.40114487  025.65736137
111  62.40124660  025.65718713
111  62.40128034  025.65712935
111  62.40196063  025.65596427
111  62.40211907  025.65592346
113  62.40224439  025.65598320
110 1 0.00 51.0000 New Taxiway 44
111  62.40242522  025.65656449
111  62.40251563  025.65642056
111  62.40240150  025.65620283
111  62.40233789  025.65610455
111  62.40228932  025.65629038
111  62.40220690  025.65621825
111  62.40212669  025.65617016
111  62.40200725  025.65618516
111  62.40219208  025.65668748
111  62.40208919  025.65686516
111  62.40189157  025.65633304
111  62.40149446  025.65699175
111  62.40168875  025.65751979
111  62.40158586  025.65769747
111  62.40138892  025.65716720
111  62.40134269  025.65723981
111  62.40132261  025.65746936
111  62.40132091  025.65765927
111  62.40135430  025.65783590
111  62.40125276  025.65791334
112  62.40132224  025.65827308  62.40136248  025.65838437
111  62.40145764  025.65861476
111  62.40161344  025.65836103
111  62.40146889  025.65814319
112  62.40174128  025.65767532  62.40189500  025.65742526
111  62.40210468  025.65767671
111  62.40220803  025.65750392
114  62.40228241  025.65694124  62.40236184  025.65666066
110 2 0.00 51.0000 New Taxiway 43
111  62.40186741  025.65626798
111  62.40189157  025.65633304
111  62.40208919  025.65686516
111  62.40219208  025.65668748
111  62.40200725  025.65618516
113  62.40197144  025.65608784
110 2 0.00 51.0000 New Taxiway 43
111  62.40136407  025.65710029
111  62.40138892  025.65716720
111  62.40158586  025.65769747
111  62.40168875  025.65751979
111  62.40149446  025.65699175
113  62.40146811  025.65692015
110 1 0.00 68.0000 New Taxiway 54
111  62.40132091  025.65765927
111  62.40123349  025.65767642
111  62.40125276  025.65791334
113  62.40135430  025.65783590
110 1 0.00 86.0000 New Taxiway 53
111  62.40132261  025.65746936
111  62.40122492  025.65742015
111  62.40123349  025.65767642
113  62.40132091  025.65765927
110 1 0.00 102.0000 New Taxiway 52
111  62.40124660  025.65718713
111  62.40122492  025.65742015
111  62.40132261  025.65746936
111  62.40134269  025.65723981
113  62.40128034  025.65712935
110 1 0.00 158.0000 New Taxiway 55
111  62.40106069  025.65714586
111  62.40072497  025.65742444
111  62.40079564  025.65776991
112  62.40111575  025.65749174  62.40119058  025.65742669
111  62.40123349  025.65767642
111  62.40122492  025.65742015
111  62.40124660  025.65718713
113  62.40114487  025.65736137
110 1 0.00 295.0000 New Taxiway 57
111  62.39914392  025.66683831
112  62.39868934  025.66675641  62.39861582  025.66706415
112  62.39846221  025.66770455  62.39840651  025.66795939
112  62.39860899  025.66826739  62.39875603  025.66831547
111  62.39879603  025.66828210
111  62.39896623  025.66821625
111  62.39898331  025.66829749
111  62.39901074  025.66835709
112  62.39901204  025.66769319  62.39902837  025.66752375
112  62.39906749  025.66737681  62.39909032  025.66728157
114  62.39915053  025.66703585  62.39918700  025.66688114
110 1 0.00 115.0000 New Taxiway 56
111  62.39914392  025.66683831
111  62.39843612  025.66602874
111  62.39790617  025.66852093
111  62.39822167  025.66879008
112  62.39842036  025.66848524  62.39858210  025.66832127
111  62.39879228  025.66835279
111  62.39879603  025.66828210
112  62.39860899  025.66826739  62.39846195  025.66821931
112  62.39846221  025.66770455  62.39851790  025.66744971
114  62.39868934  025.66675641  62.39876286  025.66644868
110 1 0.00 42.0000 New Taxiway 12
112  62.40724999  025.66842388  62.40721719  025.66836412
112  62.40692772  025.66779778  62.40688634  025.66770708
112  62.40692542  025.66759569  62.40691778  025.66759019
112  62.40684836  025.66772595  62.40681844  025.66779330
112  62.40679599  025.66787698  62.40680108  025.66789347
112  62.40687469  025.66790681  62.40691989  025.66799477
112  62.40720257  025.66854210  62.40723230  025.66860629
111  62.40720725  025.66868556
112  62.40726329  025.66856660  62.40728025  025.66852718
113  62.40731244  025.66843127
110 1 0.30 312.6000 New Taxiway 12
111  62.40792911  025.66747841
111  62.40773106  025.66708084
112  62.40773674  025.66739871  62.40767604  025.66756058
111  62.40766205  025.66759377
111  62.40731244  025.66843127
111  62.40720725  025.66868556
111  62.40686303  025.66951766
111  62.40678458  025.66970729
111  62.40686690  025.66986565
111  62.40722051  025.66902081
111  62.40753583  025.66826746
112  62.40761140  025.66825952  62.40765343  025.66834054
111  62.40772675  025.66848253
111  62.40782285  025.66825262
111  62.40790225  025.66806264
111  62.40772017  025.66770398
114  62.40780702  025.66749333  62.40786177  025.66736486
110 1 0.00 113.0000 Gargo Apron TWY
111  62.40711351  025.67241193
111  62.40705249  025.67229058
112  62.40698627  025.67251841  62.40695083  025.67269099
111  62.40695018  025.67277387
111  62.40704791  025.67278428
114  62.40706969  025.67257340  62.40709194  025.67246665
110 1 0.00 91.0000 Gargo Apron TWY
111  62.40704791  025.67278428
111  62.40695018  025.67277387
111  62.40694404  025.67376651
111  62.40704142  025.67381022
113  62.40704652  025.67297857
110 1 0.00 132.6000 Gargo Apron TWY
111  62.40704142  025.67381022
111  62.40694404  025.67376651
111  62.40687635  025.67392984
113  62.40694193  025.67405806
110 1 0.00 132.6000 Gargo Apron TWY
112  62.40727090  025.67177746  62.40723229  025.67186985
111  62.40705249  025.67229058
111  62.40711351  025.67241193
112  62.40733674  025.67189534  62.40737489  025.67180997
111  62.40740157  025.67185261
113  62.40728390  025.67162561
110 1 0.30 42.6000 Gargo Apron
111  62.40779656  025.67452621
111  62.40729970  025.67350097
111  62.40704652  025.67297857
111  62.40704142  025.67381022
111  62.40694193  025.67405806
111  62.40707989  025.67431988
111  62.40700067  025.67451768
111  62.40725201  025.67500028
111  62.40704914  025.67549303
113  62.40724529  025.67586930
110 1 0.00 44.0000 TWY Z
112  62.40004072  025.67050520  62.39988604  025.67018491 102
111  62.39901074  025.66835709
111  62.39898331  025.66829749
111  62.39896623  025.66821625
111  62.39879603  025.66828210
111  62.39879228  025.66835279
112  62.39887790  025.66839239  62.39889774  025.66843114 102
112  62.39995679  025.67065461  62.40012279  025.67099932 102
111  62.39997976  025.67134452
112  62.40017832  025.67094565  62.40026350  025.67075566
113  62.40036433  025.67048608 102
110 1 0.00 44.2000 TWY Y
112  62.40406257  025.66141230  62.40387998  025.66102709 102
111  62.40220803  025.65750392
111  62.40210468  025.65767671 102
112  62.40397451  025.66157838  62.40415849  025.66197852 102
111  62.40400065  025.66236908
112  62.40422017  025.66191578  62.40428406  025.66177173
113  62.40441365  025.66144720 102
110 1 0.30 50.0000 TWY V
111  62.40835640  025.66761348
112  62.40835640  025.66761348  62.40827782  025.66736106 102
111  62.40817650  025.66718153
111  62.40799232  025.66760529 102
112  62.40809971  025.66784893  62.40815463  025.66801805
113  62.40809971  025.66784893
110 1 0.30 95.0000 TWY V
111  62.40849506  025.66843676
111  62.40822176  025.66866020
112  62.40822176  025.66866020  62.40823154  025.66903863 102
112  62.40814078  025.66953110  62.40809418  025.66973003
111  62.40814078  025.66953110
111  62.40848740  025.66920231
114  62.40848740  025.66920231  62.40851423  025.66870574 102
110 1 0.30 68.0000 TWY V
111  62.40849506  025.66843676 102
111  62.40847206  025.66814710 102
112  62.40835640  025.66761348  62.40827782  025.66736106
111  62.40835640  025.66761348
111  62.40809971  025.66784893
112  62.40809971  025.66784893  62.40815463  025.66801805 102
112  62.40822176  025.66866020  62.40823154  025.66903863
113  62.40822176  025.66866020
110 1 0.30 118.0000 TWY V
111  62.40814078  025.66953110
112  62.40814078  025.66953110  62.40809418  025.66973003 102
111  62.40804513  025.66983436
111  62.40823877  025.67021495 102
112  62.40848740  025.66920231  62.40851423  025.66870574
113  62.40848740  025.66920231
110 1 0.30 312.6000 TWY V
111  62.40823877  025.67021495
111  62.40804513  025.66983436 102
111  62.40728390  025.67162561
111  62.40740157  025.67185261
113  62.40746301  025.67197113 102
110 1 0.30 42.6000 TWY V
111  62.40817650  025.66718153 102
111  62.40786354  025.66654513 102
112  62.40790424  025.66513683  62.40814036  025.66415768
111  62.40790424  025.66513683
112  62.40790424  025.66513683  62.40783409  025.66540340
111  62.40753700  025.66625034
112  62.40714447  025.66712989  62.40696078  025.66753194
111  62.40714447  025.66712989
112  62.40714447  025.66712989  62.40747362  025.66661263 102
111  62.40768955  025.66699753 102
111  62.40773106  025.66708084
111  62.40792911  025.66747841 102
113  62.40799232  025.66760529
110 1 0.00 128.0400 TWY S
111  62.39605159  025.68011298 102
112  62.39583727  025.68062678  62.39572570  025.68092676 102
111  62.39565225  025.68121368
111  62.39583537  025.68141807 102
112  62.39600156  025.68088782  62.39612411  025.68054836 102
113  62.39619615  025.68039653
110 1 0.00 134.0400 TWY S
111  62.40573596  025.65849552 102
111  62.40441365  025.66144720
111  62.40400065  025.66236908 102
111  62.40202763  025.66677326
111  62.40175690  025.66737760 102
111  62.40036433  025.67048608
111  62.39997976  025.67134452 102
111  62.39605159  025.68011298
111  62.39619615  025.68039653 102
111  62.39961157  025.67274908
111  62.40014323  025.67156100 102
111  62.40414716  025.66261363
111  62.40454002  025.66173574 102
113  62.40586945  025.65876492
110 1 0.00 118.0400 TWY S
111  62.39565225  025.68121368 102
111  62.39432901  025.68658786 102
111  62.39418145  025.68718717
111  62.39436456  025.68739155 102
111  62.39451314  025.68678812 102
113  62.39583537  025.68141807
110 1 0.30 134.7500 TWY T
112  62.40200222  025.67758504  62.40190430  025.67780574 102
112  62.39606044  025.69054386  62.39581285  025.69109434 102
111  62.39541465  025.69030215
111  62.39582636  025.69115288
111  62.39570250  025.69143158
111  62.39547756  025.69099477 102
112  62.39549239  025.69188325  62.39529864  025.69231269 102
111  62.39298477  025.69738515
111  62.39312590  025.69768658 102
112  62.40216803  025.67791228  62.40226883  025.67769780 102
111  62.40238162  025.67774687
113  62.40208838  025.67717833 102
110 1 0.30 135.0000 TWY T
112  62.40701327  025.66684985  62.40688061  025.66714175 102
112  62.40256470  025.67641123  62.40247044  025.67660340 102
111  62.40233314  025.67659088
111  62.40262607  025.67717398 102
112  62.40269439  025.67668014  62.40277686  025.67649928 102
111  62.40320151  025.67559182
111  62.40338749  025.67519269
111  62.40351632  025.67491621
111  62.40370212  025.67451746 102
111  62.40679671  025.66787620
111  62.40692556  025.66759969 102
111  62.40714447  025.66712989
112  62.40714447  025.66712989  62.40732815  025.66672783
111  62.40753700  025.66625034
113  62.40739236  025.66596468 102
110 1 0.00 34.0000 TWY L
111  62.40471046  025.65606836 102
112  62.40574059  025.65755553  62.40596107  025.65787660 102
111  62.40573596  025.65849552
112  62.40599120  025.65805229  62.40615506  025.65784560
111  62.40635391  025.65777237 102
112  62.40584106  025.65744443  62.40559755  025.65709397 102
113  62.40477620  025.65588909
110 1 0.00 152.0000 TWY K
111  62.40635391  025.65777237
112  62.40599120  025.65805229  62.40582733  025.65825898
111  62.40573596  025.65849552
111  62.40586945  025.65876492 102
112  62.40638153  025.65821923  62.40668785  025.65819278
113  62.40638153  025.65821923
110 1 0.00 22.0000 TWY K
111  62.40716018  025.65844227
112  62.40716018  025.65844227  62.40682601  025.65764388 102
111  62.40635391  025.65777237
111  62.40638153  025.65821923
112  62.40638153  025.65821923  62.40668785  025.65819278 102
112  62.40700000  025.65881509  62.40714087  025.65918129
113  62.40700000  025.65881509
110 1 0.00 79.0000 TWY K
111  62.40741436  025.65986781 102
111  62.40735903  025.65973349 102
112  62.40733346  025.65921208  62.40730841  025.65888381 102
111  62.40716018  025.65844227
111  62.40700000  025.65881509
112  62.40700000  025.65881509  62.40714087  025.65918129 102
112  62.40716934  025.65982295  62.40716934  025.66023031 102
113  62.40701356  025.66079253
110 1 0.00 43.6000 TWY J
111  62.40561095  025.66389620 102
112  62.40523133  025.66385342  62.40503346  025.66343704
111  62.40523133  025.66385342 102
111  62.40498269  025.66333712 102
111  62.40461988  025.66258373
112  62.40461988  025.66258373  62.40439584  025.66212015 102
111  62.40454002  025.66173574
112  62.40433391  025.66214842  62.40422860  025.66238913
111  62.40414716  025.66261363 102
112  62.40450762  025.66270272  62.40471214  025.66310832
111  62.40450762  025.66270272 102
111  62.40489492  025.66351904 102
111  62.40515435  025.66406583
112  62.40515435  025.66406583  62.40531065  025.66442119 102
111  62.40518205  025.66485159
114  62.40540242  025.66440214  62.40556703  025.66402883
110 1 0.00 42.6000 TWY H
111  62.40116512  025.67381140 102
112  62.40081411  025.67368639  62.40060377  025.67326792
111  62.40081411  025.67368639 102
111  62.40056393  025.67316588 102
111  62.40019791  025.67240438
112  62.40019791  025.67240438  62.39997434  025.67194280 102
111  62.40014323  025.67156100
112  62.39985911  025.67209403  62.39970780  025.67243138
111  62.39961157  025.67274908 102
112  62.40007699  025.67271972  62.40032649  025.67318129
111  62.40007699  025.67271972 102
111  62.40043403  025.67345237 102
111  62.40068839  025.67397434
112  62.40068839  025.67397434  62.40089324  025.67440466 102
111  62.40072469  025.67479436
114  62.40095022  025.67432597  62.40104624  025.67411203
110 1 0.00 105.0000 TWY G
111  62.39418145  025.68718717 102
112  62.39406951  025.68789606  62.39406784  025.68816696
111  62.39406951  025.68789606
111  62.39429359  025.68782867
112  62.39429359  025.68782867  62.39429192  025.68764807 102
113  62.39436456  025.68739155
110 1 0.00 65.0000 TWY G
111  62.39406951  025.68789606
112  62.39406951  025.68789606  62.39406784  025.68816696 102
112  62.39422853  025.68858235  62.39429213  025.68872683
111  62.39422853  025.68858235
111  62.39437561  025.68820793
112  62.39437561  025.68820793  62.39433544  025.68812847 102
112  62.39429359  025.68782867  62.39429192  025.68764807
113  62.39429359  025.68782867
110 1 0.00 40.0000 TWY G
111  62.39422853  025.68858235
112  62.39422853  025.68858235  62.39429213  025.68872683 102
111  62.39440747  025.68890378
112  62.39460831  025.68851573  62.39470892  025.68830405
111  62.39478778  025.68805170 102
112  62.39456140  025.68830907  62.39447436  025.68833435 102
112  62.39437561  025.68820793  62.39433544  025.68812847
113  62.39437561  025.68820793
110 1 0.30 314.0000 TWY E
111  62.39174452  025.69693853
111  62.39170588  025.69659591
111  62.39153441  025.69698539 102
114  62.39167081  025.69682543  62.39172275  025.69683244 102
110 1 0.30 154.0000 TWY E
111  62.39298477  025.69738515 102
112  62.39259015  025.69779325  62.39234779  025.69779875
111  62.39259015  025.69779325
111  62.39264563  025.69822852
112  62.39264563  025.69822852  62.39288124  025.69819188 102
113  62.39312590  025.69768658
110 1 0.30 195.0000 TWY E
111  62.39259015  025.69779325
112  62.39259015  025.69779325  62.39234779  025.69779875 102
112  62.39216141  025.69752654  62.39206191  025.69734488
111  62.39216141  025.69752654
111  62.39197966  025.69780493
112  62.39197966  025.69780493  62.39217610  025.69818477 102
112  62.39264563  025.69822852  62.39288124  025.69819188
113  62.39264563  025.69822852
110 1 0.30 240.0000 TWY E
111  62.39216141  025.69752654
112  62.39216141  025.69752654  62.39206191  025.69734488 102
112  62.39195936  025.69683957  62.39191599  025.69654230
111  62.39195936  025.69683957
111  62.39174452  025.69693853 102
112  62.39197966  025.69780493  62.39217610  025.69818477
113  62.39197966  025.69780493
110 1 0.30 265.0000 TWY E
111  62.39195936  025.69683957
112  62.39195936  025.69683957  62.39191599  025.69654230 102
111  62.39196510  025.69602297
111  62.39181940  025.69630605
111  62.39170588  025.69659591
113  62.39174452  025.69693853
110 1 0.30 224.0000 TWY D
112  62.39487875  025.68978813  62.39493491  025.68989380
111  62.39487875  025.68978813 102
112  62.39528245  025.69060161  62.39533861  025.69070727
111  62.39528245  025.69060161 102
111  62.39547756  025.69099477
111  62.39570250  025.69143158
111  62.39582636  025.69115288
111  62.39541465  025.69030215
112  62.39541465  025.69030215  62.39509928  025.68964952 102
111  62.39525363  025.68868635
111  62.39498609  025.68924066
113  62.39476431  025.68977548 102
110 1 0.30 42.6000 TWY C
111  62.40316319  025.67781077 102
112  62.40284040  025.67783241  62.40267290  025.67753423
111  62.40284040  025.67783241
112  62.40284040  025.67783241  62.40274345  025.67765068 102
112  62.40270090  025.67755756  62.40261726  025.67737702 102
111  62.40262607  025.67717398
111  62.40233314  025.67659088 102
112  62.40209202  025.67631664  62.40194591  025.67602628
111  62.40209202  025.67631664 102
111  62.40188000  025.67588451 102
111  62.40159471  025.67530308
112  62.40159471  025.67530308  62.40145323  025.67500272 102
111  62.40162089  025.67446980
111  62.40129195  025.67496963
111  62.40106779  025.67570734 102
112  62.40145852  025.67560184  62.40161391  025.67588718
111  62.40145852  025.67560184 102
111  62.40174536  025.67619369 102
111  62.40195491  025.67662605
112  62.40195491  025.67662605  62.40209870  025.67693644 102
111  62.40208838  025.67717833
111  62.40238162  025.67774687 102
112  62.40254519  025.67789800  62.40263405  025.67805973 102
112  62.40268754  025.67817418  62.40278703  025.67838343
111  62.40268754  025.67817418
112  62.40268754  025.67817418  62.40282225  025.67845673 102
111  62.40269509  025.67887965
113  62.40293807  025.67838496
110 1 0.30 82.0000 TWY B
111  62.40351632  025.67491621
111  62.40377185  025.67541801 102
112  62.40366292  025.67494348  62.40364708  025.67466681 102
113  62.40370212  025.67451746
110 1 0.30 7.0000 TWY B
111  62.40364647  025.67570717
111  62.40338749  025.67519269
111  62.40320151  025.67559182 102
114  62.40341107  025.67544497  62.40352483  025.67548539 102
110 1 0.30 82.0000 TWY B
111  62.40388021  025.67617348
111  62.40371674  025.67584735 102
112  62.40377786  025.67616231  62.40379043  025.67636650 102
113  62.40375596  025.67645719
110 1 0.30 42.6000 TWY B
111  62.40467768  025.67721326 102
111  62.40447177  025.67680518
111  62.40439964  025.67666221 102
111  62.40377185  025.67541801
111  62.40351632  025.67491621
111  62.40338749  025.67519269
111  62.40364647  025.67570717 102
111  62.40371674  025.67584735
111  62.40388021  025.67617348
113  62.40455204  025.67751378
110 1 0.30 123.5000 TWY A
111  62.40773002  025.66488007
112  62.40773002  025.66488007  62.40766828  025.66512241 102
111  62.40739236  025.66596468
111  62.40753700  025.66625034
112  62.40790424  025.66513683  62.40797440  025.66487026
113  62.40790424  025.66513683
110 1 0.30 109.5000 TWY A
111  62.40790877  025.66381182
112  62.40790877  025.66381182  62.40787229  025.66412686 102
112  62.40773002  025.66488007  62.40766828  025.66512241
111  62.40773002  025.66488007
111  62.40790424  025.66513683
112  62.40790424  025.66513683  62.40797440  025.66487026 102
112  62.40811568  025.66390707  62.40815497  025.66350721
113  62.40811568  025.66390707
110 1 0.30 99.0000 TWY A
111  62.40796549  025.66291329 102
112  62.40790877  025.66381182  62.40787229  025.66412686
111  62.40790877  025.66381182
111  62.40811568  025.66390707
112  62.40811568  025.66390707  62.40815497  025.66350721 102
113  62.40818157  025.66294359
110 1 0.30 89.5000 TWY A
111  62.40796549  025.66291329
111  62.40818157  025.66294359 102
111  62.40818065  025.66174501
113  62.40795511  025.66175256 102
110 1 0.30 60.0000 TWY A
111  62.40795511  025.66175256
111  62.40818065  025.66174501 102
112  62.40807013  025.66110679  62.40797255  025.66088860
111  62.40807013  025.66110679
111  62.40787175  025.66135057
114  62.40787175  025.66135057  62.40796236  025.66153867 102
110 1 0.30 28.0000 TWY A
111  62.40807013  025.66110679
112  62.40807013  025.66110679  62.40797255  025.66088860 102
111  62.40779957  025.66067321
111  62.40767000  025.66093614
111  62.40751573  025.66130682 102
112  62.40787175  025.66135057  62.40796236  025.66153867
113  62.40787175  025.66135057
110 1 0.00 161.0000 New Taxiway 36
111  62.40288913  025.65585490
111  62.40240150  025.65620283
111  62.40251563  025.65642056
113  62.40289908  025.65615004
110 1 0.00 169.0000 New Taxiway 40
111  62.40284681  025.65492014
111  62.40227924  025.65515663
111  62.40230815  025.65538984
113  62.40286050  025.65515992
110 4 0.30 42.6000 12 PAPI Surface
111  62.40596398  025.66477478
111  62.40631971  025.66547390
111  62.40648028  025.66509820
113  62.40613385  025.66439380
110 4 0.30 42.6000 30 PAPI Surface
111  62.39329152  025.69139284
111  62.39296690  025.69074024
111  62.39279054  025.69114181
113  62.39311837  025.69178385
130 Airport Boundary
111  62.40913472  025.65127750
111  62.40730555  025.65399844
111  62.40634277  025.65512726
111  62.40583545  025.65576139
111  62.40518535  025.65571182
111  62.40457492  025.65494933
111  62.40335408  025.65453343
111  62.40235813  025.65494933
111  62.40104090  025.65626635
111  62.40049473  025.65959357
111  62.40001282  025.66188102
111  62.39879197  025.66680252
111  62.39814942  025.66860476
111  62.39721773  025.67110017
111  62.39680007  025.67408080
111  62.39612539  025.67803186
111  62.39490455  025.68059659
111  62.39358732  025.68406244
111  62.39217371  025.68836008
111  62.39085648  025.69168730
111  62.39018245  025.69431236
111  62.38905156  025.69698073
111  62.38862748  025.69964910
111  62.38873350  025.70224123
111  62.38933428  025.70315610
111  62.39095993  025.70330857
111  62.39184344  025.70269866
111  62.39311569  025.70109764
111  62.39442328  025.69690449
111  62.39633165  025.69187270
111  62.39781594  025.68813698
111  62.40046646  025.68348640
111  62.40195075  025.68150418
111  62.40290494  025.68158042
111  62.40359803  025.68027762
111  62.40426903  025.67851650
111  62.40524833  025.67655970
111  62.40584679  025.67522908
111  62.40648152  025.67522908
111  62.40689862  025.67562044
111  62.40751522  025.67569871
111  62.40809554  025.67499426
111  62.40863960  025.67362450
111  62.40887535  025.67276351
111  62.40860333  025.67151116
111  62.40894720  025.66927466
111  62.40946587  025.66626113
111  62.41098196  025.65976045
111  62.41174834  025.65662691
113  62.41099030  025.65189123
120 Linear Feature 86
111  62.39451314  025.68678812 54
115  62.39432901  025.68658786
120 Linear Feature 85
111  62.40056393  025.67316588 54
115  62.40043403  025.67345237
120 Linear Feature 84
111  62.40498269  025.66333712 54
115  62.40489492  025.66351904
120 Linear Feature 83
111  62.40716018  025.65844227 54
115  62.40700000  025.65881509
120 Linear Feature 82
111  62.40796549  025.66291329 54
115  62.40818157  025.66294359
120 Linear Feature 81
111  62.40174536  025.67619369 54
115  62.40188000  025.67588451
120 Linear Feature 80
111  62.39528245  025.69060161 54
115  62.39541465  025.69030215
120 Linear Feature 79
111  62.39197966  025.69780493 54
115  62.39216141  025.69752654
120 Linear Feature 17
111  62.40368861  025.66331730 20
115  62.40371164  025.66336313
120 Linear Feature 16
111  62.40375634  025.66316474 20
115  62.40377944  025.66321039
120 Linear Feature 15
111  62.40382275  025.66301516 20
115  62.40384590  025.66306070
120 Linear Feature 14
111  62.40388583  025.66287307 20
115  62.40390910  025.66291834
120 Linear Feature 17
111  62.40368095  025.66333467 20
115  62.40370398  025.66338049
120 Linear Feature 16
111  62.40374868  025.66318211 20
115  62.40377178  025.66322776
120 Linear Feature 15
111  62.40381509  025.66303252 20
115  62.40383824  025.66307806
120 Linear Feature 14
111  62.40387817  025.66289043 20
115  62.40390144  025.66293570
120 Linear Feature 17
111  62.40369589  025.66330077 20
115  62.40371891  025.66334659
120 Linear Feature 16
111  62.40376362  025.66314821 20
115  62.40378672  025.66319386
120 Linear Feature 15
111  62.40383002  025.66299862 20
115  62.40385318  025.66304416
120 Linear Feature 14
111  62.40389310  025.66285653 20
115  62.40391638  025.66290180
120 Linear Feature 17
111  62.40365815  025.66338600 20
115  62.40368118  025.66343182
120 Linear Feature 16
111  62.40372588  025.66323344 20
115  62.40374898  025.66327909
120 Linear Feature 15
111  62.40379229  025.66308385 20
115  62.40381544  025.66312939
120 Linear Feature 14
111  62.40385536  025.66294176 20
115  62.40387864  025.66298703
120 Linear Feature 17
111  62.40365049  025.66340336 20
115  62.40367352  025.66344918
120 Linear Feature 16
111  62.40371822  025.66325080 20
115  62.40374132  025.66329645
120 Linear Feature 15
111  62.40378463  025.66310121 20
115  62.40380778  025.66314675
120 Linear Feature 14
111  62.40384770  025.66295912 20
115  62.40387098  025.66300439
120 Linear Feature 17
111  62.40366543  025.66336946 20
115  62.40368845  025.66341528
120 Linear Feature 16
111  62.40373315  025.66321690 20
115  62.40375626  025.66326255
120 Linear Feature 15
111  62.40379956  025.66306731 20
115  62.40382272  025.66311285
120 Linear Feature 14
111  62.40386264  025.66292522 20
115  62.40388591  025.66297049
120 Linear Feature 48
111  62.40356981  025.66381214 20
115  62.40348591  025.66364419
120 Linear Feature 48
111  62.40360090  025.66374190 20
115  62.40351719  025.66357460
120 Linear Feature 48
111  62.40363030  025.66367549 20
115  62.40354664  025.66350907
120 Linear Feature 48
111  62.40366083  025.66360653 20
115  62.40357735  025.66344073
120 Linear Feature 48
111  62.40369380  025.66353206 20
115  62.40361086  025.66336618
120 Linear Feature 48
111  62.40370482  025.66341659 20
115  62.40366393  025.66333404
120 Linear Feature 48
111  62.40375877  025.66338530 20
115  62.40367656  025.66321998
120 Linear Feature 48
111  62.40377263  025.66326386 20
115  62.40373166  025.66318148
120 Linear Feature 48
111  62.40382438  025.66323709 20
115  62.40374236  025.66307358
120 Linear Feature 48
111  62.40383040  025.66322349 20
115  62.40374843  025.66306007
120 Linear Feature 48
111  62.40382748  025.66323009 20
115  62.40374548  025.66306663
120 Linear Feature 48
111  62.40383909  025.66311416 20
115  62.40379807  025.66303189
120 Linear Feature 48
111  62.40389243  025.66308336 20
115  62.40381156  025.66291959
120 Linear Feature 48
111  62.40390229  025.66297180 20
115  62.40386115  025.66288980
120 Linear Feature 48
111  62.40395427  025.66294368 20
115  62.40387348  025.66278182
120 Linear Feature 47
111  62.40390381  025.66271434 20
111  62.40387348  025.66278182 20
111  62.40381156  025.66291959 20
111  62.40374843  025.66306007 20
111  62.40374548  025.66306663 20
111  62.40374236  025.66307358 20
111  62.40367656  025.66321998 20
111  62.40361086  025.66336618 20
111  62.40357735  025.66344073 20
111  62.40354664  025.66350907 20
111  62.40351719  025.66357460 20
111  62.40348591  025.66364419 20
111  62.40345720  025.66370807 20
111  62.40354103  025.66387716 20
111  62.40356981  025.66381214 20
111  62.40360090  025.66374190 20
111  62.40363030  025.66367549 20
111  62.40366083  025.66360653 20
111  62.40369380  025.66353206 20
111  62.40375877  025.66338530 20
111  62.40382438  025.66323709 20
111  62.40382748  025.66323009 20
111  62.40383040  025.66322349 20
111  62.40389243  025.66308336 20
111  62.40395427  025.66294368 20
113  62.40398489  025.66287452 20
120 Linear Feature 17
111  62.39941380  025.67295330 20
115  62.39939087  025.67290725
120 Linear Feature 16
111  62.39934575  025.67310520 20
115  62.39932275  025.67305932
120 Linear Feature 15
111  62.39927903  025.67325414 20
115  62.39925598  025.67320838
120 Linear Feature 14
111  62.39921566  025.67339561 20
115  62.39919248  025.67335012
120 Linear Feature 17
111  62.39942150  025.67293601 20
115  62.39939857  025.67288996
120 Linear Feature 16
111  62.39935345  025.67308791 20
115  62.39933044  025.67304204
120 Linear Feature 15
111  62.39928673  025.67323685 20
115  62.39926367  025.67319109
120 Linear Feature 14
111  62.39922336  025.67337832 20
115  62.39920018  025.67333283
120 Linear Feature 17
111  62.39940649  025.67296976 20
115  62.39938356  025.67292372
120 Linear Feature 16
111  62.39933844  025.67312166 20
115  62.39931543  025.67307579
120 Linear Feature 15
111  62.39927172  025.67327060 20
115  62.39924867  025.67322484
120 Linear Feature 14
111  62.39920835  025.67341208 20
115  62.39918517  025.67336658
120 Linear Feature 17
111  62.39944440  025.67288490 20
115  62.39942147  025.67283886
120 Linear Feature 16
111  62.39937636  025.67303680 20
115  62.39935335  025.67299093
120 Linear Feature 15
111  62.39930964  025.67318575 20
115  62.39928658  025.67313998
120 Linear Feature 14
111  62.39924626  025.67332722 20
115  62.39922309  025.67328172
120 Linear Feature 17
111  62.39945210  025.67286762 20
115  62.39942917  025.67282157
120 Linear Feature 16
111  62.39938406  025.67301952 20
115  62.39936105  025.67297364
120 Linear Feature 15
111  62.39931733  025.67316846 20
115  62.39929428  025.67312269
120 Linear Feature 14
111  62.39925396  025.67330993 20
115  62.39923078  025.67326443
120 Linear Feature 17
111  62.39943709  025.67290137 20
115  62.39941416  025.67285532
120 Linear Feature 16
111  62.39936905  025.67305327 20
115  62.39934604  025.67300740
120 Linear Feature 15
111  62.39930233  025.67320221 20
115  62.39927927  025.67315645
120 Linear Feature 14
111  62.39923895  025.67334368 20
115  62.39921577  025.67329819
120 Linear Feature 48
111  62.39953363  025.67245962 20
115  62.39961718  025.67262839
120 Linear Feature 48
111  62.39950239  025.67252956 20
115  62.39958576  025.67269767
120 Linear Feature 48
111  62.39947286  025.67259568 20
115  62.39955617  025.67276292
120 Linear Feature 48
111  62.39944218  025.67266435 20
115  62.39952531  025.67283096
120 Linear Feature 48
111  62.39940906  025.67273849 20
115  62.39949166  025.67290518
120 Linear Feature 48
111  62.39939779  025.67285386 20
115  62.39943851  025.67293681
120 Linear Feature 48
111  62.39934379  025.67288462 20
115  62.39942564  025.67305074
120 Linear Feature 48
111  62.39932967  025.67300593 20
115  62.39937047  025.67308871
120 Linear Feature 48
111  62.39927786  025.67303220 20
115  62.39935955  025.67319650
120 Linear Feature 48
111  62.39927182  025.67304573 20
115  62.39935344  025.67320995
120 Linear Feature 48
111  62.39927475  025.67303916 20
115  62.39935641  025.67320342
120 Linear Feature 48
111  62.39926290  025.67315498 20
115  62.39930375  025.67323765
120 Linear Feature 48
111  62.39920949  025.67318526 20
115  62.39929002  025.67334981
120 Linear Feature 48
111  62.39919941  025.67329672 20
115  62.39924037  025.67337912
120 Linear Feature 48
111  62.39914736  025.67332434 20
115  62.39922781  025.67348698
120 Linear Feature 47
111  62.39919734  025.67355417 20
111  62.39922781  025.67348698 20
111  62.39929002  025.67334981 20
111  62.39935344  025.67320995 20
111  62.39935641  025.67320342 20
111  62.39935955  025.67319650 20
111  62.39942564  025.67305074 20
111  62.39949166  025.67290518 20
111  62.39952531  025.67283096 20
111  62.39955617  025.67276292 20
111  62.39958576  025.67269767 20
111  62.39961718  025.67262839 20
111  62.39964602  025.67256478 20
111  62.39956255  025.67239489 20
111  62.39953363  025.67245962 20
111  62.39950239  025.67252956 20
111  62.39947286  025.67259568 20
111  62.39944218  025.67266435 20
111  62.39940906  025.67273849 20
111  62.39934379  025.67288462 20
111  62.39927786  025.67303220 20
111  62.39927475  025.67303916 20
111  62.39927182  025.67304573 20
111  62.39920949  025.67318526 20
111  62.39914736  025.67332434 20
113  62.39911660  025.67339320 20
120 CIRCLE
112  62.40414130  025.67718625  62.40414168  025.67713432 51
112  62.40409815  025.67712525  62.40407944  025.67715246 51
114  62.40409853  025.67724478  62.40411724  025.67726951 51
120 CIRCLE
112  62.40386427  025.67779917  62.40386465  025.67774724 51
112  62.40382112  025.67773817  62.40380241  025.67776538 51
114  62.40382150  025.67785770  62.40384021  025.67788243 51
120 CIRCLE
112  62.40350132  025.67861642  62.40350170  025.67856448 51
112  62.40345817  025.67855542  62.40343946  025.67858262 51
114  62.40345855  025.67867494  62.40347726  025.67869967 51
120 CIRCLE
112  62.40314518  025.67882496  62.40314556  025.67877303 51
112  62.40310203  025.67876396  62.40308331  025.67879116 51
114  62.40310241  025.67888349  62.40312112  025.67890822 51
120 4
111  62.40409995  025.67715125 51
111  62.40411973  025.67722708 51
111  62.40412301  025.67715757 51
115  62.40410074  025.67718486
120 3
111  62.40385086  025.67779543 51
112  62.40385051  025.67782873  62.40384475  025.67784191 51
111  62.40383519  025.67782987 51
112  62.40383342  025.67780014  62.40383794  025.67778282
111  62.40383342  025.67780014
112  62.40383342  025.67780014  62.40382620  025.67781347 51
111  62.40382017  025.67779824 51
112  62.40382082  025.67776781  62.40382706  025.67775301 51
115  62.40383549  025.67776206
120 2
111  62.40349069  025.67861289 51
112  62.40348351  025.67865613  62.40347233  025.67867015 51
111  62.40346366  025.67864383
112  62.40346366  025.67864383  62.40345786  025.67862225 51
111  62.40347849  025.67856165 51
115  62.40345138  025.67859564
120 1
111  62.40312249  025.67885257 51
111  62.40311516  025.67886645 51
115  62.40311116  025.67878018
120 Linear Feature 68
111  62.40371725  025.67755294 51
115  62.40381437  025.67775178
120 Linear Feature 67
111  62.40399252  025.67669408 51
115  62.40409819  025.67712521
120 Linear Feature 66
112  62.40325028  025.67845932  62.40337274  025.67842433 51
115  62.40344602  025.67859140
120 Linear Feature 65
112  62.40358543  025.67784851  62.40346777  025.67810957 51
115  62.40348241  025.67855095
120 Linear Feature 64
111  62.40412884  025.67724123 51
111  62.40427899  025.67786395 51
115  62.40434859  025.67778840
120 Linear Feature 63
111  62.40385893  025.67783769 51
111  62.40394223  025.67801326 51
111  62.40387983  025.67879580 51
115  62.40395743  025.67882210
120 Linear Feature 62
112  62.40348755  025.67867338  62.40354312  025.67900499 51
112  62.40346903  025.67974314  62.40343302  025.68019951
111  62.40346903  025.67974314 51
115  62.40353114  025.67976666
120 Linear Feature 61
112  62.40289708  025.67825711  62.40305408  025.67858307 51
111  62.40325028  025.67845932 51
116  62.40339264  025.67827665  62.40345496  025.67813953
120 Linear Feature 55
111  62.40301588  025.68050496 51
111  62.40295281  025.68047034 51
112  62.40309452  025.67925566  62.40315992  025.67868407 51
112  62.40339264  025.67827665  62.40351227  025.67800118 51
111  62.40358543  025.67784851 51
111  62.40371725  025.67755294 51
112  62.40387116  025.67720783  62.40398442  025.67694614 51
111  62.40399252  025.67669408 51
112  62.40390009  025.67597828  62.40378205  025.67573036 51
115  62.40356946  025.67527068
120 Linear Feature 56
112  62.40289708  025.67825711  62.40297253  025.67841240 51
116  62.40309452  025.67925566  62.40305417  025.67960791
120 Linear Feature 68
112  62.40406031  025.65544004  62.40406787  025.65567460 20
116  62.40398249  025.65579934  62.40392486  025.65580749
120 Linear Feature 63
111  62.40449419  025.65506610 51
111  62.40435404  025.65509091 20
111  62.40426772  025.65510606 20
112  62.40423631  025.65514431  62.40422088  025.65517737 20
116  62.40420831  025.65534970  62.40421059  025.65546112
120 Linear Feature 64
112  62.40450466  025.65538166  62.40446958  025.65524217 20
116  62.40436512  025.65540647  62.40434797  025.65555479
120 Linear Feature 63
111  62.40450466  025.65538166 51
111  62.40436512  025.65540647 20
111  62.40427819  025.65542162 20
116  62.40421878  025.65566526  62.40422225  025.65588743
120 Linear Feature 65
111  62.40423631  025.65514431 20
111  62.40433239  025.65490480
112  62.40433239  025.65490480  62.40444023  025.65466174 20
112  62.40449419  025.65506610  62.40447140  025.65520420 20
116  62.40435404  025.65509091  62.40432298  025.65497018
120 Linear Feature 62
111  62.40404210  025.65490134 20
111  62.40406031  025.65544004 20
116  62.40412892  025.65570919  62.40419061  025.65582203
120 Linear Feature 67
112  62.40421692  025.65560916  62.40422080  025.65573685 20
116  62.40411883  025.65577986  62.40406647  025.65578719
120 Linear Feature 69
111  62.40373967  025.65583401 20
112  62.40371933  025.65511777  62.40371377  025.65493082 20
116  62.40388950  025.65525807  62.40389629  025.65558835
120 Linear Feature 66
111  62.40421061  025.65580974 20
112  62.40411883  025.65577986  62.40406815  025.65578623
111  62.40411883  025.65577986 20
111  62.40398249  025.65579934 20
111  62.40373967  025.65583401 20
111  62.40332069  025.65588696 20
112  62.40329150  025.65511586  62.40328594  025.65492891 20
116  62.40347489  025.65529877  62.40348168  025.65562905
120 Linear Feature 62
111  62.40419280  025.65488226 20
111  62.40421692  025.65560916 20
111  62.40421878  025.65566526 20
116  62.40429408  025.65589319  62.40436223  025.65596981
120 Linear Feature 61
111  62.40475160  025.65599225 20
112  62.40450466  025.65538166  62.40439865  025.65496884
111  62.40450466  025.65538166
112  62.40450466  025.65538166  62.40464912  025.65594031 20
115  62.40450631  025.65596698
120 Linear Feature 60
111  62.40334248  025.65505691 51
111  62.40347489  025.65529877 20
111  62.40351300  025.65536839 20
116  62.40359504  025.65572881  62.40360363  025.65595316
120 Linear Feature 60
111  62.40376861  025.65503030 51
111  62.40388950  025.65525807 20
111  62.40412892  025.65570919
112  62.40412892  025.65570919  62.40415178  025.65575114 20
112  62.40421061  025.65580974  62.40424017  025.65583761 20
112  62.40429408  025.65589319  62.40431813  025.65592374
111  62.40429408  025.65589319
112  62.40429408  025.65589319  62.40434218  025.65595429 20
112  62.40442473  025.65596857  62.40447008  025.65597265 20
111  62.40450631  025.65596698
112  62.40450631  025.65596698  62.40458945  025.65595576 20
116  62.40475160  025.65599225  62.40485950  025.65614753
120 Linear Feature 70
111  62.40419280  025.65488226 51
115  62.40404210  025.65490134
120 Linear Feature 71
111  62.40294282  025.65533969 51
111  62.40308503  025.65532296 20
111  62.40321948  025.65530713 20
111  62.40322967  025.65560287 20
111  62.40323332  025.65570888 20
112  62.40332069  025.65588696  62.40339911  025.65587676
111  62.40332069  025.65588696
112  62.40332069  025.65588696  62.40323944  025.65589920 20
112  62.40318427  025.65614593  62.40312853  025.65615409 20
111  62.40312812  025.65615427 51
115  62.40298307  025.65617579
120 Linear Feature 72
111  62.40295214  025.65564722 51
111  62.40310163  025.65562333 20
115  62.40322967  025.65560287
120 Linear Feature 77
111  62.40175709  025.65656936 20
112  62.40186897  025.65659396  62.40191432  025.65671429 20
112  62.40202203  025.65702429  62.40204376  025.65709363 20
115  62.40203196  025.65720057
120 Linear Feature 77
111  62.40184911  025.65641199 20
112  62.40195684  025.65644305  62.40199841  025.65656745 20
112  62.40209195  025.65683462  62.40212974  025.65694475 20
115  62.40206682  025.65706195
120 Linear Feature 77
111  62.40193549  025.65626428 20
112  62.40204282  025.65630844  62.40209006  025.65644101 20
112  62.40217509  025.65669186  62.40221288  025.65680811 20
115  62.40214902  025.65692224
120 Linear Feature 76
111  62.40204645  025.65734817 20
112  62.40203196  025.65720057  62.40203857  025.65710471 20
111  62.40206682  025.65706195 20
111  62.40214902  025.65692224 20
112  62.40223122  025.65678254  62.40229736  025.65666629 20
111  62.40226051  025.65655209 20
111  62.40212635  025.65617479 20
112  62.40200352  025.65614828  62.40194116  025.65625637 20
111  62.40193549  025.65626428 20
111  62.40184911  025.65641199 20
111  62.40175709  025.65656936 20
112  62.40173141  025.65661327  62.40170941  025.65665311 20
116  62.40172234  025.65680646  62.40175002  025.65684936
120 Linear Feature 75
111  62.40196609  025.65746353 20
112  62.40186930  025.65741375  62.40182461  025.65729037 20
112  62.40174251  025.65705481  62.40170432  025.65694184 20
116  62.40178689  025.65690246  62.40180813  025.65693533
120 Linear Feature 74
111  62.40163665  025.65801497 20
112  62.40153702  025.65797941  62.40149312  025.65786215 20
112  62.40135639  025.65749328  62.40130923  025.65736294 20
115  62.40135603  025.65723427
120 Linear Feature 74
111  62.40172362  025.65786938 20
112  62.40162162  025.65783382  62.40157682  025.65771294 20
112  62.40144099  025.65734768  62.40138525  025.65719572 20
115  62.40143872  025.65709902
120 Linear Feature 74
111  62.40180593  025.65773162 20
112  62.40170393  025.65769316  62.40165940  025.65757336 20
112  62.40152330  025.65720702  62.40146909  025.65705798 20
115  62.40152173  025.65696326
120 Linear Feature 74
111  62.40190202  025.65757076 20
112  62.40179081  025.65755497  62.40174893  025.65744311 20
112  62.40161018  025.65706883  62.40155411  025.65691867 20
115  62.40161029  025.65681840
120 Linear Feature 73
111  62.40216034  025.65759039 20
111  62.40209474  025.65745457 20
112  62.40196609  025.65746353  62.40190581  025.65755999 20
111  62.40190202  025.65757076 20
111  62.40180593  025.65773162 20
111  62.40172362  025.65786938 20
111  62.40163665  025.65801497 20
112  62.40157018  025.65812623  62.40151005  025.65822264 20
112  62.40144644  025.65810543  62.40143184  025.65806649 20
112  62.40131980  025.65775896  62.40131293  025.65773486 20
112  62.40130597  025.65762758  62.40130682  025.65754786 20
112  62.40131012  025.65737975  62.40131269  025.65729261 20
111  62.40135603  025.65723427 20
111  62.40143872  025.65709902 20
111  62.40152173  025.65696326 20
112  62.40161029  025.65681840  62.40166415  025.65673682 20
111  62.40172234  025.65680646 20
111  62.40178689  025.65690246 20
112  62.40193881  025.65713571  62.40197377  025.65719689 20
111  62.40204645  025.65734817 20
115  62.40209474  025.65745457
120 Linear Feature 60
111  62.40359485  025.67446277 51
112  62.40356946  025.67527068  62.40373082  025.67565107
111  62.40356946  025.67527068
112  62.40356946  025.67527068  62.40338262  025.67495445 51
116  62.40314628  025.67542493  62.40306985  025.67558992
120 Linear Feature 59
112  62.40247786  025.67685867  62.40259474  025.67658501
111  62.40247786  025.67685867
112  62.40247786  025.67685867  62.40235108  025.67710882 51
111  62.40220597  025.67683649 51
112  62.40216369  025.67754154  62.40200918  025.67789858
111  62.40216369  025.67754154
112  62.40216369  025.67754154  62.40233009  025.67720373 51
113  62.40250723  025.67745575 51
120 Linear Feature 58
111  62.40728256  025.66655271 51
111  62.40359485  025.67446277 51
111  62.40314628  025.67542493 51
111  62.40247786  025.67685867 51
111  62.40216369  025.67754154 51
111  62.39613056  025.69075816 51
111  62.39307818  025.69750180
112  62.39307818  025.69750180  62.39283029  025.69805464 51
112  62.39260069  025.69807117  62.39252184  025.69808311
111  62.39260069  025.69807117 51
112  62.39208219  025.69769604  62.39185974  025.69724700
111  62.39208219  025.69769604
112  62.39208219  025.69769604  62.39176890  025.69694540 51
115  62.39180733  025.69634736
120 Linear Feature 57
111  62.40153894  025.67546535 51
111  62.40220597  025.67683649 51
111  62.40250723  025.67745575 51
115  62.40289708  025.67825711
120 Linear Feature 9
111  62.40765231  025.67119519 51
112  62.40820016  025.66989152  62.40837567  025.66939263 51
112  62.40813429  025.66751214  62.40780667  025.66683011 51
115  62.40764360  025.66651115
120 Linear Feature 10
111  62.40757625  025.66581608 51
112  62.40728256  025.66655271  62.40711565  025.66688384
111  62.40728256  025.66655271 51
112  62.40764360  025.66651115  62.40783212  025.66679807
111  62.40764360  025.66651115
112  62.40764360  025.66651115  62.40749041  025.66613094 51
111  62.40757625  025.66581608 51
112  62.40789521  025.66460555  62.40800419  025.66404873
111  62.40789521  025.66460555
112  62.40789521  025.66460555  62.40804959  025.66380169 51
112  62.40807221  025.66293339  62.40807621  025.66269184 51
112  62.40806548  025.66173416  62.40805668  025.66107940 51
115  62.40772703  025.66091334
120 Linear Feature 20
111  62.39968289  025.67230362 51
112  62.39996292  025.67222718  62.40009321  025.67247306
111  62.39996292  025.67222718
112  62.39996292  025.67222718  62.39984141  025.67196177 51
115  62.39997428  025.67165337
120 Linear Feature 19
111  62.40077912  025.67391455 51
115  62.39996292  025.67222718
120 Linear Feature 18
111  62.40725572  025.66024834 51
112  62.40707726  025.65864162  62.40679544  025.65788508 51
111  62.40629451  025.65801111
112  62.40629451  025.65801111  62.40609400  025.65805920 51
111  62.40584685  025.65854280 51
111  62.40394490  025.66279278 51
111  62.40037333  025.67076288 51
111  62.40010772  025.67135560 51
111  62.39997428  025.67165337 51
111  62.39968289  025.67230362 51
111  62.39891252  025.67402325 51
111  62.39622794  025.68001587 51
112  62.39590454  025.68079061  62.39581432  025.68104491 51
111  62.39567730  025.68157169 51
112  62.39427331  025.68727834  62.39421823  025.68750262 51
112  62.39421724  025.68816040  62.39429194  025.68850967 51
111  62.39449400  025.68862447
112  62.39449400  025.68862447  62.39473746  025.68877075 51
115  62.39492417  025.68851389
120 Linear Feature 21
111  62.40525800  025.66409805 51
115  62.40216034  025.65759039
120 Linear Feature 22
111  62.40011654  025.67082328 51
115  62.39888933  025.66826372
120 Linear Feature 23
111  62.40037333  025.67076288 51
112  62.40011654  025.67082328  62.39999114  025.67060266
111  62.40011654  025.67082328
112  62.40011654  025.67082328  62.40022820  025.67107541 51
115  62.40010772  025.67135560
120 Linear Feature 25
111  62.40154443  025.67380265 51
112  62.40077912  025.67391455  62.40038257  025.67321729
111  62.40077912  025.67391455
112  62.40077912  025.67391455  62.40112443  025.67473203 51
111  62.40073503  025.67560907 51
112  62.40153894  025.67546535  62.40194440  025.67619147
111  62.40153894  025.67546535
114  62.40153894  025.67546535  62.40118471  025.67462864 51
120 Linear Feature 27
111  62.39487633  025.68951836 51
111  62.39533709  025.69045649 51
116  62.39511412  025.68839334  62.39534391  025.68728559
120 Linear Feature 26
112  62.39613056  025.69075816  62.39593355  025.69118728 51
112  62.39551937  025.69083794  62.39538312  025.69055980 51
115  62.39533709  025.69045649
120 Linear Feature 30
111  62.40453947  025.65568390 51
111  62.40475160  025.65599225 51
115  62.40580471  025.65752300
120 Linear Feature 31
112  62.40629451  025.65801111  62.40614246  025.65805306 51
112  62.40580471  025.65752300  62.40560168  025.65725832
111  62.40580471  025.65752300
112  62.40580471  025.65752300  62.40608023  025.65800427 51
115  62.40584685  025.65854280
120 Linear Feature 87
111  62.40587156  025.66414303 51
112  62.40525800  025.66409805  62.40494165  025.66347284
111  62.40525800  025.66409805
112  62.40525800  025.66409805  62.40554762  025.66477136 51
115  62.40531189  025.66539272
120 Linear Feature 26
111  62.40300070  025.68103886 22
111  62.40332534  025.68026284 22
112  62.40350575  025.68004289  62.40358949  025.68004791 22
111  62.40366875  025.67986944 22
115  62.40474613  025.67734000
120 Linear Feature 25
111  62.40472679  025.67729968 20
111  62.40364580  025.67981496 20
112  62.40348707  025.67997381  62.40340371  025.67995960 20
111  62.40329763  025.68021790 20
111  62.40297577  025.68099150
111  62.40300070  025.68103886
111  62.40302562  025.68108621 20
111  62.40335242  025.68031136 20
112  62.40352339  025.68011366  62.40360785  025.68012076 20
111  62.40369436  025.67991596 20
111  62.40476546  025.67738031
113  62.40474613  025.67734000
120 Linear Feature 23
111  62.40331709  025.67776866 20
115  62.40324137  025.67762538
120 Linear Feature 22
111  62.40340854  025.67755945 20
115  62.40333642  025.67741255
120 Linear Feature 21
111  62.40349957  025.67735122 20
115  62.40342802  025.67720746
120 Linear Feature 20
111  62.40358997  025.67714443 20
115  62.40352156  025.67699800
120 Linear Feature 19
111  62.40368163  025.67693474 20
115  62.40361254  025.67679431
120 Linear Feature 18
111  62.40370564  025.67658585 20
111  62.40377140  025.67672940 20
111  62.40368163  025.67693474 20
111  62.40358997  025.67714443 20
111  62.40349957  025.67735122 20
111  62.40340854  025.67755945 20
111  62.40331709  025.67776866 20
111  62.40322310  025.67798364 20
115  62.40314939  025.67783132
120 Linear Feature 24
111  62.40436577  025.67660483 20
111  62.40430924  025.67674303 20
111  62.40420708  025.67653425 20
113  62.40426633  025.67640340
120 Linear Feature 24
111  62.40465861  025.67718284 20
111  62.40460208  025.67732105 20
111  62.40449991  025.67711227 20
113  62.40455917  025.67698141
120 Linear Feature 2
111  62.40854225  025.68126592 20
115  62.40830634  025.68110747
120 Linear Feature 2
111  62.40856759  025.68120208 20
115  62.40833176  025.68104339
120 Linear Feature 2
111  62.40859132  025.68114230 20
115  62.40835542  025.68098375
120 Linear Feature 2
111  62.40861392  025.68108536 20
115  62.40837783  025.68092728
120 Linear Feature 2
111  62.40889423  025.68037913 20
115  62.40865801  025.68022106
120 Linear Feature 2
111  62.40916911  025.67968657 20
115  62.40893247  025.67952929
120 Linear Feature 2
111  62.40863756  025.68102580 20
115  62.40840162  025.68086730
120 Linear Feature 2
111  62.40891916  025.68031631 20
115  62.40868279  025.68015860
120 Linear Feature 2
111  62.40919325  025.67962574 20
115  62.40895668  025.67946826
120 Linear Feature 2
111  62.40866290  025.68096196 20
115  62.40842670  025.68080409
120 Linear Feature 2
111  62.40894441  025.68025270 20
115  62.40870808  025.68009486
120 Linear Feature 2
111  62.40921824  025.67956279 20
115  62.40898206  025.67940427
120 Linear Feature 2
111  62.40868836  025.68089779 20
115  62.40845207  025.68074014
120 Linear Feature 2
111  62.40896965  025.68018909 20
115  62.40873370  025.68003029
120 Linear Feature 2
111  62.40924364  025.67949879 20
115  62.40900729  025.67934068
120 Linear Feature 2
111  62.40871341  025.68083468 20
115  62.40847731  025.68067654
120 Linear Feature 2
111  62.40899451  025.68012646 20
115  62.40875838  025.67996809
120 Linear Feature 2
111  62.40926827  025.67943673 20
115  62.40903252  025.67927710
120 Linear Feature 2
111  62.40873930  025.68076946 20
115  62.40850324  025.68061118
120 Linear Feature 2
111  62.40902061  025.68006070 20
115  62.40878480  025.67990149
120 Linear Feature 2
111  62.40929445  025.67937078 20
115  62.40905818  025.67921241
120 Linear Feature 2
111  62.40876512  025.68070440 20
115  62.40852865  025.68054712
120 Linear Feature 2
111  62.40904632  025.67999593 20
115  62.40881042  025.67983692
120 Linear Feature 2
111  62.40932016  025.67930601 20
115  62.40908373  025.67914803
120 Linear Feature 2
111  62.40878927  025.68064357 20
115  62.40855352  025.68048445
120 Linear Feature 2
111  62.40907065  025.67993464 20
115  62.40883428  025.67977677
120 Linear Feature 2
111  62.40934448  025.67924471 20
115  62.40910869  025.67908511
120 Linear Feature 2
111  62.40881461  025.68057971 20
115  62.40857865  025.68042111
120 Linear Feature 2
111  62.40909577  025.67987135 20
115  62.40885908  025.67971426
120 Linear Feature 2
111  62.40936985  025.67918080 20
115  62.40913361  025.67902231
120 Linear Feature 2
111  62.40883887  025.68051859 20
115  62.40860293  025.68035990
120 Linear Feature 2
111  62.40912027  025.67980963 20
115  62.40888396  025.67965155
120 Linear Feature 2
111  62.40939435  025.67911909 20
115  62.40915789  025.67896110
120 Linear Feature 2
111  62.40886597  025.68045033 20
115  62.40862973  025.68029234
120 Linear Feature 2
111  62.40914573  025.67974546 20
115  62.40890961  025.67958689
120 Linear Feature 2
111  62.40941966  025.67905531 20
115  62.40918334  025.67889696
120 Linear Feature 1
111  62.40920892  025.67883249 20
111  62.40918334  025.67889696 20
111  62.40915789  025.67896110 20
111  62.40913361  025.67902231 20
111  62.40910869  025.67908511 20
111  62.40908373  025.67914803 20
111  62.40905818  025.67921241 20
111  62.40903252  025.67927710 20
111  62.40900729  025.67934068 20
111  62.40898206  025.67940427 20
111  62.40895668  025.67946826 20
111  62.40893247  025.67952929 20
111  62.40890961  025.67958689 20
111  62.40888396  025.67965155 20
111  62.40885908  025.67971426 20
111  62.40883428  025.67977677 20
111  62.40881042  025.67983692 20
111  62.40878480  025.67990149 20
111  62.40875838  025.67996809 20
111  62.40873370  025.68003029 20
111  62.40870808  025.68009486 20
111  62.40868279  025.68015860 20
111  62.40865801  025.68022106 20
111  62.40862973  025.68029234 20
111  62.40860293  025.68035990 20
111  62.40857865  025.68042111 20
111  62.40855352  025.68048445 20
111  62.40852865  025.68054712 20
111  62.40850324  025.68061118 20
111  62.40847731  025.68067654 20
111  62.40845207  025.68074014 20
111  62.40842670  025.68080409 20
111  62.40840162  025.68086730 20
111  62.40837783  025.68092728 20
111  62.40835542  025.68098375 20
111  62.40833176  025.68104339 20
111  62.40830634  025.68110747 20
111  62.40827970  025.68117274 20
111  62.40851808  025.68132683 20
111  62.40854225  025.68126592 20
111  62.40856759  025.68120208 20
111  62.40859132  025.68114230 20
111  62.40861392  025.68108536 20
111  62.40863756  025.68102580 20
111  62.40866290  025.68096196 20
111  62.40868836  025.68089779 20
111  62.40871341  025.68083468 20
111  62.40873930  025.68076946 20
111  62.40876512  025.68070440 20
111  62.40878927  025.68064357 20
111  62.40881461  025.68057971 20
111  62.40883887  025.68051859 20
111  62.40886597  025.68045033 20
111  62.40889423  025.68037913 20
111  62.40891916  025.68031631 20
111  62.40894441  025.68025270 20
111  62.40896965  025.68018909 20
111  62.40899451  025.68012646 20
111  62.40902061  025.68006070 20
111  62.40904632  025.67999593 20
111  62.40907065  025.67993464 20
111  62.40909577  025.67987135 20
111  62.40912027  025.67980963 20
111  62.40914573  025.67974546 20
111  62.40916911  025.67968657 20
111  62.40919325  025.67962574 20
111  62.40921824  025.67956279 20
111  62.40924364  025.67949879 20
111  62.40926827  025.67943673 20
111  62.40929445  025.67937078 20
111  62.40932016  025.67930601 20
111  62.40934448  025.67924471 20
111  62.40936985  025.67918080 20
111  62.40939435  025.67911909 20
111  62.40941966  025.67905531 20
113  62.40944407  025.67899381 20
21  62.40624350  025.66499356 2 133.9700 3.0 12  PAPI-4L
21  62.39302891  025.69123850 2 314.0000 3.0 30  PAPI-4L
20  62.40373419  025.68003361 43.0900 0 3 {@L}JYVASKYLA
14  62.40479035  025.67545227 124.67 0 Tower Viewpoint
1300  62.40295889  025.68041864 103.52 tie_down jets|turboprops|props|helos CIV1
1300  62.40347121  025.67971528  98.31 tie_down jets|turboprops|props|helos CIV2
1300  62.40388490  025.67873236  99.42 tie_down jets|turboprops|props|helos CIV3
1300  62.40425773  025.67777577  62.52 tie_down jets|turboprops|props|helos CIV4
1300  62.40428190  025.67659060 131.72 tie_down props|helos CIV6
1300  62.40361500  025.67699546  44.07 tie_down props|helos CIV8
1300  62.40352354  025.67721016  44.07 tie_down props|helos CIV9
1300  62.40343094  025.67741005  44.07 tie_down props|helos CIV10
1300  62.40333491  025.67762476  44.07 tie_down props|helos CIV11
1300  62.40324459  025.67782712  44.07 tie_down props|helos CIV12
1300  62.40436686  025.65540609 175.74 tie_down turboprops|props|helos MIL1-1
1300  62.40435749  025.65509087 175.74 tie_down turboprops|props|helos MIL1-2
1300  62.40388614  025.65525244  40.96 tie_down turboprops|props|helos MIL1-5
1300  62.40347466  025.65529865  40.96 tie_down turboprops|props|helos MIL1-6
1300  62.40308633  025.65532495 356.65 tie_down turboprops|props|helos MIL1-7
1300  62.40310144  025.65562476  -3.87 tie_down turboprops|props|helos MIL1-8
1300  62.40208166  025.65641835  52.56 tie_down jets|turboprops|props|helos MIL2-1
1300  62.40206465  025.65675486  52.56 tie_down jets|turboprops|props|helos MIL2-2
1300  62.40191692  025.65672509  52.56 tie_down jets|turboprops|props|helos MIL2-3
1300  62.40180485  025.65723485  52.25 tie_down turboprops|props|helos MIL2-4
1300  62.40166098  025.65720499  52.25 tie_down turboprops|props|helos MIL2-5
1300  62.40164259  025.65752905  52.25 tie_down turboprops|props|helos MIL2-6
1300  62.40149559  025.65749771  52.25 tie_down turboprops|props|helos MIL2-7
1300  62.40148141  025.65783083  52.25 tie_down turboprops|props|helos MIL2-8
1300  62.39881226  025.66729137  98.68 tie_down turboprops|props|helos MIL3-1
1300  62.39896898  025.66719284  98.68 tie_down turboprops|props|helos MIL3-2
1300  62.40778278  025.66799277 171.21 tie_down props|helos GA1
1300  62.40689359  025.66964765 311.08 tie_down props|helos GA2
1300  62.40763529  025.67452235 129.54 tie_down turboprops|props|helos Cargo1
1300  62.40746671  025.67417754 129.54 tie_down turboprops|props|helos Cargo2
1300  62.40729630  025.67385987 129.54 tie_down turboprops|props|helos Cargo3
1300  62.40712218  025.67350346 129.54 tie_down turboprops|props|helos Cargo4
18  62.39951650  025.68670916 1 BCN
19  62.40200300  025.68080900 1 WS
19  62.40693566  025.66577465 1 WS
50 13415 ATIS
54 11970 TWR
54 11800 TWR
55 11970 APP
55 12700 APP
1200 
1201  62.40421064  025.65580846 both 0 _stop
1201  62.40412318  025.65577738 both 1 _stop
1201  62.40398229  025.65579970 both 2 _stop
1201  62.40373968  025.65583401 both 3 _stop
1201  62.40332057  025.65588691 both 4 _start
1201  62.40346881  025.65521322 both 5 _stop
1201  62.40344887  025.65511824 both 6 _stop
1201  62.40341484  025.65504986 both 7 _stop
1201  62.40337612  025.65501060 both 8 _stop
1201  62.40334033  025.65500553 both 9 _stop
1201  62.40329282  025.65511698 both 10 _stop
1201  62.40330455  025.65503086 both 11 _stop(split)
1201  62.40216074  025.65759114 both 12 Y_start
1201  62.40807305  025.66292976 both 13 A_stop
1201  62.40806545  025.66175400 both 14 A_stop
1201  62.40797232  025.66121965 both 15 A_stop
1201  62.40803954  025.66145784 both 16 A_stop(split)
1201  62.40772704  025.66091445 both 17 A_stop
1201  62.40786547  025.66104227 both 18 A_stop(split)
1201  62.39175431  025.69567405 both 19 _stop
1201  62.40737021  025.66083800 both 20 _start
1201  62.40592646  025.66404970 both 21 _start(split)
1201  62.40556720  025.66444414 both 22 _start(split)(split)
1201  62.40530352  025.66544192 both 23 _start(split)(split)
1201  62.40154508  025.67380143 both 24 _start(split)
1201  62.40073429  025.67560936 both 25 _start(split)(split)
1201  62.39525317  025.68785628 both 26 _start(split)(split)(split)
1201  62.39497568  025.68846444 both 27 _start(split)(split)(split)(split)
1201  62.39468353  025.68912771 both 28 _start(split)(split)(split)(split)(split)
1201  62.40749891  025.66077848 both 29 _start(split)
1201  62.40153574  025.67545861 both 30 C_stop
1201  62.40135245  025.67467994 both 31 C_stop(split)
1201  62.40116754  025.67511272 both 32 C_stop(split)
1201  62.40181501  025.67603336 both 33 C_start
1201  62.39534194  025.69046718 both 34 D_start
1201  62.39499584  025.68918868 both 35 D_start(split)
1201  62.39207006  025.69766693 both 36 E_start
1201  62.39184046  025.69690484 both 37 E_start(split)
1201  62.39441934  025.68668490 both 38 G_start
1201  62.39422632  025.68747510 both 39 G_start(split)
1201  62.39418398  025.68787640 both 40 G_start(split)(split)
1201  62.39421259  025.68815206 both 41 G_start(split)(split)(split)
1201  62.39429813  025.68841676 both 42 G_start(split)(split)(split)
1201  62.39445010  025.68859707 both 43 G_start(split)(split)(split)(split)
1201  62.39463138  025.68869886 both 44 G_start(split)(split)(split)(split)
1201  62.40078040  025.67391725 both 45 H_stop
1201  62.40095536  025.67466914 both 46 H_stop(split)
1201  62.40114696  025.67426521 both 47 H_start(split)
1201  62.40049266  025.67332253 both 48 H_start
1201  62.40525872  025.66409954 both 49 J_stop
1201  62.40493893  025.66342776 both 50 J_start
1201  62.40542745  025.66473709 both 51 J_stop(split)
1201  62.40707589  025.65863812 both 52 K_start
1201  62.40721341  025.65910840 both 53 K_start(split)
1201  62.40727953  025.65982075 both 54 K_start(split)(split)
1201  62.39305849  025.69754424 both 55 T_stop
1201  62.39287755  025.69788677 both 56 T_stop(split)
1201  62.39266636  025.69806556 both 57 T_stop(split)
1201  62.39243552  025.69806820 both 58 T_stop(split)
1201  62.39220682  025.69790652 both 59 T_stop(split)
1201  62.40728262  025.66655302 both 60 T_start
1201  62.40678414  025.66762161 both 61 T_start(split)
1201  62.40359205  025.67446696 both 62 T_start(split)
1201  62.40351930  025.67472271 both 63 T_start(split)(split)
1201  62.40350579  025.67503456 both 64 T_start(split)(split)
1201  62.40316490  025.67538454 both 65 T_start(split)(split)
1201  62.40742690  025.66640038 both 66 T_start(split)
1201  62.40755573  025.66641555 both 67 T_start(split)
1201  62.40234995  025.67713206 both 68 T_start(split)
1201  62.39612440  025.69077165 both 69 T_start(split)(split)
1201  62.40289476  025.67825548 both 70 C_start
1201  62.40303214  025.67863923 both 71 C_start(split)
1201  62.40309742  025.67902489 both 72 C_start(split)
1201  62.40356857  025.67526933 both 73 B_stop
1201  62.40347045  025.67514898 both 74 B_stop(split)
1201  62.40331975  025.67515571 both 75 B_stop(split)
1201  62.40389805  025.67597785 both 76 B_start
1201  62.40398291  025.67627546 both 77 B_start(split)
1201  62.40764236  025.66650854 both 78 V_stop
1201  62.40757994  025.66631777 both 79 V_stop(split)
1201  62.40754949  025.66607164 both 80 V_stop(split)
1201  62.40807764  025.66739049 both 81 V_stop
1201  62.40791880  025.66706699 both 82 V_stop(split)
1201  62.40824476  025.66777316 both 83 V_stop
1201  62.40836119  025.66854263 both 84 V_stop
1201  62.40833234  025.66935811 both 85 V_stop
1201  62.40814808  025.67003757 both 86 V_stop
1201  62.40765228  025.67119454 both 87 V_start
1201  62.40793014  025.67056822 both 88 V_start(split)
1201  62.39597971  025.69100096 both 89 D_start(split)
1201  62.39577976  025.69107966 both 90 D_start(split)
1201  62.39554460  025.69088695 both 91 D_start(split)
1201  62.39612232  025.68025409 both 92 S_stop
1201  62.39591407  025.68075969 both 93 S_stop(split)
1201  62.40584629  025.65854228 both 94 S_start
1201  62.40606317  025.65818330 both 95 S_start(split)
1201  62.40428013  025.66204371 both 96 S_start(split)
1201  62.40036522  025.67077818 both 97 S_start(split)(split)
1201  62.40023552  025.67092278 both 98 S_start(split)(split)(split)
1201  62.40010926  025.67134919 both 99 S_start(split)(split)(split)
1201  62.39997235  025.67165376 both 100 S_start(split)(split)
1201  62.39990237  025.67197641 both 101 S_start(split)(split)(split)
1201  62.39968324  025.67230022 both 102 S_start(split)(split)(split)
1201  62.39574493  025.68131758 both 103 G_start
1201  62.39566179  025.68163421 both 104 G_start(split)
1201  62.39996264  025.67222790 both 105 H_stop
1201  62.39984002  025.67211509 both 106 H_stop(split)
1201  62.40628388  025.65801380 both 107 K_start
1201  62.40607285  025.65790557 both 108 K_start(split)
1201  62.40663247  025.65804802 both 109 K_start(split)
1201  62.40692630  025.65832737 both 110 K_start(split)
1201  62.40475123  025.65599178 both 111 L_stop
1201  62.40465023  025.65591461 both 112 L_stop(split)
1201  62.40580444  025.65752306 both 113 L_start
1201  62.40593591  025.65788168 both 114 L_start(split)
1201  62.40593037  025.65824900 both 115 L_start(split)(split)
1201  62.40011654  025.67082369 both 116 Z_stop
1201  62.40017196  025.67107110 both 117 Z_stop(split)
1201  62.39888941  025.66826431 both 118 Z_start
1201  62.40757626  025.66581607 both 119 A_start
1201  62.40743939  025.66620314 both 120 A_start(split)
1201  62.40781524  025.66500067 both 121 A_start(split)
1201  62.40801574  025.66386556 both 122 A_start(split)
1201  62.40325137  025.67845987 both 123 _stop
1201  62.40314261  025.67848765 both 124 _stop(split)
1201  62.40302714  025.67844076 both 125 _stop(split)
1201  62.40339245  025.67827711 both 126 _stop
1201  62.40332954  025.67838555 both 127 _stop(split)
1201  62.40358155  025.67785712 both 128 _stop
1201  62.40371705  025.67755236 both 129 _stop
1201  62.40399394  025.67670110 both 130 _stop
1201  62.40396462  025.67691463 both 131 _stop(split)
1201  62.40390860  025.67711700 both 132 _stop(split)
1201  62.40427894  025.67786204 both 133 _start
1201  62.40349249  025.67819374 both 134 _stop
1201  62.40348349  025.67865998 both 135 _stop
1201  62.40339907  025.67851478 both 136 _stop(split)
1201  62.40351472  025.67889747 both 137 _stop
1201  62.40351287  025.67916341 both 138 _stop
1201  62.40346722  025.67974151 both 139 _start
1201  62.40394244  025.67801188 both 140 _stop
1201  62.40387987  025.67879612 both 141 _start
1201  62.40295154  025.68047057 both 142 _stop
1201  62.40309422  025.67925940 both 143 _stop
1201  62.40330938  025.67845608 both 144 _stop
1201  62.40317394  025.67878657 both 145 _stop(split)
1201  62.40735276  025.67168681 both 146 _stop
1201  62.40707743  025.67233522 both 147 _stop
1201  62.40699411  025.67278493 both 148 _stop
1201  62.40702406  025.67254807 both 149 _stop(split)
1201  62.40699656  025.67365788 both 150 _stop
1201  62.40754550  025.67475833 both 151 _start
1201  62.40693240  025.66954115 both 152 _start
1201  62.40729832  025.66861964 both 153 _start(split)
1201  62.40162019  025.65680396 both 154 _stop
1201  62.40158273  025.65691732 both 155 _stop(split)
1201  62.40173233  025.65660525 both 156 _stop
1201  62.40181703  025.65652410 both 157 _stop(split)
1201  62.40172396  025.65680757 both 158 _stop
1201  62.40166873  025.65677542 both 159 _stop(split)
1201  62.40170682  025.65671037 both 160 _stop(split)
1201  62.40178924  025.65690512 both 161 _stop
1201  62.40193821  025.65713634 both 162 _stop
1201  62.40204366  025.65734228 both 163 _stop
1201  62.40209387  025.65745067 both 164 _stop
1201  62.40202751  025.65720180 both 165 _stop
1201  62.40206493  025.65706496 both 166 _stop
1201  62.40214703  025.65693036 both 167 _stop
1201  62.40222914  025.65678902 both 168 _stop
1201  62.40225928  025.65654674 both 169 _stop
1201  62.40226863  025.65667012 both 170 _stop(split)
1201  62.40212625  025.65617434 both 171 _stop
1201  62.40201089  025.65613620 both 172 _stop
1201  62.40207013  025.65610255 both 173 _stop(split)
1201  62.40193606  025.65625959 both 174 _stop
1201  62.40199698  025.65623499 both 175 _stop(split)
1201  62.40184876  025.65641214 both 176 _stop
1201  62.40191246  025.65637930 both 177 _stop(split)
1201  62.40205902  025.65741975 both 178 _stop
1201  62.40201607  025.65741789 both 179 _stop
1201  62.40196797  025.65746054 both 180 _stop
1201  62.40190270  025.65756807 both 181 _stop
1201  62.40180650  025.65773122 both 182 _stop
1201  62.40172753  025.65786267 both 183 _stop
1201  62.40163399  025.65801971 both 184 _stop
1201  62.40154253  025.65816104 both 185 _stop
1201  62.40148017  025.65815879 both 186 _stop
1201  62.40144692  025.65810944 both 187 _stop
1201  62.40131908  025.65775948 both 188 _stop
1201  62.40130558  025.65765306 both 189 _stop
1201  62.40130815  025.65738793 both 190 _stop
1201  62.40131932  025.65731748 both 191 _stop
1201  62.40135625  025.65723405 both 192 _stop
1201  62.40133373  025.65736282 both 193 _stop(split)
1201  62.40143871  025.65709685 both 194 _stop
1201  62.40141255  025.65721914 both 195 _stop(split)
1201  62.40152031  025.65696522 both 196 _stop
1201  62.40149708  025.65708008 both 197 _stop(split)
1201  62.40201986  025.65701544 both 198 _stop
1201  62.40203572  025.65710419 both 199 _stop(split)
1201  62.40187046  025.65659742 both 200 _stop
1201  62.40209186  025.65683629 both 201 _stop
1201  62.40210498  025.65693916 both 202 _stop(split)
1201  62.40195761  025.65644514 both 203 _stop
1201  62.40217573  025.65669155 both 204 _stop
1201  62.40218652  025.65679962 both 205 _stop(split)
1201  62.40204465  025.65631155 both 206 _stop
1201  62.40153633  025.65797991 both 207 _stop
1201  62.40158213  025.65804598 both 208 _stop(split)
1201  62.40135629  025.65749330 both 209 _stop
1201  62.40162185  025.65783622 both 210 _stop
1201  62.40166886  025.65790382 both 211 _stop(split)
1201  62.40144093  025.65734962 both 212 _stop
1201  62.40170508  025.65769695 both 213 _stop
1201  62.40175242  025.65776518 both 214 _stop(split)
1201  62.40152355  025.65720957 both 215 _stop
1201  62.40179252  025.65755943 both 216 _stop
1201  62.40184359  025.65761676 both 217 _stop(split)
1201  62.40161009  025.65706910 both 218 _stop
1201  62.40186919  025.65741080 both 219 _stop
1201  62.40191513  025.65749042 both 220 _stop(split)
1201  62.40174283  025.65705685 both 221 _stop
1201  62.40176308  025.65689634 both 222 _stop
1201  62.40173530  025.65694061 both 223 _stop(split)
1201  62.40173020  025.65699644 both 224 _stop(split)(split)
1201  62.39870362  025.66755156 both 225 _stop
1201  62.39884748  025.66770383 both 226 _stop
1201  62.40450426  025.65538196 both 227 _stop
1201  62.40461675  025.65572738 both 228 _stop(split)
1201  62.40450891  025.65596759 both 229 _stop
1201  62.40456349  025.65587519 both 230 _stop(split)
1201  62.40456349  025.65566497 both 231 _stop(split)
1201  62.40429324  025.65589375 both 232 _stop
1201  62.40388944  025.65525811 both 233 _stop
1201  62.40412233  025.65569549 both 234 _start(split)
1201  62.40438636  025.65596634 both 235 _stop(split)
1201  62.40421750  025.65564101 both 236 _stop
1201  62.40423603  025.65577879 both 237 _stop(split)
1201  62.40427640  025.65542093 both 238 _stop
1201  62.40423259  025.65549695 both 239 _stop(split)
1201  62.40436572  025.65540610 both 240 _start
1201  62.40435437  025.65509006 both 241 _stop
1201  62.40427189  025.65510515 both 242 _stop
1201  62.40422463  025.65517145 both 243 _stop
1201  62.40420736  025.65532743 both 244 _stop
1201  62.40449357  025.65506681 both 245 _stop
1201  62.40449896  025.65498646 both 246 _stop
1201  62.40447491  025.65486594 both 247 _stop
1201  62.40441908  025.65480290 both 248 _stop
1201  62.40445128  025.65482409 both 249 _stop(split)
1201  62.40433333  025.65490238 both 250 _stop
1201  62.40437547  025.65483075 both 251 _stop(split)
1201  62.40387904  025.65514247 both 252 _stop
1201  62.40384378  025.65503457 both 253 _stop
1201  62.40376842  025.65499301 both 254 _stop
1201  62.40380863  025.65499660 both 255 _stop(split)
1201  62.40371902  025.65511944 both 256 _stop
1201  62.40373237  025.65502572 both 257 _stop(split)
1201  62.40347511  025.65529927 both 258 _start
1201  62.40323670  025.65574483 both 259 _stop
1201  62.40326591  025.65585793 both 260 _stop(split)
1201  62.40310185  025.65562246 both 261 _stop
1201  62.40322897  025.65560392 both 262 _stop
1201  62.40321952  025.65530726 both 263 _stop
1201  62.40308639  025.65532209 both 264 _start
1202 178 164 twoway taxiway 
1202 179 178 twoway taxiway 
1202 180 179 twoway taxiway 
1202 181 180 twoway taxiway 
1202 182 181 twoway taxiway 
1202 183 182 twoway taxiway 
1202 184 183 twoway taxiway 
1202 185 184 twoway taxiway 
1202 186 185 twoway taxiway 
1202 187 186 twoway taxiway 
1202 188 187 twoway taxiway 
1202 189 188 twoway taxiway 
1202 190 189 twoway taxiway 
1202 191 190 twoway taxiway 
1202 192 191 twoway taxiway 
1202 194 192 twoway taxiway 
1202 196 194 twoway taxiway 
1202 154 196 twoway taxiway 
1202 144 126 twoway taxiway 
1202 123 144 twoway taxiway 
1202 143 142 twoway taxiway 
1202 144 145 twoway taxiway 
1202 145 143 twoway taxiway 
1202 135 136 twoway taxiway 
1202 136 144 twoway taxiway 
1202 105 106 twoway taxiway 
1202 106 102 twoway taxiway 
1202 100 101 twoway taxiway 
1202 101 105 twoway taxiway 
1202 107 108 twoway taxiway 
1202 108 113 twoway taxiway 
1202 94 95 twoway taxiway 
1202 95 107 twoway taxiway 
1202 113 114 twoway taxiway 
1202 114 115 twoway taxiway 
1202 115 94 twoway taxiway 
1202 116 117 twoway taxiway 
1202 117 99 twoway taxiway 
1202 97 98 twoway taxiway 
1202 98 116 twoway taxiway 
1202 92 93 twoway taxiway 
1202 93 103 twoway taxiway 
1202 78 79 twoway taxiway 
1202 79 80 twoway taxiway 
1202 80 119 twoway taxiway 
1202 60 66 twoway taxiway 
1202 66 67 twoway taxiway 
1202 67 78 twoway taxiway 
1202 119 120 twoway taxiway 
1202 120 60 twoway taxiway 
1202 73 74 twoway taxiway 
1202 74 75 twoway taxiway 
1202 75 65 twoway taxiway 
1202 62 63 twoway taxiway 
1202 63 64 twoway taxiway 
1202 64 73 twoway taxiway 
1202 123 124 twoway taxiway 
1202 124 125 twoway taxiway 
1202 125 70 twoway taxiway 
1202 126 127 twoway taxiway 
1202 127 123 twoway taxiway 
1202 128 126 twoway taxiway 
1202 129 128 twoway taxiway 
1202 130 131 twoway taxiway 
1202 131 132 twoway taxiway 
1202 132 129 twoway taxiway 
1202 76 77 twoway taxiway 
1202 77 130 twoway taxiway 
1202 140 129 twoway taxiway 
1202 141 140 twoway taxiway 
1202 133 130 twoway taxiway 
1202 28 42 twoway taxiway 
1202 34 28 twoway taxiway 
1202 134 128 twoway taxiway 
1202 135 134 twoway taxiway 
1202 137 135 twoway taxiway 
1202 138 137 twoway taxiway 
1202 139 138 twoway taxiway 
1202 70 71 twoway taxiway 
1202 71 72 twoway taxiway 
1202 72 143 twoway taxiway 
1202 146 87 twoway taxiway 
1202 147 146 twoway taxiway 
1202 148 149 twoway taxiway 
1202 149 147 twoway taxiway 
1202 150 148 twoway taxiway 
1202 151 150 twoway taxiway 
1202 152 153 twoway taxiway 
1202 153 82 twoway taxiway 
1202 153 61 twoway taxiway 
1202 165 163 twoway taxiway 
1202 166 165 twoway taxiway 
1202 167 166 twoway taxiway 
1202 168 167 twoway taxiway 
1202 169 170 twoway taxiway 
1202 170 168 twoway taxiway 
1202 171 169 twoway taxiway 
1202 172 173 twoway taxiway 
1202 173 171 twoway taxiway 
1202 174 172 twoway taxiway 
1202 176 174 twoway taxiway 
1202 156 176 twoway taxiway 
1202 158 159 twoway taxiway 
1202 159 154 twoway taxiway 
1202 158 160 twoway taxiway 
1202 160 156 twoway taxiway 
1202 161 158 twoway taxiway 
1202 162 161 twoway taxiway 
1202 163 162 twoway taxiway 
1202 164 163 twoway taxiway 
1202 12 164 twoway taxiway 
1202 198 199 twoway taxiway 
1202 199 165 twoway taxiway 
1202 200 198 twoway taxiway 
1202 156 157 twoway taxiway 
1202 157 200 twoway taxiway 
1202 201 202 twoway taxiway 
1202 202 166 twoway taxiway 
1202 203 201 twoway taxiway 
1202 176 177 twoway taxiway 
1202 177 203 twoway taxiway 
1202 204 205 twoway taxiway 
1202 205 167 twoway taxiway 
1202 206 204 twoway taxiway 
1202 174 175 twoway taxiway 
1202 175 206 twoway taxiway 
1202 207 208 twoway taxiway 
1202 208 184 twoway taxiway 
1202 209 207 twoway taxiway 
1202 192 193 twoway taxiway 
1202 193 209 twoway taxiway 
1202 210 211 twoway taxiway 
1202 211 183 twoway taxiway 
1202 212 210 twoway taxiway 
1202 194 195 twoway taxiway 
1202 195 212 twoway taxiway 
1202 213 214 twoway taxiway 
1202 214 182 twoway taxiway 
1202 215 213 twoway taxiway 
1202 196 197 twoway taxiway 
1202 197 215 twoway taxiway 
1202 216 217 twoway taxiway 
1202 217 181 twoway taxiway 
1202 218 216 twoway taxiway 
1202 154 155 twoway taxiway 
1202 155 218 twoway taxiway 
1202 219 220 twoway taxiway 
1202 220 180 twoway taxiway 
1202 221 219 twoway taxiway 
1202 222 223 twoway taxiway 
1202 223 224 twoway taxiway 
1202 224 221 twoway taxiway 
1202 161 222 twoway taxiway 
1202 226 225 twoway taxiway 
1202 118 226 twoway taxiway 
1202 227 228 twoway taxiway 
1202 228 111 twoway taxiway 
1202 229 230 twoway taxiway 
1202 230 231 twoway taxiway 
1202 231 227 twoway taxiway 
1202 111 112 twoway taxiway 
1202 112 229 twoway taxiway 
1202 232 235 twoway taxiway 
1202 235 229 twoway taxiway 
1202 236 237 twoway taxiway 
1202 237 232 twoway taxiway 
1202 238 239 twoway taxiway 
1202 239 236 twoway taxiway 
1202 240 238 twoway taxiway 
1202 246 245 twoway taxiway 
1202 247 246 twoway taxiway 
1202 248 249 twoway taxiway 
1202 250 251 twoway taxiway 
1202 243 250 twoway taxiway 
1202 249 247 twoway taxiway 
1202 251 248 twoway taxiway 
1202 242 241 twoway taxiway 
1202 243 242 twoway taxiway 
1202 244 243 twoway taxiway 
1202 236 244 twoway taxiway 
1202 0 232 twoway taxiway 
1202 1 0 twoway taxiway 
1202 2 1 twoway taxiway 
1202 3 2 twoway taxiway 
1202 4 3 twoway taxiway 
1202 0 234 twoway taxiway 
1202 234 233 twoway taxiway 
1202 252 233 twoway taxiway 
1202 253 252 twoway taxiway 
1202 254 255 twoway taxiway 
1202 255 253 twoway taxiway 
1202 256 257 twoway taxiway 
1202 257 254 twoway taxiway 
1202 3 256 twoway taxiway 
1202 5 258 twoway taxiway 
1202 6 5 twoway taxiway 
1202 7 6 twoway taxiway 
1202 8 7 twoway taxiway 
1202 9 8 twoway taxiway 
1202 10 11 twoway taxiway 
1202 11 9 twoway taxiway 
1202 4 10 twoway taxiway 
1202 258 3 twoway taxiway 
1202 259 260 twoway taxiway 
1202 260 4 twoway taxiway 
1202 262 259 twoway taxiway 
1202 262 261 twoway taxiway 
1202 263 262 twoway taxiway 
1202 264 263 twoway taxiway 
1202 240 227 twoway taxiway 
1202 245 241 twoway taxiway 
1202 118 116 twoway taxiway Z
1202 12 96 twoway taxiway Y
1202 81 82 twoway taxiway V
1202 82 78 twoway taxiway V
1202 83 81 twoway taxiway V
1202 84 83 twoway taxiway V
1202 85 84 twoway taxiway V
1202 86 85 twoway taxiway V
1202 87 88 twoway taxiway V
1202 88 86 twoway taxiway V
1202 60 61 twoway taxiway T
1202 61 62 twoway taxiway T
1202 62 65 twoway taxiway T
1202 65 68 twoway taxiway T
1202 68 69 twoway taxiway T
1202 69 55 twoway taxiway T
1202 94 96 twoway taxiway S
1202 96 97 twoway taxiway S
1202 97 99 twoway taxiway S
1202 99 100 twoway taxiway S
1202 100 102 twoway taxiway S
1202 102 92 twoway taxiway S
1202 113 111 twoway taxiway L
1202 107 109 twoway taxiway K
1202 109 110 twoway taxiway K
1202 110 52 twoway taxiway K
1202 50 96 twoway taxiway J
1202 48 105 twoway taxiway H
1202 103 104 twoway taxiway G
1202 104 38 twoway taxiway G
1202 55 56 twoway taxiway E
1202 56 57 twoway taxiway E
1202 57 58 twoway taxiway E
1202 58 59 twoway taxiway E
1202 59 36 twoway taxiway E
1202 69 89 twoway taxiway D
1202 89 90 twoway taxiway D
1202 90 91 twoway taxiway D
1202 91 34 twoway taxiway D
1202 70 68 twoway taxiway C
1202 68 33 twoway taxiway C
1202 76 73 twoway taxiway B
1202 119 121 twoway taxiway A
1202 121 122 twoway taxiway A
1202 122 13 twoway taxiway A
1202 52 53 twoway taxiway K
1204 departure 12,30
1204 arrival 12,30
1204 ils 12,30
1202 53 54 twoway taxiway K
1204 departure 12,30
1204 arrival 12,30
1204 ils 12,30
1202 54 20 twoway taxiway K
1204 departure 12,30
1204 arrival 12,30
1204 ils 12,30
1202 49 51 twoway taxiway J
1204 departure 12,30
1204 arrival 12,30
1204 ils 12,30
1202 50 49 twoway taxiway J
1204 departure 12,30
1204 arrival 12,30
1204 ils 12,30
1202 51 23 twoway taxiway J
1204 departure 12,30
1204 arrival 12,30
1204 ils 12,30
1202 21 22 twoway taxiway J
1204 departure 12,30
1204 arrival 12,30
1204 ils 12,30
1202 22 49 twoway taxiway J
1204 departure 12,30
1204 arrival 12,30
1204 ils 12,30
1202 45 46 twoway taxiway H
1204 departure 12,30
1204 arrival 12,30
1204 ils 12,30
1202 46 25 twoway taxiway H
1204 departure 12,30
1204 arrival 12,30
1204 ils 12,30
1202 48 45 twoway taxiway H
1204 departure 12,30
1204 arrival 12,30
1204 ils 12,30
1202 24 47 twoway taxiway H
1204 departure 12,30
1204 arrival 12,30
1204 ils 12,30
1202 47 45 twoway taxiway H
1204 departure 12,30
1204 arrival 12,30
1204 ils 12,30
1202 38 39 twoway taxiway G
1204 departure 12,30
1204 arrival 12,30
1204 ils 12,30
1202 39 40 twoway taxiway G
1204 departure 12,30
1204 arrival 12,30
1204 ils 12,30
1202 40 41 twoway taxiway G
1204 departure 12,30
1204 arrival 12,30
1204 ils 12,30
1202 41 42 twoway taxiway G
1204 departure 12,30
1204 arrival 12,30
1204 ils 12,30
1202 42 43 twoway taxiway G
1204 departure 12,30
1204 arrival 12,30
1204 ils 12,30
1202 43 44 twoway taxiway G
1204 departure 12,30
1204 arrival 12,30
1204 ils 12,30
1202 44 27 twoway taxiway G
1204 departure 12,30
1204 arrival 12,30
1204 ils 12,30
1202 36 37 twoway taxiway E
1204 departure 12,30
1204 arrival 12,30
1204 ils 12,30
1202 37 19 twoway taxiway E
1204 departure 12,30
1204 arrival 12,30
1204 ils 12,30
1202 34 35 twoway taxiway D
1204 departure 12,30
1204 arrival 12,30
1204 ils 12,30
1202 35 26 twoway taxiway D
1204 departure 12,30
1204 arrival 12,30
1204 ils 12,30
1202 30 32 twoway taxiway C
1204 departure 12,30
1204 arrival 12,30
1204 ils 12,30
1202 32 25 twoway taxiway C
1204 departure 12,30
1204 arrival 12,30
1204 ils 12,30
1202 30 31 twoway taxiway C
1204 departure 12,30
1204 arrival 12,30
1204 ils 12,30
1202 31 24 twoway taxiway C
1204 departure 12,30
1204 arrival 12,30
1204 ils 12,30
1202 33 30 twoway taxiway C
1204 departure 12,30
1204 arrival 12,30
1204 ils 12,30
1202 14 13 twoway taxiway A
1204 departure 12,30
1204 arrival 12,30
1204 ils 12,30
1202 15 16 twoway taxiway A
1204 departure 12,30
1204 arrival 12,30
1204 ils 12,30
1202 16 14 twoway taxiway A
1204 departure 12,30
1204 arrival 12,30
1204 ils 12,30
1202 17 18 twoway taxiway A
1204 departure 12,30
1204 arrival 12,30
1204 ils 12,30
1202 18 15 twoway taxiway A
1204 departure 12,30
1204 arrival 12,30
1204 ils 12,30
1202 20 29 twoway taxiway A
1204 departure 12,30
1204 arrival 12,30
1204 ils 12,30
1202 29 17 twoway taxiway A
1204 departure 12,30
1204 arrival 12,30
1204 ils 12,30
1202 20 21 twoway runway 12/30
1202 21 23 twoway runway 12/30
1204 departure 12,30
1204 arrival 12,30
1204 ils 12,30
1202 23 24 twoway runway 12/30
1204 departure 12,30
1204 arrival 12,30
1204 ils 12,30
1202 24 25 twoway runway 12/30
1204 departure 12,30
1204 arrival 12,30
1204 ils 12,30
1202 25 26 twoway runway 12/30
1204 departure 12,30
1204 arrival 12,30
1204 ils 12,30
1202 26 27 twoway runway 12/30
1204 departure 12,30
1204 arrival 12,30
1204 ils 12,30
1202 27 28 twoway runway 12/30
1204 departure 12,30
1204 arrival 12,30
1204 ils 12,30
1202 28 19 twoway runway 12/30
1204 departure 12,30
1204 arrival 12,30
1204 ils 12,30
99
