I
1130 Generated by WorldEditor 2.1.0r1

1    149 1 0 EFKA Kauhava
1302 city Kauhava
1302 country Finland
1302 datum_lat 63.124166667
1302 datum_lon 23.051388889
1302 faa_code 
1302 gui_label 3D
1302 iata_code KAU
1302 icao_code EFKA
1302 region_code EF
1302 state Western Finland
1302 transition_alt 
1302 transition_level 
100 60.05 1 0 0.25 0 0 1 17  63.13911100  023.05008300    0  278 2 0 0 0 35  63.11500000  023.05297200    0  269 2 0 0 0
110 1 0.00 0.0000 LSK Business Park
111  63.12351271  023.05007017
111  63.12360066  023.05005473
111  63.12359678  023.04980863
111  63.12348509  023.04981821
111  63.12347669  023.04956048
111  63.12347406  023.04854652
111  63.12335229  023.04805853
111  63.12104405  023.04828695
111  63.11829309  023.04865000
112  63.11829309  023.04865000  63.11789341  023.04872195
111  63.11782569  023.04813105
111  63.11624816  023.04831232
112  63.11624816  023.04831232  63.11618114  023.04828152
112  63.11609443  023.04811748  63.11605802  023.04803249
111  63.11609443  023.04811748
112  63.11609443  023.04811748  63.11603751  023.04798464
111  63.11601449  023.04783736
111  63.11502906  023.04809364
112  63.11504882  023.04971690  63.11502713  023.04987448
111  63.11478261  023.05075571
111  63.11479442  023.05133127
111  63.11475495  023.05142701
111  63.11411430  023.05248991
111  63.11425115  023.05247276
111  63.11463301  023.05182710
111  63.11463691  023.05242902
111  63.11570568  023.05230119
112  63.11538571  023.05209349  63.11533991  023.05202684
111  63.11538571  023.05209349
112  63.11538571  023.05209349  63.11532977  023.05197454
112  63.11524478  023.05155583  63.11524586  023.05133219
112  63.11530610  023.05107526  63.11534591  023.05093489
111  63.11551326  023.05033477
112  63.11570451  023.05005390  63.11580462  023.05000434
111  63.11652842  023.04990071
111  63.11785619  023.04975932
112  63.11786363  023.04960309  63.11787664  023.04951264
112  63.11794356  023.04935230  63.11796959  023.04932352
112  63.11811792  023.04926358  63.11822012  023.04924216
112  63.11835460  023.04925168  63.11840086  023.04926358
112  63.11854622  023.04969058  63.11855737  023.05008033
111  63.11856183  023.05103252
112  63.11844583  023.05153081  63.11839433  023.05174745
112  63.11823502  023.05199813  63.11817137  023.05202984
111  63.11934251  023.05187976
112  63.11901074  023.05156463  63.11886984  023.05136108
112  63.11878761  023.05085699  63.11877255  023.05053578
111  63.11878761  023.05085699
112  63.11878761  023.05085699  63.11878401  023.05078022
112  63.11877857  023.05063175  63.11877611  023.05055978
111  63.11877857  023.05063175
112  63.11877857  023.05063175  63.11877074  023.05040259
111  63.11876825  023.05021933
111  63.11875707  023.04955731
112  63.11896827  023.04908107  63.11916037  023.04905366
111  63.12142874  023.04876324
111  63.12168353  023.04875617
112  63.12188059  023.04929072  63.12189732  023.04977592
111  63.12191033  023.05025700
112  63.12160579  023.05154036  63.12124514  023.05175007
111  63.12203488  023.05177363
111  63.12264297  023.05146784
112  63.12227901  023.05102527  63.12217676  023.05079500
112  63.12212657  023.05023166  63.12212099  023.04986570
111  63.12211480  023.04917162
112  63.12238900  023.04865762  63.12263532  023.04862336
111  63.12341629  023.04854792
111  63.12343893  023.04981389
111  63.12344581  023.05003416
111  63.12347255  023.05090129
112  63.12344401  023.05095629  63.12341496  023.05095391
111  63.12338699  023.05096105
112  63.12332460  023.05134723  63.12325682  023.05136863
111  63.12332352  023.05144668
111  63.12355402  023.05139686
111  63.12406658  023.05136425
112  63.12402791  023.05117807  63.12397197  023.05118045
112  63.12385639  023.05104910  63.12383703  023.05101341
112  63.12380583  023.05092536  63.12376064  023.05091822
111  63.12351672  023.05094965
113  63.12349284  023.05011951
110 1 0.00 0.0000 Training Air Wing of Finnish Air Force Flying Club
112  63.11853003  023.05303054  63.11861047  023.05302867
111  63.11861640  023.05332643
112  63.11864432  023.05427639  63.11864608  023.05434922
111  63.11862374  023.05435442
112  63.11853201  023.05432841  63.11849614  023.05432190
111  63.11837208  023.05432696
112  63.11776548  023.05429980  63.11772646  023.05429980
112  63.11724414  023.05430983  63.11718839  023.05431139
111  63.11716017  023.05416158
111  63.11713900  023.05366222
111  63.11706844  023.05367158
111  63.11706773  023.05383544
111  63.11711642  023.05383544
112  63.11712207  023.05423649  63.11712348  023.05430515
111  63.11710725  023.05432700
111  63.11706491  023.05433948
111  63.11706420  023.05443623
112  63.11780461  023.05439729  63.11783388  023.05439729
112  63.11783266  023.05452133  63.11783266  023.05460223
112  63.11789045  023.05459737  63.11793142  023.05459737
111  63.11793288  023.05444529
111  63.11820135  023.05443836
111  63.11849195  023.05441140
112  63.11858137  023.05442039  63.11866977  023.05442938
111  63.11866187  023.05446145
112  63.11874061  023.05503347  63.11876256  023.05514673
112  63.11876256  023.05534413  63.11876109  023.05548004
112  63.11868262  023.05559228  63.11865043  023.05567318
111  63.11845235  023.05607915
111  63.11835115  023.05653489
111  63.11853364  023.05674475
111  63.11889528  023.05717522
111  63.11910178  023.05741803
111  63.11916339  023.05710668
111  63.11930914  023.05713652
111  63.11931061  023.05733393
112  63.11938669  023.05734687  63.11944961  023.05735658
112  63.11955788  023.05749897  63.11957398  023.05756693
111  63.11957837  023.05768667
111  63.11949204  023.05800704
111  63.11955788  023.05807500
112  63.11960909  023.05786465  63.11963689  023.05774168
112  63.11969542  023.05769637  63.11972322  023.05770285
112  63.11978493  023.05765115  63.11979713  023.05761340
112  63.11991174  023.05755677  63.11997636  023.05762419
111  63.12017145  023.05762149
111  63.12039199  023.05757979
112  63.12090703  023.05748594  63.12092898  023.05747947
112  63.12101530  023.05755714  63.12102408  023.05764452
111  63.12092312  023.05771895
111  63.12056172  023.05776426
111  63.12058074  023.05842769
111  63.12071828  023.05840828
112  63.12072560  023.05825294  63.12073145  023.05824970
112  63.12079729  023.05829177  63.12083387  023.05832413
111  63.12090563  023.05854464
111  63.12150896  023.05837543
111  63.12151335  023.05824921
112  63.12183525  023.05812299  63.12190109  023.05805827
112  63.12196301  023.05771017  63.12196713  023.05765034
112  63.12199476  023.05757620  63.12201829  023.05752288
111  63.12207345  023.05736648
112  63.12245671  023.05631507  63.12250938  023.05618238
112  63.12258108  023.05622445  63.12262790  023.05624387
112  63.12270398  023.05607557  63.12274349  023.05596877
112  63.12270252  023.05573251  63.12268496  023.05564513
112  63.12256352  023.05558040  63.12249914  023.05557393
112  63.12243769  023.05576811  63.12241135  023.05586844
112  63.12245085  023.05606263  63.12245963  023.05612088
111  63.12244646  023.05617590
111  63.12226210  023.05664842
112  63.12229429  023.05581666  63.12230746  023.05562571
112  63.12251118  023.05400284  63.12254364  023.05382178
111  63.12259515  023.05382334
112  63.12347456  023.05377826  63.12350926  023.05377976
111  63.12353437  023.05381915
112  63.12360529  023.05382828  63.12366640  023.05383295
112  63.12367904  023.05362788  63.12367693  023.05351136
111  63.12359687  023.05348805
111  63.12357779  023.05282873
112  63.12383200  023.05281032  63.12389520  023.05281032
112  63.12391882  023.05266264  63.12395043  023.05262535
112  63.12412720  023.05259805  63.12420726  023.05259805
111  63.12419462  023.05240339
112  63.12333663  023.05227738  63.12319641  023.05226119
111  63.12319161  023.05258581
112  63.12341399  023.05272778  63.12343740  023.05285725
111  63.12351852  023.05285067
112  63.12353232  023.05353661  63.12352938  023.05364717
111  63.12348763  023.05366018
112  63.12258493  023.05374731  63.12247011  023.05376305
111  63.12243809  023.05412142
112  63.12224846  023.05572085  63.12221560  023.05602843
112  63.12221586  023.05650302  63.12221220  023.05674845
111  63.12219513  023.05684014
112  63.12203052  023.05732291  63.12197687  023.05747124
111  63.12191469  023.05747124
112  63.12151938  023.05747681  63.12136515  023.05744326
112  63.12114266  023.05728109  63.12103647  023.05716924
111  63.12096567  023.05693996
111  63.12091877  023.05544744
111  63.12000630  023.05548007
111  63.11999787  023.05523775
111  63.11982510  023.05524241
111  63.11982510  023.05561055
111  63.11952591  023.05565715
111  63.11953013  023.05583423
112  63.11941635  023.05582327  63.11938475  023.05582327
112  63.11914503  023.05565894  63.11905443  023.05556108
112  63.11883840  023.05487086  63.11877519  023.05460991
111  63.11883840  023.05487086
112  63.11883840  023.05487086  63.11878876  023.05466591
112  63.11875927  023.05425140  63.11875121  023.05413248
111  63.11875927  023.05425140
112  63.11875927  023.05425140  63.11875707  023.05421890
111  63.11875681  023.05419490
112  63.11874070  023.05338604  63.11873835  023.05305571
113  63.11880707  023.05299494
112  63.11942799  023.05661368  63.11938917  023.05666137
112  63.11935036  023.05679968  63.11933310  023.05691892
112  63.11925763  023.05689507  63.11922312  023.05688553
112  63.11919725  023.05673768  63.11919509  023.05670430
112  63.11917784  023.05616536  63.11918000  023.05609382
112  63.11920156  023.05603182  63.11922312  023.05605090
112  63.11944740  023.05614629  63.11953581  023.05618444
111  63.11954012  023.05627029
113  63.11956384  023.05658506
112  63.11911099  023.05663753  63.11911315  023.05681399
111  63.11898917  023.05677148
111  63.11870007  023.05642099
112  63.11863134  023.05618753  63.11860762  023.05608261
111  63.11868833  023.05588397
112  63.11881556  023.05561689  63.11886947  023.05550243
112  63.11889319  023.05555966  63.11890182  023.05557874
112  63.11905924  023.05589351  63.11911315  023.05599367
113  63.11909805  023.05613675
110 1 0.00 0.0000 LSK Business Park
111  63.11601449  023.04783736
111  63.11601961  023.04728721
111  63.11599467  023.04728297
111  63.11600106  023.04717407
111  63.11606680  023.04712289
112  63.11618087  023.04693312  63.11624163  023.04681291
111  63.11629791  023.04656117
112  63.11684920  023.04651216  63.11688346  023.04651216
112  63.11690335  023.04657082  63.11691992  023.04661236
112  63.11706027  023.04662703  63.11710779  023.04658548
112  63.11713762  023.04631421  63.11713983  023.04614069
111  63.11706358  023.04606248
112  63.11692950  023.04606981  63.11688269  023.04614449
111  63.11685967  023.04615298
112  63.11630751  023.04622595  63.11629344  023.04622595
112  63.11627943  023.04614856  63.11627752  023.04608944
112  63.11622405  023.04589941  63.11618586  023.04577695
112  63.11602137  023.04566343  63.11597962  023.04563299
112  63.11597701  023.04549198  63.11597701  023.04549670
112  63.11592822  023.04367571  63.11592159  023.04340933
111  63.11598127  023.04339955
112  63.11629845  023.04332557  63.11633426  023.04332557
111  63.11635728  023.04327607
112  63.11648475  023.04278154  63.11651673  023.04265189
111  63.11654071  023.04265778
112  63.11793479  023.04247936  63.11797489  023.04247936
112  63.11801499  023.04255960  63.11804173  023.04263562
112  63.11809710  023.04265674  63.11812002  023.04266941
112  63.11816394  023.04276232  63.11817731  023.04281722
111  63.11817158  023.04292702
111  63.11947153  023.04277142
111  63.11939739  023.04040011
111  63.11807236  023.04055569
111  63.11784329  023.04057326
111  63.11775163  023.04078864
112  63.11778027  023.04118984  63.11780701  023.04119829
112  63.11785284  023.04130387  63.11786429  023.04141367
112  63.11800751  023.04144746  63.11808772  023.04140523
111  63.11810872  023.04131654
112  63.11810299  023.04166706  63.11809153  023.04189934
111  63.11795213  023.04201336
111  63.11634565  023.04222302
111  63.11475068  023.04235303
111  63.11479543  023.04393284
111  63.11485421  023.04577985
111  63.11456170  023.04582420
111  63.11455020  023.04611482
111  63.11443376  023.04612832
111  63.11443147  023.04652863
111  63.11419950  023.04656229
111  63.11421951  023.04719464
111  63.11427545  023.04809811
112  63.11454149  023.04835508  63.11468630  023.04833602
111  63.11481410  023.04802233
111  63.11479941  023.04741698
111  63.11499992  023.04738531
113  63.11502906  023.04809364
110 1 0.00 0.0000 Main Taxiway
111  63.13378024  023.04684151
111  63.12373498  023.04801457
112  63.12362196  023.04754603  63.12361945  023.04709912
111  63.12361537  023.04698790
112  63.12366138  023.04695783  63.12366190  023.04695552
111  63.12366347  023.04648132
112  63.12355932  023.04622271  63.12346018  023.04616581
111  63.12341653  023.04634162
112  63.12341393  023.04664955  63.12345426  023.04677043
112  63.12346337  023.04694022  63.12346467  023.04708124
111  63.12347378  023.04774028
112  63.12335229  023.04805853  63.12326382  023.04807868
111  63.12347406  023.04854652
111  63.12400581  023.04847462
112  63.12402516  023.04849660  63.12403039  023.04852551
112  63.12409788  023.04876628  63.12412824  023.04883583
111  63.12415643  023.04890299
111  63.12419329  023.04882864
111  63.12426713  023.04892937
111  63.12430725  023.04892458
111  63.12430508  023.04879746
111  63.12424436  023.04870393
111  63.12423948  023.04848249
112  63.12427472  023.04843652  63.12430544  023.04843452
111  63.12504326  023.04836759
112  63.12525559  023.04887873  63.12526964  023.04932771
111  63.12527946  023.05013188
112  63.12501754  023.05115810  63.12485504  023.05131494
111  63.12588471  023.05108239
112  63.12551482  023.05005987  63.12549594  023.04931389
111  63.12549864  023.04884243
112  63.12576543  023.04827841  63.12602654  023.04824843
111  63.12899513  023.04790777
112  63.12922682  023.04820966  63.12929239  023.04848737
112  63.12921370  023.04892258  63.12915000  023.04910910
111  63.12881261  023.05011501
112  63.12851580  023.05074854  63.12838466  023.05081900
111  63.12899951  023.05071299
111  63.12923113  023.04973652
111  63.12934346  023.04938762
111  63.12942395  023.04913766
112  63.12946840  023.04908728  63.12949334  023.04908728
112  63.12949551  023.04904890  63.12947599  023.04903211
112  63.12947924  023.04890018  63.12948792  023.04874186
112  63.12946840  023.04819495  63.12942395  023.04792150
111  63.12938269  023.04785837
112  63.12939569  023.04783918  63.12941738  023.04783678
111  63.13225965  023.04753373
112  63.13272509  023.04799204  63.13285623  023.04841902
112  63.13286934  023.04884187  63.13287496  023.04899525
112  63.13275319  023.04964609  63.13264265  023.04993213
112  63.13234861  023.05029073  63.13221102  023.05036236
111  63.13305374  023.05022228
112  63.13295463  023.04987192  63.13303016  023.04959135
112  63.13307333  023.04915558  63.13309491  023.04895859
112  63.13327027  023.04820644  63.13344833  023.04777067
112  63.13383657  023.04730446  63.13396772  023.04728718
111  63.13677477  023.04699436
111  63.13810785  023.04682189
112  63.13856846  023.04694978  63.13869586  023.04711563
111  63.13874832  023.04721099
111  63.13875019  023.04729392
111  63.13877642  023.04736026
111  63.13880452  023.04736026
112  63.13894129  023.04791587  63.13896189  023.04814806
112  63.13893267  023.04880980  63.13888546  023.04912824
112  63.13874025  023.04953053  63.13867955  023.04962507
111  63.13922052  023.04948461
111  63.13921230  023.04830930
112  63.13911338  023.04736892  63.13901221  023.04689126
112  63.13878065  023.04654297  63.13868847  023.04639868
112  63.13838560  023.04628906  63.13830790  023.04626040
111  63.13824315  023.04619590
111  63.13811096  023.04620187
112  63.13803002  023.04635711  63.13795179  023.04635711
111  63.13594636  023.04654855
113  63.13424331  023.04680037
111  63.13330819  023.04737200
112  63.13302267  023.04809331  63.13293049  023.04844651
111  63.13302267  023.04809331
112  63.13281359  023.04746652  63.13264947  023.04716307
113  63.13281359  023.04746652
110 1 0.00 0.0000 LSK Business Park
112  63.13650749  023.04312566  63.13646379  023.04321336
112  63.13640080  023.04327182  63.13638759  023.04327857
112  63.13609322  023.04344744  63.13589657  023.04355624
111  63.13571180  023.04382311
111  63.13378024  023.04684151
111  63.13424331  023.04680037
112  63.13416452  023.04676394  63.13412394  023.04672620
111  63.13416647  023.04661830
112  63.13524433  023.04491985  63.13528969  023.04483566
112  63.13538019  023.04484328  63.13541385  023.04486594
112  63.13553594  023.04490237  63.13558370  023.04490012
111  63.13563857  023.04472249
111  63.13569750  023.04477645
111  63.13576086  023.04451591
112  63.13566087  023.04437020  63.13563405  023.04432973
111  63.13565722  023.04427036
112  63.13590839  023.04391149  63.13599984  023.04377657
112  63.13624812  023.04368238  63.13633445  023.04365647
112  63.13649833  023.04364028  63.13655832  023.04365324
111  63.13663148  023.04377304
111  63.13675292  023.04341039
111  63.13674707  023.04308011
111  63.13672804  023.04297649
111  63.13677194  023.04287288
113  63.13667976  023.04264622
130 Boundary
111  63.14179714  023.04976042
111  63.14176571  023.04889221
111  63.14147518  023.04883428
111  63.14063779  023.04895255
111  63.13933968  023.04909381
111  63.13923342  023.04762641
111  63.13880607  023.04597988
111  63.13765825  023.04609308
111  63.13560355  023.04629195
111  63.13715339  023.04428761
111  63.13702029  023.04131801
111  63.13577802  023.04207882
111  63.13433610  023.04441032
111  63.13415079  023.04505876
111  63.13380769  023.04601989
111  63.13349648  023.04655350
111  63.13253274  023.04676323
111  63.13086762  023.04701818
111  63.12993997  023.04711584
111  63.12926962  023.04722710
111  63.12808058  023.04736467
111  63.12469870  023.04764525
111  63.12400597  023.04731566
111  63.12372623  023.04604167
111  63.12332226  023.04602711
111  63.12271322  023.04571094
111  63.12149810  023.04449025
111  63.11990123  023.04293063
111  63.11941353  023.04024681
111  63.11890578  023.04031127
111  63.11864852  023.04034750
111  63.11839719  023.04037409
111  63.11804455  023.04041989
111  63.11771315  023.04047819
111  63.11772569  023.04148976
111  63.11610031  023.04209313
111  63.11593638  023.04206297
111  63.11579249  023.04209419
111  63.11573714  023.04213598
111  63.11565813  023.04215132
111  63.11561926  023.04218288
111  63.11554249  023.04220838
111  63.11542836  023.04227118
111  63.11424466  023.04236062
111  63.11433014  023.04564573
111  63.11413191  023.04654813
111  63.11430648  023.05036885
111  63.11403957  023.05189712
111  63.11253742  023.05213138
111  63.11255146  023.05398702
111  63.11276706  023.05425720
111  63.11678218  023.05402668
111  63.11699398  023.05467833
111  63.11846533  023.05480930
111  63.11824594  023.05660137
111  63.11948996  023.05815869
111  63.12019684  023.05884576
111  63.12178026  023.05833930
111  63.12196052  023.05796959
111  63.12219704  023.05751803
111  63.12331516  023.05700800
111  63.12435466  023.05303341
111  63.14029758  023.05087049
111  63.14077040  023.05097210
111  63.14107798  023.05082007
111  63.14139721  023.05084609
113  63.14179517  023.05043025
120 Linear Feature 21
111  63.11512030  023.04892349 1
112  63.11519131  023.04882165  63.11526515  023.04880785 1
115  63.11538787  023.04879635
120 Linear Feature 20
111  63.11509471  023.04801354 1
112  63.11515804  023.04792737  63.11520691  023.04792047 1
115  63.11536915  023.04790897
120 Linear Feature 19
111  63.11510400  023.04834547 1
112  63.11516636  023.04821944  63.11521939  023.04821024 1
115  63.11537331  023.04819874
120 Linear Feature 18
111  63.11511169  023.04861450 1
112  63.11518403  023.04851611  63.11524747  023.04850691 1
115  63.11538059  023.04850001
120 Linear Feature 17
111  63.11535667  023.04760835 1
111  63.11514348  023.04763365 1
116  63.11508671  023.04772750  63.11507527  023.04781489
120 Linear Feature 16
111  63.11535355  023.04731858 1
111  63.11513662  023.04732409 1
116  63.11507838  023.04742988  63.11506590  023.04751037
120 Linear Feature 15
111  63.11534731  023.04700812 1
111  63.11512580  023.04703112 1
116  63.11506958  023.04710953  63.11506022  023.04717392
120 Linear Feature 14
111  63.11533379  023.04672525 1
111  63.11511748  023.04673675 1
116  63.11506181  023.04682905  63.11504829  023.04689575
120 Linear Feature 13
111  63.11505361  023.04654483 1
112  63.11513516  023.04643778  63.11519963  023.04642858 1
115  63.11532547  023.04641708
120 Linear Feature 1
111  63.11870159  023.05431209 1
112  63.11887755  023.05529265  63.11901988  023.05565893 1
112  63.11913312  023.05581251  63.11919378  023.05587576 1
112  63.11943142  023.05601405  63.11950335  023.05602363 1
115  63.11966138  023.05608049
120 Linear Feature 3
111  63.12920373  023.04936789 1
111  63.12934164  023.04896536 1
112  63.12937124  023.04829112  63.12931643  023.04791761
111  63.12937124  023.04829112
112  63.12937124  023.04829112  63.12926381  023.04762415 1
115  63.12897111  023.04765040
120 Linear Feature 7
111  63.13671978  023.04282071 1
111  63.13649052  023.04336172 1
112  63.13638174  023.04347821  63.13630454  023.04350409 1
111  63.13604921  023.04361250 1
112  63.13579655  023.04387032  63.13568145  023.04404427
111  63.13579655  023.04387032
112  63.13579655  023.04387032  63.13570224  023.04401285 1
112  63.13365564  023.04723742  63.13311479  023.04808972
111  63.13365564  023.04723742
112  63.13365564  023.04723742  63.13353642  023.04742530 1
111  63.13346408  023.04753932 1
116  63.13300256  023.04886617  63.13287960  023.04973087
120 Linear Feature 3
111  63.12537104  023.04871749 1
115  63.12539515  023.04986124
120 Linear Feature 1
111  63.12562271  023.04803843 1
116  63.12537104  023.04871749  63.12537923  023.04921431
120 Linear Feature 24
111  63.11864432  023.05427639 4
115  63.11875927  023.05425140
120 Linear Feature 23
111  63.11866862  023.05313640 1
116  63.11870159  023.05431209  63.11871169  023.05448644
120 Linear Feature 22
111  63.11935053  023.05246856 1
111  63.11911873  023.05249967 1
116  63.11866862  023.05313640  63.11859586  023.05378012
120 Linear Feature 21
111  63.11810509  023.05260035 1
111  63.11832401  023.05257353 1
116  63.11866862  023.05313640  63.11873330  023.05367730
120 Linear Feature 14
111  63.12416189  023.05184061 1
111  63.12461558  023.05177537 1
112  63.12528924  023.05097055  63.12553421  023.05016038
111  63.12528924  023.05097055
112  63.12528924  023.05097055  63.12540391  023.05041670 1
115  63.12540082  023.05011151
120 Linear Feature 13
111  63.12539515  023.04986124 1
111  63.12540082  023.05011151 1
112  63.12574924  023.05137160  63.12604515  023.05167744
111  63.12574924  023.05137160
112  63.12574924  023.05137160  63.12591417  023.05168280 1
115  63.12668765  023.05151992
120 Linear Feature 12
111  63.12920373  023.04936789 1
111  63.12879652  023.05053953 1
112  63.12821009  023.05135420  63.12789477  023.05140786 1
115  63.12750784  023.05143868
120 Linear Feature 11
111  63.13908712  023.04811180 1
116  63.13891074  023.04940946  63.13869045  023.05000920
120 Linear Feature 10
111  63.13296876  023.04912767 1
115  63.13298392  023.04886242
120 Linear Feature 9
111  63.13300256  023.04886617 1
111  63.13296876  023.04912767 1
112  63.13244997  023.05054768  63.13199039  023.05109457
111  63.13244997  023.05054768
112  63.13244997  023.05054768  63.13217958  023.05092713 1
111  63.13179759  023.05092786 1
115  63.13142490  023.05097305
120 Linear Feature 8
111  63.13227410  023.04728003 1
112  63.13286265  023.04797911  63.13301593  023.04862762
111  63.13286265  023.04797911
112  63.13286265  023.04797911  63.13298392  023.04836300 1
115  63.13298392  023.04886242
120 Linear Feature 2
111  63.12562271  023.04803843 1
111  63.12897111  023.04765040 1
111  63.13227410  023.04728003 1
111  63.13821431  023.04654208 1
112  63.13883071  023.04700705  63.13904348  023.04752623
111  63.13883071  023.04700705
112  63.13883071  023.04700705  63.13907076  023.04752623 1
115  63.13908712  023.04811180
120 Linear Feature 22
111  63.11499358  023.05113492 20
111  63.11452433  023.05190092 20
111  63.11419221  023.05245052 20
112  63.11398062  023.05262859  63.11387353  023.05266837 20
112  63.11338526  023.05270427  63.11334178  023.05270992 20
112  63.11312669  023.05289972  63.11303174  023.05305758 20
111  63.11291109  023.05331804 20
112  63.11282656  023.05363842  63.11280384  023.05375261
111  63.11282656  023.05363842 20
115  63.11281375  023.05369780
120 Linear Feature 21
111  63.11510710  023.05086995 1
116  63.11503503  023.05103017  63.11498322  023.05109891
120 Linear Feature 19
111  63.11619646  023.04252859 1
112  63.11632614  023.04276784  63.11634391  023.04300682
111  63.11632614  023.04276784
112  63.11632614  023.04276784  63.11633058  023.04291188 1
112  63.11621364  023.04311157  63.11609225  023.04312467 1
111  63.11591610  023.04315740 1
116  63.11584039  023.04331454  63.11582707  023.04346840
120 Linear Feature 18
111  63.11646825  023.04267945 1
111  63.11635575  023.04311812 1
112  63.11623880  023.04324579  63.11614258  023.04326216 1
115  63.11593682  023.04328835
120 Linear Feature 17
111  63.11582754  023.04282898 1
112  63.11571059  023.04259655  63.11561437  023.04259983 1
111  63.11551815  023.04260310 1
116  63.11543305  023.04292606  63.11543453  023.04322068
120 Linear Feature 16
111  63.11802601  023.04228033 1
111  63.11619646  023.04252859 1
111  63.11588675  023.04257037 1
112  63.11582754  023.04282898  63.11583494  023.04305158
111  63.11582754  023.04282898
112  63.11582754  023.04282898  63.11583128  023.04294159 1
112  63.11584039  023.04331454  63.11584446  023.04348608
111  63.11584039  023.04331454
112  63.11584039  023.04331454  63.11584436  023.04348209 1
115  63.11584740  023.04362114
120 Linear Feature 15
111  63.11502932  023.04639444 1
112  63.11515899  023.04616267  63.11528511  023.04606447 1
112  63.11544144  023.04577771  63.11547341  023.04547131 1
111  63.11544440  023.04485457 1
112  63.11538575  023.04316151  63.11537040  023.04269994 1
111  63.11536792  023.04256318 1
112  63.11546934  023.04241311  63.11558302  023.04239347 1
111  63.11607536  023.04236787 1
111  63.11800944  023.04209176 1
116  63.11817848  023.04146736  63.11817848  023.04097707
120 Linear Feature 11
111  63.11512460  023.04907787 1
116  63.11526390  023.04926041  63.11537771  023.04925047
120 Linear Feature 14
111  63.11514731  023.04989334 1
111  63.11512460  023.04907787 1
111  63.11512030  023.04892349 1
111  63.11511169  023.04861450 1
111  63.11510400  023.04834547 1
111  63.11509471  023.04801354 1
111  63.11508671  023.04772750 1
111  63.11507838  023.04742988 1
111  63.11506958  023.04710953 1
111  63.11506181  023.04682905 1
115  63.11505361  023.04654483
120 Linear Feature 4
111  63.11538694  023.05012209 1
116  63.11514731  023.04989334  63.11510661  023.04936411
120 Linear Feature 6
111  63.11538694  023.05012209 1
112  63.11558475  023.04894577  63.11559115  023.04844138
111  63.11558475  023.04894577 1
115  63.11557982  023.04858927
120 Linear Feature 5
111  63.11510710  023.05086995 1
116  63.11514731  023.04989334  63.11514238  023.04938594
120 Linear Feature 13
111  63.11604355  023.04580416 1
111  63.11606132  023.04668803 1
116  63.11603950  023.04686459  63.11601641  023.04695102
120 Linear Feature 12
111  63.11590195  023.04573253 1
112  63.11575764  023.04556738  63.11563909  023.04557198
111  63.11575764  023.04556738 1
111  63.11557822  023.04558247 1
116  63.11551365  023.04571823  63.11548661  023.04583552
120 Linear Feature 12
111  63.11589536  023.04540349 1
112  63.11575244  023.04528681  63.11563389  023.04529141
111  63.11575244  023.04528681 1
111  63.11556837  023.04530750 1
116  63.11551068  023.04542257  63.11548572  023.04553066
120 Linear Feature 12
111  63.11588863  023.04511260 1
112  63.11574828  023.04499243  63.11562973  023.04499703
111  63.11574828  023.04499243 1
111  63.11557149  023.04500623 1
116  63.11550692  023.04514200  63.11547989  023.04525928
120 Linear Feature 12
111  63.11588132  023.04481693 1
112  63.11574308  023.04469116  63.11562453  023.04469576
111  63.11574308  023.04469116 1
111  63.11556629  023.04470496 1
116  63.11549916  023.04486870  63.11547836  023.04500669
120 Linear Feature 12
111  63.11587296  023.04449552 1
112  63.11573684  023.04439219  63.11561829  023.04439679
111  63.11573684  023.04439219 1
111  63.11556005  023.04440599 1
116  63.11549502  023.04455325  63.11547214  023.04471194
120 Linear Feature 12
111  63.11586533  023.04421512 1
112  63.11572436  023.04408172  63.11560581  023.04408632
111  63.11572436  023.04408172 1
111  63.11555797  023.04410242 1
116  63.11548516  023.04424508  63.11546124  023.04437157
120 Linear Feature 12
111  63.11584039  023.04331454 1
112  63.11569317  023.04317790  63.11557461  023.04318250
111  63.11569317  023.04317790 1
111  63.11551637  023.04319170 1
116  63.11545082  023.04333677  63.11542482  023.04348396
120 Linear Feature 12
111  63.11585663  023.04391183 1
112  63.11571812  023.04377585  63.11559957  023.04378045
111  63.11571812  023.04377585 1
111  63.11554133  023.04378965 1
116  63.11547468  023.04394611  63.11545180  023.04411630
120 Linear Feature 12
111  63.11584740  023.04362114 1
112  63.11570876  023.04348377  63.11559021  023.04348837
111  63.11570876  023.04348377 1
111  63.11553197  023.04349757 1
116  63.11546380  023.04366131  63.11544092  023.04383150
120 Linear Feature 12
111  63.11551681  023.04623320 1
112  63.11551365  023.04571823  63.11551108  023.04541843
111  63.11551365  023.04571823
112  63.11551365  023.04571823  63.11551286  023.04562637 1
112  63.11551068  023.04542257  63.11550948  023.04531857
111  63.11551068  023.04542257
112  63.11551068  023.04542257  63.11550962  023.04533068 1
112  63.11550692  023.04514200  63.11550548  023.04504616
111  63.11550692  023.04514200
112  63.11550692  023.04514200  63.11550541  023.04504163 1
112  63.11550270  023.04484072  63.11550070  023.04474135
111  63.11550270  023.04484072
112  63.11550270  023.04484072  63.11550071  023.04474163 1
112  63.11549502  023.04455325  63.11549219  023.04446180
111  63.11549502  023.04455325
112  63.11549502  023.04455325  63.11549415  023.04452512 1
112  63.11549244  023.04447050  63.11549160  023.04444350
111  63.11549244  023.04447050
112  63.11549244  023.04447050  63.11549017  023.04439751 1
112  63.11548516  023.04424508  63.11548259  023.04416973
111  63.11548516  023.04424508
112  63.11548516  023.04424508  63.11548182  023.04414704 1
112  63.11547468  023.04394611  63.11547108  023.04384878
111  63.11547468  023.04394611
112  63.11547468  023.04394611  63.11547107  023.04384852 1
112  63.11546380  023.04366131  63.11546021  023.04356990
111  63.11546380  023.04366131
112  63.11546380  023.04366131  63.11545925  023.04354548 1
112  63.11545082  023.04333677  63.11544681  023.04324018
111  63.11545082  023.04333677
112  63.11545082  023.04333677  63.11544057  023.04308978 1
115  63.11543305  023.04292606
120 Linear Feature 11
111  63.11557894  023.04859026 1
111  63.11551681  023.04623320 1
112  63.11564839  023.04595585  63.11577278  023.04593994 1
111  63.11590419  023.04594107 1
111  63.11597881  023.04593554 1
112  63.11614756  023.04615160  63.11615496  023.04640039 1
111  63.11615792  023.04657062 1
112  63.11603950  023.04686459  63.11590479  023.04701518
111  63.11603950  023.04686459
112  63.11603950  023.04686459  63.11592107  023.04699881 1
115  63.11591723  023.04706512
120 Linear Feature 10
111  63.11590908  023.04652375 1
112  63.11578118  023.04638466  63.11570211  023.04638466
111  63.11578118  023.04638466 1
115  63.11562124  023.04638863
120 Linear Feature 9
111  63.11591350  023.04683372 1
112  63.11579375  023.04665092  63.11571648  023.04665092
111  63.11579375  023.04665092 1
115  63.11562184  023.04666405
120 Linear Feature 8
111  63.11593940  023.04807762 1
112  63.11581712  023.04787093  63.11572547  023.04786298
111  63.11581712  023.04787093 1
115  63.11566796  023.04785901
120 Linear Feature 7
111  63.11593152  023.04771604 1
112  63.11582430  023.04757288  63.11574523  023.04757288
111  63.11582430  023.04757288 1
115  63.11564819  023.04757288
120 Linear Feature 6
111  63.11592314  023.04742584 1
112  63.11582970  023.04726688  63.11575602  023.04727881
111  63.11582970  023.04726688 1
115  63.11563382  023.04727881
120 Linear Feature 5
111  63.11591723  023.04706512 1
112  63.11583329  023.04696089  63.11576860  023.04696089 1
115  63.11563202  023.04696486
120 Linear Feature 10
111  63.11594412  023.04829443 1
111  63.11593940  023.04807762 1
111  63.11593152  023.04771604 1
111  63.11592486  023.04740995 1
111  63.11591723  023.04706512 1
112  63.11591350  023.04683372  63.11591139  023.04669517
111  63.11591350  023.04683372
112  63.11591350  023.04683372  63.11591212  023.04674338 1
112  63.11590908  023.04652375  63.11590761  023.04641262
111  63.11590908  023.04652375
112  63.11590908  023.04652375  63.11590607  023.04629577 1
112  63.11590419  023.04594107  63.11590485  023.04582535
111  63.11590419  023.04594107
112  63.11590419  023.04594107  63.11590442  023.04590122 1
112  63.11590195  023.04573253  63.11590032  023.04563654
111  63.11590195  023.04573253
112  63.11590195  023.04573253  63.11590040  023.04564121 1
112  63.11589536  023.04540349  63.11589260  023.04527819
111  63.11589536  023.04540349
112  63.11589536  023.04540349  63.11589335  023.04531230 1
112  63.11588863  023.04511260  63.11588619  023.04501091
111  63.11588863  023.04511260
112  63.11588863  023.04511260  63.11588633  023.04501643 1
112  63.11588132  023.04481693  63.11587879  023.04471689
111  63.11588132  023.04481693
112  63.11588132  023.04481693  63.11587860  023.04470938 1
112  63.11587296  023.04449552  63.11587015  023.04438991
111  63.11587296  023.04449552
112  63.11587296  023.04449552  63.11587039  023.04439902 1
112  63.11586533  023.04421512  63.11586284  023.04412555
111  63.11586533  023.04421512
112  63.11586533  023.04421512  63.11586227  023.04410537 1
112  63.11585663  023.04391183  63.11585393  023.04382095
111  63.11585663  023.04391183
112  63.11585663  023.04391183  63.11585301  023.04379006 1
116  63.11584740  023.04362114  63.11583248  023.04320160
120 Linear Feature 8
111  63.11520149  023.05053220 1
112  63.11538694  023.05012209  63.11549072  023.04988129
111  63.11538694  023.05012209
112  63.11538694  023.05012209  63.11559545  023.04963828 1
116  63.11594950  023.04828331  63.11598410  023.04774562
120 Linear Feature 2
111  63.11507978  023.05105253 1
112  63.11510710  023.05086995  63.11512901  023.05075895
111  63.11510710  023.05086995
112  63.11510710  023.05086995  63.11512520  023.05077824 1
116  63.11520149  023.05053220  63.11524840  023.05040479
120 Linear Feature 1
111  63.11519993  023.05223974 1
116  63.11506794  023.05112455  63.11511531  023.05039782
120 Linear Feature 9
111  63.11530610  023.05107526 4
115  63.11478932  023.05111918
120 Linear Feature 7
111  63.12550902  023.04982690 4
115  63.12527564  023.04985290
120 Linear Feature 6
111  63.12349284  023.05011951 4
115  63.12344894  023.05012591
120 Linear Feature 5
111  63.12348487  023.04981140 4
115  63.12343893  023.04981389
120 Linear Feature 3
111  63.12934346  023.04938762 4
115  63.12916215  023.04907626
120 Linear Feature 2
111  63.13309253  023.04893640 4
115  63.13287085  023.04888428
120 Linear Feature 1
111  63.13921050  023.04818835 4
115  63.13895931  023.04815743
14  63.12003032  023.04345684  19.69 0 Tower Viewpoint
1300  63.11854683  023.05620158 -57.28 misc turboprops|props GA 2
1301 A none 
1300  63.11989979  023.05606519 176.47 misc turboprops|props GA 1
1301 C none 
19  63.12018017  023.05453031 1 WDI
1051 122800 CTAF
1200 
1201  63.11950969  023.05602276 both 0 H_stop
1201  63.11935176  023.05598132 both 1 H_stop
1201  63.11913999  023.05581445 both 2 H_stop
1201  63.11898608  023.05555792 both 3 H_stop
1201  63.11883371  023.05519855 both 4 H_stop
1201  63.11870753  023.05445064 both 5 H_stop
1201  63.12538779  023.04940678 both 6 A_stop
1201  63.12537669  023.04864557 both 7 A_stop
1201  63.12543775  023.04825269 both 8 A_stop
1201  63.12562092  023.04798258 both 9 A_stop
1201  63.13795648  023.04657818 both 10 A_stop
1201  63.13840886  023.04654263 both 11 A_stop
1201  63.13882971  023.04700642 both 12 A_stop
1201  63.13900775  023.04753688 both 13 A_stop
1201  63.13908023  023.04799093 both 14 A_start
1201  63.13893752  023.05009802 both 15 _stop
1201  63.11519717  023.05294541 both 16 _start
1201  63.11865022  023.05252865 both 17 _start
1201  63.12538405  023.05171766 both 18 _start
1202 1 0 twoway taxiway_C H
1202 2 1 twoway taxiway_C H
1202 3 2 twoway taxiway_C H
1202 4 3 twoway taxiway_C H
1202 5 4 twoway taxiway_C H
1202 17 5 twoway taxiway_C H
1204 departure 17,35
1204 arrival 17,35
1202 6 18 twoway taxiway_C A
1204 departure 17,35
1204 arrival 17,35
1202 7 6 twoway taxiway_C A
1202 8 7 twoway taxiway_C A
1202 9 8 twoway taxiway_C A
1202 10 9 twoway taxiway_C A
1202 11 10 twoway taxiway_C A
1202 12 11 twoway taxiway_C A
1202 13 12 twoway taxiway_C A
1202 14 13 twoway taxiway_C A
1202 14 15 twoway taxiway_C A
1204 departure 17,35
1204 arrival 17,35
1202 16 17 twoway runway 17/35
1204 departure 17,35
1204 arrival 17,35
1204 ils 17,35
1202 17 18 twoway runway 17/35
1204 departure 17,35
1204 arrival 17,35
1204 ils 17,35
1202 18 15 twoway runway 17/35
1204 departure 17,35
1204 arrival 17,35
1204 ils 17,35
99
