I
1050 Generated by WorldEditor

1      6 0 0 EFKG Kumlinge
1302 city Kumlinge
1302 country Finland
1302 datum_lat 60.246944444
1302 datum_lon 20.804722222
1302 faa_code 
1302 iata_code 
1302 icao_code EFKG
1302 region_code EF
1302 state Åland Islands
1302 transition_alt 
1302 transition_level 
100 17.98 1 0 0.25 0 2 0 15  60.24733968  020.80196589   34    0 2 0 0 0 33  60.24209702  020.80702777   25    0 2 0 0 0
102 H1  60.24674305  020.80159591 153.35 17.30 12.30 1 0 0 0.00 0
110 1 0.25 153.0000 Apron/Taxiway
112  60.24688523  020.80055894  60.24685370  020.80061734
112  60.24678367  020.80091560  60.24677957  020.80104101
111  60.24678367  020.80091560
112  60.24678367  020.80091560  60.24678531  020.80104431
112  60.24687797  020.80140966  60.24687961  020.80146411
111  60.24687797  020.80140966
112  60.24687797  020.80140966  60.24685668  020.80143441
111  60.24680223  020.80148449
111  60.24682689  020.80158286
111  60.24689974  020.80151490
112  60.24698243  020.80197388  60.24698778  020.80203855
111  60.24698243  020.80197388
112  60.24698243  020.80197388  60.24699199  020.80206780
111  60.24697083  020.80215175
111  60.24706691  020.80205900
112  60.24690989  020.80119625  60.24690580  020.80116159
112  60.24693456  020.80106177  60.24695831  020.80102381
112  60.24737561  020.80062618  60.24737612  020.80060876
114  60.24726244  020.80019936  60.24725990  020.80019628
110 1 0.00 0.0000 Signal Pad
111  60.24531146  020.80487001 20
111  60.24523438  020.80494173 20
111  60.24527144  020.80509192 20
113  60.24534799  020.80501513 20
130 Airport Boundary
111  60.24191510  020.80651444
111  60.24218531  020.80758802
111  60.24775801  020.80218745
111  60.24723727  020.79992799
111  60.24673492  020.80037380
113  60.24603805  020.80249680
120 Taxiline
111  60.24687739  020.80120885 20
111  60.24701671  020.80195884
112  60.24701671  020.80195884  60.24702925  020.80202994 20
115  60.24702894  020.80209373
1300  60.24714926  020.80045738  60.00 tie_down props|helos EFKG Kumlinge ramp
1301 A general_aviation 
1300  60.24701555  020.80057635  60.00 tie_down props|helos EFKG Kumlinge ramp
1301 A general_aviation 
19  60.24534155  020.80513016 1 WS
51 12340 CTAF
99
