I
1130 Generated by WorldEditor 2.0.0r4

1    570 0 0 EFKH Kuhmo
1302 city Kuhmo
1302 country Finland
1302 datum_lat 64.1125
1302 datum_lon 29.438611111
1302 faa_code 
1302 iata_code 
1302 icao_code EFKH
1302 region_code EF
1302 state Oulu
1302 transition_alt 
1302 transition_level 
100 14.94 5 0 0.15 0 0 0 12  64.11577400  029.42943400   95    0 0 0 0 0 30  64.11024200  029.44700200  108    0 0 0 0 0
110 1 0.25 125.8000 New Taxiway 2
111  64.11611244  029.43014776
112  64.11610802  029.43023075  64.11610556  029.43024827
111  64.11607091  029.43038257
111  64.11603468  029.43053237
111  64.11614867  029.43068217
112  64.11617607  029.43059108  64.11617916  029.43057991
112  64.11618667  029.43053035  64.11618941  029.43051309
111  64.11620523  029.43036233
113  64.11623174  029.43014776
110 1 0.25 125.8000 New Taxiway 3
111  64.11591841  029.43083553
112  64.11589156  029.43084333  64.11588557  029.43084595
112  64.11587153  029.43086384  64.11586682  029.43087463
112  64.11585548  029.43091784  64.11585205  029.43093190
111  64.11581129  029.43109496
111  64.11594262  029.43130723
112  64.11597760  029.43123132  64.11598377  029.43121916
112  64.11600644  029.43115682  64.11601261  029.43113916
113  64.11604632  029.43103194
110 5 0.25 125.8000 New Taxiway 4
111  64.11585548  029.43091784
112  64.11581555  029.43093285  64.11580959  029.43093426
112  64.11579765  029.43093285  64.11579308  029.43093121
112  64.11578145  029.43092016  64.11577732  029.43091460
111  64.11558844  029.43066812
111  64.11553854  029.43057273
111  64.11549993  029.43047885
111  64.11543630  029.43068938
111  64.11548628  029.43078080
112  64.11551583  029.43083715  64.11551801  029.43084169
112  64.11552113  029.43086144  64.11552014  029.43087097
112  64.11551141  029.43092014  64.11550834  029.43092786
112  64.11548225  029.43099099  64.11547938  029.43100007
112  64.11437871  029.43450731  64.11437306  029.43452261
112  64.11434198  029.43458800  64.11433530  029.43459898
112  64.11430778  029.43463202  64.11429972  029.43463947
111  64.11426482  029.43466294
111  64.11417031  029.43470793
111  64.11413287  029.43483725
111  64.11425745  029.43478524
112  64.11432557  029.43473463  64.11433379  029.43472600
112  64.11437037  029.43467138  64.11437756  029.43465961
112  64.11440781  029.43458985  64.11441397  029.43457180
112  64.11552395  029.43104189  64.11552960  029.43102306
112  64.11556998  029.43096035  64.11557605  029.43095327
112  64.11560619  029.43092943  64.11561356  029.43092616
112  64.11564730  029.43093681  64.11565373  029.43093980
112  64.11569716  029.43097592  64.11570347  029.43098191
113  64.11581129  029.43109496
110 4 0.40 125.8000 New Taxiway 5
111  64.11570733  029.42983112
112  64.11583258  029.42981003  64.11584679  029.42980799
112  64.11595161  029.42981864  64.11596308  029.42981982
112  64.11602791  029.42985060  64.11603870  029.42985766
112  64.11608756  029.42992313  64.11609363  029.42992995
112  64.11610771  029.42995952  64.11611104  029.42996851
112  64.11611407  029.43001591  64.11611407  029.43002899
111  64.11611244  029.43014776
111  64.11623174  029.43014776
111  64.11625227  029.42978276
112  64.11615948  029.42970382  64.11614777  029.42969581
112  64.11602428  029.42962082  64.11601441  029.42961611
112  64.11588288  029.42957629  64.11587178  029.42957535
113  64.11578391  029.42958236
110 4 0.40 125.0000 New Taxiway 5
111  64.11597333  029.42841001
111  64.11419669  029.43399327
111  64.11249768  029.43934955
111  64.11144481  029.44269863
111  64.10979008  029.44803638
111  64.10998032  029.44835687
111  64.11095519  029.44524600
111  64.11157018  029.44324283
111  64.11545145  029.43085649
111  64.11556306  029.43053823
111  64.11568150  029.43027737
113  64.11616211  029.42870693
130 Airport Boundary 14
111  64.10917659  029.45324740
111  64.10998739  029.44966910
111  64.11265948  029.44122354
111  64.11374769  029.43779667
111  64.11565205  029.43179930
111  64.11599938  029.43205476
111  64.11655612  029.43030213
111  64.11637893  029.42786009
111  64.11574950  029.42722035
111  64.11491508  029.42988884
111  64.11518666  029.43038468
111  64.11301403  029.43700141
111  64.11244496  029.43638699
111  64.11225066  029.43703126
111  64.11274638  029.43792086
111  64.11112478  029.44314891
111  64.10935662  029.44879684
113  64.10839591  029.45183067
14  64.11595679  029.43039016  32.81 0 New Tower Viewpoint 27
1300  64.11614272  029.43039373 114.00 misc props Hangar
1301 A none 
1300  64.11590917  029.43166061 267.00 misc props Gravel parking
1301 A none 
1300  64.11539490  029.43185250 215.80 misc props Grass parking 1
1301 A none 
1300  64.11530650  029.43214245 215.80 misc props Grass parking 2
1301 A none 
19  64.11241700  029.43675838 0 WDI
1051 123500 Kuhmo Radio
99
