I
1100 Generated by WorldEditor 1.6.1r1

1     42 0 0 EFKO KALAJOKI
1302 city Kalajoki
1302 country Finland
1302 datum_lat 64.228611111
1302 datum_lon 23.826388889
1302 faa_code 
1302 iata_code 
1302 icao_code EFKO
1302 region_code EF
1302 state Oulu
1302 transition_alt 
1302 transition_level 
1302 flatten 1
100 29.87 1 0 0.25 0 0 0 05  64.22497746  023.81564690   83    0 1 0 0 0 23  64.23158445  023.83529375  161    0 1 0 0 0
110 1 0.10 145.0000 Taxiway 3
111  64.22947575  023.82597898 1
111  64.22901032  023.82671124 1
111  64.22891087  023.82686771
111  64.22896289  023.82701476 1
112  64.22905803  023.82686310  64.22911404  023.82677389
111  64.22905803  023.82686310
112  64.22905803  023.82686310  64.22919576  023.82664374 1
112  64.22944697  023.82625026  64.22945833  023.82623794
111  64.22944697  023.82625026
112  64.22944697  023.82625026  64.22946295  023.82623292 1
112  64.22951345  023.82624702  64.22953852  023.82626017 1
113  64.22957052  023.82629971
110 1 0.10 60.0000 Taxiway 2
111  64.22983240  023.82536301 1
112  64.22972105  023.82507112  64.22970991  023.82503268
111  64.22972105  023.82507112
112  64.22972105  023.82507112  64.22971092  023.82504109 1
112  64.22970337  023.82499899  64.22969762  023.82496840
111  64.22970337  023.82499899
112  64.22970337  023.82499899  64.22969665  023.82495468 1
111  64.22927472  023.82211971 1
112  64.22926994  023.82209657  64.22926765  023.82208768
111  64.22926994  023.82209657
112  64.22926994  023.82209657  64.22925593  023.82204203 1
112  64.22917894  023.82176412  64.22913116  023.82161046
111  64.22917894  023.82176412
112  64.22917894  023.82176412  64.22911018  023.82157597 1
112  64.22698612  023.81620624  64.22690141  023.81602165 1
112  64.22675524  023.81584650  64.22666399  023.81575933 1
112  64.22650313  023.81575499  64.22644487  023.81574583 1
111  64.22568475  023.81573050 1
112  64.22563098  023.81572239  64.22560023  023.81571880
111  64.22563098  023.81572239
112  64.22563098  023.81572239  64.22559803  023.81571854 1
112  64.22551464  023.81569954  64.22547457  023.81568706
111  64.22551464  023.81569954
112  64.22551464  023.81569954  64.22543719  023.81567541 1
112  64.22522101  023.81533547  64.22520654  023.81531675 1
112  64.22517264  023.81531915  64.22515243  023.81534134 1
111  64.22508172  023.81546395 1
111  64.22531943  023.81614391 1
112  64.22552597  023.81593628  64.22557989  023.81591049
111  64.22552597  023.81593628
112  64.22552597  023.81593628  64.22556522  023.81591751 1
112  64.22563338  023.81589169  64.22567267  023.81588463
111  64.22563338  023.81589169
112  64.22563338  023.81589169  64.22564807  023.81588905 1
112  64.22568318  023.81588273  64.22570207  023.81588312
111  64.22568318  023.81588273
112  64.22568318  023.81588273  64.22575259  023.81588417 1
112  64.22650012  023.81592831  64.22654333  023.81593547 1
112  64.22673082  023.81601207  64.22681476  023.81608508 1
112  64.22693780  023.81634871  64.22702172  023.81653199 1
112  64.22911612  023.82186944  64.22915890  023.82200057
111  64.22911612  023.82186944
112  64.22911612  023.82186944  64.22914854  023.82196882 1
112  64.22917753  023.82209264  64.22919403  023.82215103
111  64.22917753  023.82209264
112  64.22917753  023.82209264  64.22918280  023.82211130 1
111  64.22920289  023.82219312 8
111  64.22963040  023.82506280 8
113  64.22972168  023.82555405
110 1 0.10 55.0000 Taxiway 1
111  64.23071582  023.82835796 1
112  64.23134457  023.83024726  64.23139773  023.83043814 1
112  64.23154574  023.83103374  64.23161057  023.83133199 1
112  64.23203502  023.83318337  64.23204805  023.83330802 1
112  64.23204181  023.83350087  64.23203257  023.83358474 1
112  64.23200611  023.83371879  64.23199127  023.83378289 1
112  64.23192806  023.83390940  64.23190598  023.83395352 1
111  64.23152832  023.83462346
111  64.23157724  023.83476949 1
112  64.23193311  023.83413961  64.23196189  023.83408119 1
112  64.23207478  023.83379086  64.23209458  023.83370626 1
112  64.23212278  023.83352178  64.23213436  023.83341368 1
112  64.23211302  023.83312152  64.23209374  023.83300286 1
112  64.23161873  023.83093550  64.23156557  023.83070884 1
112  64.23141740  023.83016337  64.23137202  023.82999933 1
112  64.23100410  023.82892180  64.23097723  023.82882653 1
112  64.23091306  023.82845367  64.23086638  023.82827329 1
113  64.23083541  023.82814329
130 Airport Boundary 4
111  64.22460033  023.81592091
111  64.22688842  023.82267105
111  64.22824823  023.82666381
111  64.22911129  023.82935268
111  64.23057146  023.83409603
111  64.23121875  023.83605808
111  64.23197643  023.83713143
111  64.23232767  023.83832020
111  64.23276421  023.83752384
111  64.23213198  023.83542330
111  64.23217714  023.83434995
111  64.23240294  023.83386520
111  64.23139939  023.82902942
111  64.23172554  023.82831389
111  64.23028544  023.82291284
111  64.23002452  023.82315517
111  64.22964317  023.82137803
111  64.22909122  023.82009711
111  64.22879517  023.82020097
111  64.22695867  023.81585056
111  64.22664757  023.81560824
111  64.22567915  023.81542350
111  64.22475588  023.81316204
113  64.22416378  023.81453507
120 Linear Feature 14
111  64.22563330  023.81589372 4
115  64.22563098  023.81572239
120 Linear Feature 12
111  64.22905791  023.82686329 4
115  64.22901044  023.82671105
120 Linear Feature 11
111  64.23167523  023.83459811 4
115  64.23162741  023.83444801
1300  64.23037847  023.82684302 328.88 tie_down props Ramp 2
1301 A general_aviation 
1300  64.23028740  023.82648464 330.29 tie_down props Ramp 1
1301 A none 
19  64.22975051  023.82760048 1 WS
99
