I
1100 Generated by WorldEditor 1.7.21r1

1    348 0 0 EFKR Karsamaki
1302 city Kärsämäki
1302 country Finland
1302 datum_lat 63.989166667
1302 datum_lon 25.743611111
1302 faa_code 
1302 iata_code 
1302 icao_code EFKR
1302 region_code EF
1302 state Oulu
1302 transition_alt 
1302 transition_level 
100 10.00 5 0 0.50 0 0 0 09  63.98966847  025.73763994    0    0 0 0 0 0 27  63.98918517  025.75196241    0    0 0 0 0 0
110 3 0.00 95.0000 New Taxiway 7
111  63.98858814  025.75149640
112  63.98856103  025.75193299  63.98855807  025.75197344
112  63.98849598  025.75199366  63.98846740  025.75199366
111  63.98840137  025.75201614
111  63.98839577  025.75208929
112  63.98859158  025.75212400  63.98867633  025.75216445
112  63.98878671  025.75225434  63.98884289  025.75230378
112  63.98902028  025.75252625  63.98906167  025.75258018
111  63.98902028  025.75252625
112  63.98902028  025.75252625  63.98904104  025.75255330
112  63.98920208  025.75304956  63.98926880  025.75309979
112  63.98936753  025.75309635  63.98939600  025.75306087
112  63.98939410  025.75263633  63.98939791  025.75253345
112  63.98924854  025.75238248  63.98921411  025.75226311
111  63.98924854  025.75238248
112  63.98924854  025.75238248  63.98919947  025.75221236
111  63.98922946  025.75195980
111  63.98914105  025.75195343
112  63.98914385  025.75222867  63.98914149  025.75228530
112  63.98911310  025.75241744  63.98909063  025.75245250
112  63.98902047  025.75240081  63.98899563  025.75236575
112  63.98886054  025.75219891  63.98881654  025.75215360
112  63.98869371  025.75205077  63.98866107  025.75203135
112  63.98865409  025.75189266  63.98865551  025.75181499
113  63.98868092  025.75151355
110 3 0.00 94.0000 New Taxiway 6
111  63.98971133  025.73765465
112  63.98976266  025.73746608  63.98977065  025.73736724
112  63.98977863  025.73710063  63.98978205  025.73699919
112  63.98970335  025.73688344  63.98965430  025.73687564
112  63.98960582  025.73705901  63.98959613  025.73722678
112  63.98958871  025.73742056  63.98958358  025.73754801
113  63.98962635  025.73764295
130 Airport Boundary 1
111  63.98942699  025.73645106
111  63.98899654  025.74958904
111  63.98840651  025.75082885
111  63.98827136  025.75287263
111  63.98944583  025.75337627
113  63.98998534  025.73654414
1300  63.98861921  025.75169692 -82.04 tie_down props GA1
1301 A general_aviation 
1300  63.98930043  025.75297644 188.28 tie_down props GA2
1301 A general_aviation 
1300  63.98931581  025.75263397 188.28 tie_down turboprops|props GA3
1301 A general_aviation 
19  63.98885978  025.75093275 0 WS
1200 
1201  63.98960907  025.73744972 both 0 N_stop
1201  63.98961455  025.73716881 both 1 N_stop
1201  63.98967067  025.73710014 both 2 N_stop
1201  63.98972405  025.73711731 both 3 N_stop
1201  63.98975006  025.73721407 both 4 N_stop
1201  63.98973226  025.73750747 both 5 N_stop
1201  63.98966762  025.73767012 both 6 N_stop
1201  63.98918704  025.75191183 both 7 N_stop
1201  63.98916246  025.75243504 both 8 N_stop
1201  63.98907622  025.75251292 both 9 N_stop
1201  63.98882215  025.75222168 both 10 N_stop
1201  63.98862119  025.75206636 both 11 N_start
1202 0 6 twoway taxiway_A None
1204 departure 09,27
1204 arrival 09,27
1202 1 0 twoway taxiway_A None
1204 departure 09,27
1204 arrival 09,27
1202 2 1 twoway taxiway_A None
1204 departure 09,27
1204 arrival 09,27
1202 3 2 twoway taxiway_A None
1204 departure 09,27
1204 arrival 09,27
1202 4 3 twoway taxiway_A None
1204 departure 09,27
1204 arrival 09,27
1202 5 4 twoway taxiway_A None
1204 departure 09,27
1204 arrival 09,27
1202 6 5 twoway taxiway_A None
1204 departure 09,27
1204 arrival 09,27
1202 7 6 twoway runway 09/27
1204 departure 09,27
1204 arrival 09,27
1204 ils 09,27
1202 8 7 twoway taxiway_A None
1204 departure 09,27
1204 arrival 09,27
1202 9 8 twoway taxiway_A None
1204 departure 09,27
1204 arrival 09,27
1202 10 9 twoway taxiway_A None
1204 departure 09,27
1204 arrival 09,27
1202 11 10 twoway taxiway_A None
99
