I
1130 Generated by WorldEditor 2.1.0r1

1    644 1 0 EFKT Kittila
1302 city Kittilä
1302 country Finland
1302 datum_lat 67.698611111
1302 datum_lon 24.848055556
1302 faa_code 
1302 gui_label 3D
1302 iata_code KTT
1302 icao_code EFKT
1302 region_code EF
1302 state Lapland
1302 transition_alt 5000
1302 transition_level 
100 45.00 1 0 0.25 0 3 0 16  67.71194038  024.83974814    0    0 2 10 0 0 34  67.69010327  024.85399056    0    0 3 10 0 0
110 1 0.00 166.0000 New Taxiway 1
111  67.69884539  024.85311414
111  67.70730166  024.84753746
112  67.70730166  024.84753746  67.70750956  024.84740686
112  67.70768188  024.84601779  67.70763013  024.84546715
111  67.70768188  024.84601779
111  67.70747683  024.84394010
112  67.70747683  024.84394010  67.70744253  024.84349294
111  67.70771973  024.84297909
111  67.70675634  024.84359362
112  67.70715629  024.84416175  67.70720261  024.84463028
111  67.70715629  024.84416175
111  67.70727408  024.84531134
112  67.70727408  024.84531134  67.70732731  024.84585848
112  67.70699810  024.84690513  67.70682155  024.84704978
111  67.70699810  024.84690513
113  67.69875778  024.85215678
110 5 0.00 0.0000 New Taxiway 17
111  67.69763947  024.85925047
112  67.69770453  024.85933409  67.69772357  024.85935918
112  67.69789018  024.85949716  67.69793778  024.85958078
112  67.69803299  024.85951388  67.69807425  024.85945953
112  67.69813930  024.85912503  67.69814406  024.85895778
112  67.69812026  024.85848949  67.69808694  024.85841423
112  67.69801395  024.85856475  67.69798221  024.85862329
112  67.69790605  024.85861493  67.69786003  024.85868183
112  67.69782512  024.85884071  67.69777593  024.85884907
112  67.69774282  024.85873361  67.69773884  024.85872028
111  67.69774282  024.85873361
112  67.69774282  024.85873361  67.69773786  024.85872778
113  67.69773581  024.85875318
110 1 0.00 78.0000 New Taxiway 12
111  67.68990312  024.85342730
112  67.68975506  024.85291595  67.68972873  024.85258661
112  67.68949963  024.84922931  67.68949772  024.84894154
112  67.68968163  024.84852276  67.68978034  024.84850543
112  67.68981390  024.84885122  67.68978066  024.84922839
112  67.68995315  024.84979498  67.69007832  024.84981505
111  67.68995315  024.84979498
112  67.68995315  024.84979498  67.69001744  024.84980529
112  67.69023298  024.84961849  67.69037214  024.84955588
111  67.69023298  024.84961849
112  67.69023298  024.84961849  67.69036475  024.84955921
112  67.69064674  024.84948386  67.69073475  024.84940377
111  67.69064674  024.84948386
112  67.69064674  024.84948386  67.69082771  024.84931919
112  67.69078822  024.84872984  67.69078164  024.84864317
112  67.69060396  024.84833117  67.69050855  024.84834850
112  67.69034074  024.84849584  67.69029138  024.84847850
112  67.69003474  024.84822716  67.68993273  024.84823583
112  67.68962932  024.84829193  67.68954810  024.84838409
112  67.68943225  024.84976898  67.68950793  024.85105168
112  67.68964318  024.85291595  67.68967280  024.85326263
114  67.68977151  024.85367864  67.68979454  024.85371330
112  67.69067306  024.84876451  67.69068951  024.84889451
112  67.69060864  024.84922931  67.69050838  024.84930776
111  67.69022713  024.84934246
114  67.69048987  024.84866870  67.69056603  024.84852324
112  67.69005448  024.84945786  67.69001828  024.84953586
112  67.68991957  024.84938853  67.68990641  024.84922386
112  67.68993273  024.84867784  67.68996564  024.84842650
112  67.69011054  024.84848531  67.69017142  024.84851495
112  67.69019538  024.84885433  67.69017922  024.84903197
113  67.69013677  024.84916149
110 1 0.00 77.0000 New Taxiway 9
111  67.69104989  024.85451355
112  67.69089086  024.85496136  67.69091280  024.85494692
112  67.69100602  024.85506971  67.69101425  024.85515638
112  67.69110364  024.85632648  67.69113764  024.85684652
112  67.69092885  024.85750287  67.69085481  024.85758955
112  67.69051805  024.85770383  67.69030692  024.85789162
112  67.69036715  024.85848610  67.69038179  024.85861934
112  67.69054008  024.85897105  67.69067390  024.85899298
112  67.69084967  024.85865571  67.69095667  024.85860863
112  67.69113106  024.85904446  67.69131421  024.85896280
112  67.69134328  024.85832720  67.69132957  024.85808162
113  67.69106360  024.85455689
111  67.69118267  024.85737994
112  67.69126074  024.85842325  67.69127407  024.85869913
112  67.69110270  024.85881449  67.69105700  024.85879945
112  67.69100749  024.85850852  67.69099417  024.85831290
114  67.69105700  024.85794674  67.69108937  024.85778121
112  67.69091991  024.85775195  67.69098274  024.85773858
112  67.69090626  024.85799941  67.69083200  024.85820506
112  67.69062921  024.85869077  67.69053781  024.85881617
112  67.69044800  024.85842994  67.69042959  024.85821258
112  67.69053241  024.85794339  67.69058541  024.85788237
114  67.69072917  024.85780880  67.69079550  024.85779208
110 1 0.00 74.5000 New Taxiway 5
111  67.70752595  024.84209698
112  67.70700224  024.83689309  67.70693369  024.83622092
112  67.70662961  024.83637347  67.70651171  024.83646020
112  67.70632223  024.83699428  67.70617691  024.83709547
112  67.70579197  024.83703704  67.70563568  024.83715991
112  67.70553804  024.83806397  67.70558739  024.83862772
112  67.70580675  024.83863495  67.70585336  024.83864218
112  67.70614675  024.83851931  67.70632223  024.83837475
112  67.70653336  024.83833862  67.70664853  024.83835307
112  67.70688707  024.83860604  67.70696385  024.83875059
112  67.70713111  024.83932157  67.70717498  024.83969018
112  67.70740256  024.84176451  67.70741901  024.84193797
114  67.70733685  024.84222733  67.70730669  024.84226347
112  67.70701106  024.83812089  67.70703010  024.83835930
112  67.70694442  024.83840113  67.70689364  024.83826728
112  67.70668260  024.83776117  67.70665086  024.83768170
112  67.70649694  024.83718814  67.70648266  024.83690371
112  67.70667466  024.83658582  67.70674290  024.83652726
114  67.70690633  024.83692044  67.70694442  024.83729270
112  67.70658840  024.83796367  67.70663029  024.83808413
112  67.70661887  024.83815439  67.70658269  024.83814937
112  67.70648748  024.83811926  67.70643798  024.83810922
112  67.70613141  024.83828489  67.70599431  024.83839029
112  67.70583436  024.83841037  67.70573725  024.83842041
112  67.70564205  024.83818451  67.70558873  024.83805401
112  67.70563824  024.83754708  67.70566109  024.83742160
112  67.70583627  024.83722083  67.70589530  024.83719072
112  67.70616949  024.83726601  67.70627612  024.83733126
113  67.70647415  024.83768761
110 2 0.00 124.0000 Concrete 13B
111  67.69543888  024.85639271
111  67.69532174  024.85685530
111  67.69536825  024.85693614
111  67.69532003  024.85712291
111  67.69539607  024.85725722
113  67.69556223  024.85662319
110 2 0.00 121.5000 Concrete 14B
111  67.69483543  024.85679849
111  67.69472148  024.85727789
111  67.69476927  024.85735536
111  67.69472424  024.85755390
111  67.69480603  024.85767980
113  67.69496133  024.85699703
110 1 0.00 166.1000 New Taxiway 1
111  67.71071209  024.84109249
111  67.71150662  024.84154144
111  67.71223872  024.84105709
111  67.71215920  024.84024020
111  67.71257872  024.83997995
111  67.71244985  024.83851967
111  67.71179727  024.83891004
111  67.71148046  024.83950100
113  67.71156968  024.84049322
110 1 0.00 166.1000 New Taxiway 11
111  67.69070626  024.85306081
112  67.69041041  024.85315606  67.69027563  024.85320802
112  67.69005539  024.85302618  67.69000608  024.85306947
112  67.68983185  024.85355437  67.68976282  024.85366694
111  67.68957874  024.85377950
112  67.68969708  024.85479259  67.68973653  024.85476662
112  67.69025003  024.85485969  67.69030710  024.85488375
112  67.69046178  024.85520842  67.69049146  024.85523247
112  67.69071206  024.85508781  67.69076913  024.85505173
111  67.69071206  024.85508781
112  67.69071206  024.85508781  67.69076913  024.85505173
112  67.69090008  024.85496187  67.69092291  024.85490775
114  67.69146850  024.85362087  67.69151872  024.85359080
110 5 0.00 0.0000 New Taxiway 2
111  67.71464162  024.83735576
111  67.71318703  024.83829267
111  67.71303258  024.83797301
111  67.71246666  024.83833260
111  67.71240033  024.83855746
111  67.71253020  024.83999184
111  67.71239275  024.84007929
111  67.71258055  024.84041634
111  67.71322019  024.84000410
111  67.71326758  024.83956687
113  67.71476007  024.83857999
110 1 0.00 166.1000 Apron
111  67.69758591  024.85311908
111  67.69463189  024.85508600
112  67.69302188  024.85615698  67.69299502  024.85617113
112  67.69298965  024.85638337  67.69300576  024.85656730
111  67.69323672  024.85898678
111  67.69426654  024.85946245
111  67.69449549  024.85888914
111  67.69480221  024.85867620
111  67.69491229  024.85984406
111  67.69504099  024.85976616
111  67.69496463  024.85892982
111  67.69530328  024.85871514
111  67.69522537  024.85792801
111  67.69566567  024.85763752
111  67.69573761  024.85751665
111  67.69595309  024.85734403
111  67.69836669  024.85582267
111  67.69820698  024.85409058
112  67.69820698  024.85409058  67.69819213  024.85393407
112  67.69828868  024.85375587  67.69835550  024.85370044
111  67.69828868  024.85375587
111  67.69872947  024.85344807
112  67.69872947  024.85344807  67.69872412  024.85324148
112  67.69884539  024.85311414  67.69890954  024.85306719
111  67.69884539  024.85311414
113  67.69875778  024.85215678
110 1 0.00 72.5000 New Taxiway 3
112  67.69463413  024.85157626  67.69443385  024.85169834
111  67.69463413  024.85157626
112  67.69463413  024.85157626  67.69478954  024.85152850
112  67.69496971  024.85206835  67.69500856  024.85237544
112  67.69512771  024.85397914  67.69514584  024.85445683
112  67.69463944  024.85508353  67.69415457  024.85548665
111  67.69463944  024.85508353
112  67.69463944  024.85508353  67.69514864  024.85475325
111  67.69537363  024.85459854
112  67.69636847  024.85393493  67.69701656  024.85349844
111  67.69636847  024.85393493
112  67.69636847  024.85393493  67.69593074  024.85408506
112  67.69552748  024.85382024  67.69545236  024.85320606
112  67.69528355  024.85191936  67.69521621  024.85135977
112  67.69548744  024.85102377  67.69554961  024.85090776
111  67.69548744  024.85102377
112  67.69548744  024.85102377  67.69517750  024.85122117
113  67.69505125  024.85130274
110 1 0.00 75.0000 Taxiway G
112  67.69769104  024.84958916  67.69765034  024.84961580
111  67.69769104  024.84958916
112  67.69769104  024.84958916  67.69777738  024.84961190
112  67.69787328  024.85025928  67.69791472  024.85056413
112  67.69801578  024.85161967  67.69808995  024.85264956
111  67.69758591  024.85311908
111  67.69875767  024.85215778
112  67.69875767  024.85215778  67.69855304  024.85223286
112  67.69835073  024.85148210  67.69829116  024.85099070
112  67.69822640  024.85035597  67.69818928  024.84994533
112  67.69824008  024.84922977  67.69826598  024.84915470
111  67.69824008  024.84922977
114  67.69824008  024.84922977  67.69819964  024.84925599
110 1 0.00 166.1000 New Taxiway 9
111  67.69742011  024.85704217
112  67.69740772  024.85698854  67.69740684  024.85697106
112  67.69738826  024.85655137  67.69738693  024.85649658
112  67.69741259  024.85640798  67.69742807  024.85639165
111  67.69742586  024.85639049
112  67.69731304  024.85646743  67.69731962  024.85646380
112  67.69733782  024.85650940  67.69734003  024.85652455
112  67.69737100  024.85697106  67.69737100  024.85700720
114  67.69734844  024.85706199  67.69734003  024.85707015
110 1 0.00 166.1000 New Taxiway 8
112  67.69670978  024.85685865  67.69671875  024.85685190
112  67.69673032  024.85692935  67.69673682  024.85698359
112  67.69674486  024.85707521  67.69674537  024.85708668
112  67.69673769  024.85711299  67.69673334  024.85711771
111  67.69673045  024.85712922
111  67.69683501  024.85706824
112  67.69682673  024.85706089  67.69682077  024.85706098
112  67.69681655  024.85704957  67.69681450  024.85704148
112  67.69679812  024.85686148  67.69679530  024.85683450
112  67.69680913  024.85679253  67.69681604  024.85678714
113  67.69670927  024.85685258
110 5 0.00 0.0000 New Taxiway 2
111  67.69645737  024.86038113
112  67.69655470  024.86140578  67.69655834  024.86144430
112  67.69653597  024.86148738  67.69652386  024.86149899
111  67.69645387  024.86154440
111  67.69647146  024.86170179
112  67.69698243  024.86134854  67.69702523  024.86132348
112  67.69708230  024.86119144  67.69710449  024.86113714
111  67.69746803  024.86013765
111  67.69774284  024.85873360
111  67.69771183  024.85868116
111  67.69743232  024.86005296
112  67.69704641  024.86109088  67.69702769  024.86113729
112  67.69685485  024.86095454  67.69680972  024.86052522
111  67.69685485  024.86095454
112  67.69685485  024.86095454  67.69683711  024.86076696
113  67.69678089  024.86015081
130 Airport Boundary 1
111  67.68976314  024.85937416
111  67.69108177  024.85940061
111  67.69392853  024.86419288
111  67.69444717  024.86426134
111  67.69618279  024.86313813
111  67.69941587  024.85888008
111  67.70268248  024.85002980
111  67.71579464  024.84087930
111  67.71512468  024.83394814
111  67.70787899  024.83907294
111  67.70731367  024.83491113
111  67.70458395  024.83667892
111  67.70491053  024.84099534
111  67.69297505  024.84872486
111  67.69111278  024.84679803
111  67.68905954  024.84790639
111  67.68920087  024.85195004
111  67.68799146  024.85393033
111  67.68807998  024.85662715
113  67.68935063  024.85677441
120 Linear Feature 5
111  67.70762832  024.84311020 102
112  67.70750894  024.84344369  67.70748221  024.84355642 102
112  67.70745370  024.84392279  67.70746796  024.84408250 102
112  67.70765822  024.84604262  67.70767247  024.84619292 102
112  67.70755843  024.84691158  67.70749251  024.84713235 102
112  67.70732145  024.84744705  67.70723592  024.84750342 102
112  67.69824356  024.85344999  67.69819438  024.85348379 102
112  67.69814947  024.85370353  67.69816444  024.85385002 102
111  67.69823073  024.85452049 102
115  67.69823073  024.85452049
120 Linear Feature 4
112  67.69837236  024.85168599  67.69843752  024.85207471 102
112  67.69854207  024.85214453  67.69855496  024.85215963 102
112  67.69876877  024.85221449  67.69888650  024.85213297 102
112  67.70697587  024.84697296  67.70710270  024.84688598 102
112  67.70722741  024.84636248  67.70725909  024.84618138 102
112  67.70729502  024.84537439  67.70726117  024.84502211 102
112  67.70716753  024.84408485  67.70714822  024.84394785 102
112  67.70699619  024.84369179  67.70693234  024.84364091 102
115  67.70688895  024.84362253
120 Linear Feature 8
112  67.70733691  024.84417438  67.70728848  024.84364157 10
116  67.70667471  024.84320244  67.70639230  024.84338434
120 Linear Feature 7
112  67.69822501  024.85199709  67.69827996  024.85257965 10
116  67.69870456  024.85270410  67.69887196  024.85259634
120 Linear Feature 6
111  67.69795360  024.85328306 10
112  67.69870456  024.85270410  67.69914407  024.85241449
111  67.69870456  024.85270410
112  67.69870456  024.85270410  67.70083227  024.85130207 10
112  67.70716714  024.84719794  67.70732160  024.84708323
111  67.70716714  024.84719794
112  67.70716714  024.84719794  67.70735350  024.84705953 10
112  67.70745074  024.84535762  67.70737407  024.84457945 10
112  67.70726018  024.84334934  67.70723995  024.84314722 10
116  67.70741288  024.84270836  67.70751725  024.84264379
120 Linear Feature 16
111  67.69105095  024.85554158 4
115  67.69112918  024.85549235
120 Linear Feature 15
111  67.68957617  024.85051694 4
115  67.68948379  024.85056424
120 Linear Feature 13
111  67.69028506  024.85477230 1
111  67.69047266  024.85507506 1
111  67.69086397  024.85485916 1
112  67.69122397  024.85392798  67.69129399  024.85379226 1
116  67.69137468  024.85370638  67.69143722  024.85366476
120 Linear Feature 12
111  67.69192388  024.85283154 10
112  67.69144052  024.85315529  67.69136163  024.85319685 10
112  67.69120953  024.85352941  67.69115036  024.85368527 10
112  67.69076741  024.85460144  67.69060533  024.85497426 10
112  67.69027432  024.85446107  67.69023551  024.85404013 10
112  67.69040590  024.85381347  67.69047288  024.85376542
111  67.69040590  024.85381347
112  67.69040590  024.85381347  67.69045229  024.85377918 10
115  67.69047502  024.85376065
120 Linear Feature 1
111  67.69350180  024.85866218 24
115  67.69808941  024.85576070
120 Holding Point A
111  67.69507174  024.85308604 12
115  67.69539992  024.85284415
120 Holding Point G
111  67.70727752  024.84516186 12
115  67.70756270  024.84496518
120 Holding Point G
111  67.69798524  024.85110111 12
115  67.69827042  024.85090451
120 Taxiline 18
111  67.69328038  024.85641588 10
111  67.69347772  024.85850336 10
115  67.69358603  024.85842811
120 Taxiline 17
111  67.69367028  024.85615812 10
111  67.69386763  024.85824560 10
115  67.69397803  024.85817356
120 Taxiline 16
111  67.69406502  024.85589609 10
111  67.69426237  024.85798356 10
115  67.69436615  024.85791550
120 Taxiline 15
111  67.69449131  024.85561429 10
111  67.69468865  024.85770177 10
115  67.69479426  024.85763272
120 Taxiline 14B
112  67.69535096  024.85438032  67.69538110  024.85467069 10
112  67.69527101  024.85529347  67.69518554  024.85565516 10
111  67.69475420  024.85751860 10
115  67.69483918  024.85765090
120 Taxiline 14
111  67.69488245  024.85535440 10
111  67.69507979  024.85744187 10
115  67.69518773  024.85737273
120 Taxiline 13B
111  67.69533555  024.85422830 10
112  67.69551889  024.85607254  67.69553638  024.85628317 10
112  67.69551015  024.85647734  67.69548767  024.85658266 10
111  67.69536743  024.85705336 10
115  67.69545127  024.85721731
120 Taxiline 13
111  67.69527326  024.85509664 10
111  67.69547061  024.85718412 10
115  67.69558175  024.85710850
120 Taxiline 12
111  67.69572752  024.85479171 10
111  67.69591446  024.85673383 10
115  67.69601742  024.85666010
120 Taxiline 11
111  67.69617189  024.85449358 10
111  67.69637238  024.85658119 10
115  67.69647274  024.85651153
120 Taxiline 10
111  67.69659850  024.85420701 10
111  67.69679899  024.85629462 10
115  67.69690365  024.85622013
120 Taxiline 9
111  67.69699166  024.85394290 10
111  67.69719215  024.85603052 10
115  67.69729679  024.85596625
120 Taxiline 8
111  67.69741116  024.85366049 10
111  67.69761165  024.85574811 10
115  67.69771649  024.85568188
120 Taxiline 7
111  67.69780284  024.85339683 10
111  67.69800329  024.85548393 10
115  67.69810366  024.85541752
120 Taxiline APN
111  67.69780284  024.85339683 10
111  67.69541298  024.85500260 10
115  67.69327787  024.85641742
120 Taxiline A
112  67.69503084  024.85525531  67.69524094  024.85511247 10
116  67.69532773  024.85413143  67.69529000  024.85370951
120 Taxiline A
111  67.69510085  024.85172841 10
112  67.69532802  024.85413060  67.69537862  024.85468941 10
116  67.69571035  024.85480516  67.69584755  024.85471368
120 Taxiline A
112  67.69510085  024.85172844  67.69504427  024.85111742 10
112  67.69539763  024.85055822  67.69560225  024.85042172 10
115  67.69591443  024.85021652
120 Taxiline A
112  67.69510083  024.85172847  67.69502823  024.85097490 10
112  67.69465014  024.85104526  67.69451898  024.85113029 10
115  67.69416803  024.85135787
120 Taxiline G
112  67.69801621  024.84982864  67.69794362  024.84907507 10
112  67.69756553  024.84914544  67.69743437  024.84923047 10
115  67.69715189  024.84941349
120 Taxiline G
112  67.69801619  024.84982865  67.69795962  024.84921763 10
112  67.69831260  024.84865818  67.69851722  024.84852168 10
115  67.69879847  024.84834271
120 Taxiline G
111  67.69780282  024.85339621 10
112  67.69795360  024.85328306  67.69808698  024.85318215
111  67.69795360  024.85328306
112  67.69795360  024.85328306  67.69814527  024.85316021 10
112  67.69822501  024.85199709  67.69817321  024.85147839 10
111  67.69813174  024.85102114 10
115  67.69801621  024.84982861
120 Linear Feature 3
111  67.70986438  024.84113552 10
112  67.71066455  024.84061070  67.71075680  024.84054807 10
112  67.71097698  024.84069440  67.71103456  024.84073054 10
112  67.71153086  024.84115705  67.71177489  024.84133777 10
112  67.71190376  024.84036910  67.71186812  024.84002934 10
116  67.71161586  024.84000042  67.71147876  024.84008717
120 Linear Feature 4
111  67.71203605  024.84105547 1
111  67.71150581  024.84141806 1
115  67.71084093  024.84099295
120 Linear Feature 8
111  67.70736675  024.84054889 4
115  67.70728077  024.84061554
120 Linear Feature 23
112  67.69599682  024.86064218  67.69603875  024.86061464 20
112  67.69611246  024.86092125  67.69612331  024.86103887 20
112  67.69618045  024.86171381  67.69618236  024.86172893 20
112  67.69615775  024.86179302  67.69615074  024.86180646 20
112  67.69612906  024.86184511  67.69612651  024.86184679 20
115  67.69610993  024.86186023
120 Linear Feature 20
111  67.69607382  024.86208634 23
115  67.69577432  024.86226276
120 Linear Feature 19
112  67.69608197  024.86208220  67.69613656  024.86205316 20
112  67.69617782  024.86213419  67.69619319  024.86216660 20
112  67.69624844  024.86237137  67.69626977  024.86250760 20
112  67.69627683  024.86260598  67.69628198  024.86265137 20
112  67.69630712  024.86301198  67.69630865  024.86303629 20
112  67.69630127  024.86327128  67.69629584  024.86333138 20
112  67.69626369  024.86348672  67.69624280  024.86354605 20
112  67.69620875  024.86359302  67.69619805  024.86360858 20
115  67.69619055  024.86361498
120 Linear Feature 18
112  67.69630864  024.86209090  67.69632156  024.86218813 20
112  67.69645121  024.86297363  67.69648665  024.86307976 20
112  67.69654827  024.86317289  67.69656712  024.86318858 20
115  67.69664670  024.86320510
120 Linear Feature 22
112  67.69638670  024.86294875  67.69637926  024.86291094 24
112  67.69636013  024.86296415  67.69636757  024.86306217 24
112  67.69639627  024.86324559  67.69641062  024.86332261 24
114  67.69642071  024.86321199  67.69641274  024.86313218 24
120 Linear Feature 21
111  67.69636390  024.86290367 22
112  67.69626243  024.86207952  67.69623704  024.86186211 22
115  67.69611803  024.86058276
120 Linear Feature 25
111  67.69602358  024.86191965 20
115  67.69551916  024.86225915
120 Linear Feature 26
111  67.69551101  024.86226317 23
115  67.69540483  024.86232391
120 Linear Feature 27
112  67.69602437  024.86040074  67.69602131  024.86042090 23
112  67.69597391  024.86050088  67.69594636  024.86051902 23
115  67.69486810  024.86116627
120 Linear Feature 24
111  67.69610995  024.86186014 23
115  67.69602432  024.86191915
120 Linear Feature 29
111  67.69630437  024.86040584 23
112  67.69625296  024.86044740  67.69620799  024.86048716 23
112  67.69617582  024.86077839  67.69618678  024.86090186 23
115  67.69618766  024.86091667
120 Linear Feature 28
112  67.69595954  024.85955860  67.69593352  024.85951827 23
112  67.69588837  024.85953642  67.69584399  024.85956465 23
115  67.69480403  024.86022769
120 Bus Stop
111  67.69581788  024.86022097 20
111  67.69594125  024.86042694 20
111  67.69596159  024.86034521 20
113  67.69583768  024.86013924 20
120 Bus Stop
111  67.69574112  024.86027305 20
111  67.69586450  024.86047902 20
111  67.69588403  024.86039892 20
113  67.69576012  024.86019295 20
120 Bus Stop
111  67.69566339  024.86033256 20
111  67.69578677  024.86053853 20
111  67.69580684  024.86045703 20
113  67.69568293  024.86025106 20
120 Bus Stop
111  67.69548957  024.86041310 20
111  67.69561295  024.86061907 20
111  67.69563224  024.86054420 20
113  67.69550833  024.86033823 20
120 Bus Stop
111  67.69540927  024.86047055 20
111  67.69553264  024.86067652 20
111  67.69555247  024.86059464 20
113  67.69542856  024.86038867 20
120 Bus Stop
111  67.69532684  024.86051960 20
111  67.69545022  024.86072556 20
111  67.69546898  024.86064788 20
113  67.69534507  024.86044192 20
120 Bus Stop
111  67.69523590  024.86055322 20
111  67.69535928  024.86075919 20
111  67.69537804  024.86068292 20
113  67.69525413  024.86047694 20
120 Bus Stop
111  67.69515166  024.86060703 20
111  67.69527504  024.86081300 20
111  67.69529316  024.86074008 20
113  67.69516925  024.86053411 20
120 Bus Stop
111  67.69506934  024.86065915 20
111  67.69519272  024.86086512 20
111  67.69521148  024.86079052 20
113  67.69508757  024.86058455 20
120 Bus Stop
111  67.69498281  024.86070354 20
111  67.69510618  024.86090951 20
111  67.69512341  024.86083693 20
113  67.69499950  024.86063096 20
120 Bus Stop
111  67.69490048  024.86075230 20
111  67.69502386  024.86095827 20
111  67.69504364  024.86087897 20
113  67.69491973  024.86067300 20
120 Bus Stop
111  67.69483731  024.86073044 20
111  67.69496068  024.86093641 20
111  67.69494154  024.86101348 20
113  67.69481763  024.86080751 20
21  67.70917830  024.84289173 2 166.1200 3.00 16  PAPI-4L
21  67.69311382  024.85048793 2 346.1300 3.40 34  PAPI-4L
20  67.69352140  024.85893877 74.9100 0 3 {@Y}18
20  67.69391721  024.85869792 74.9100 0 3 {@Y}17
20  67.69424938  024.85839575 86.0400 0 3 {@Y}16
20  67.69473899  024.85819005 75.8400 0 3 {@Y}15
20  67.69512679  024.85790799 75.8400 0 3 {@Y}14
20  67.69460561  024.85822702 124.6500 0 3 {@Y}14B
20  67.69517885  024.85781282 124.6500 0 3 {@Y}13B
20  67.69551486  024.85765049 75.8400 0 3 {@Y}13
20  67.69596457  024.85718358 75.8400 0 3 {@Y}12
20  67.69641237  024.85701789 75.8400 0 3 {@Y}11
20  67.69684592  024.85675039 75.8400 0 3 {@Y}10
20  67.69723885  024.85650529 75.8400 0 3 {@Y}9
20  67.69766151  024.85624095 75.8400 0 3 {@Y}8
20  67.69806068  024.85598561 75.8200 0 3 {@Y}7
20  67.70722740  024.84521796 232.4000 0 3 {@L}L{@R}16-34{@@,@L}L
20  67.69792894  024.85113817 232.4000 0 3 {@L}G{@R}16-34{@@,@L}G
20  67.70769088  024.84578107 74.3600 0 3 {@Y}T{^r,@@,@L}L
20  67.70761426  024.84493090 274.6300 0 3 {@R}16-34{@L}L{@@}L
20  67.70685786  024.84685489 345.2500 0 3 {@Y,^l}L{@@}T
20  67.69891224  024.85188542 345.2500 0 3 {@L}T{@@,@Y,^u}APRON|G{^r}
20  67.69761535  024.85289792 343.4900 0 3 {@Y,^l}G|{^u}T
20  67.69844669  024.85178912 70.0600 0 3 {@Y,^l}T|APRON{^r,@@,@L}G
20  67.69834364  024.85084851 274.6300 0 3 {@R}16-34{@L}G{@@}G
20  67.69542759  024.85270089 274.6300 0 3 {@R}16-34{@L}A{@@}A
20  67.69498391  024.85299313 226.9100 0 3 {@L}A{@R}16-34{@@,@L}A
20  67.70632458  024.84445208 344.9819 0 3 {@Y}L{^r}
20  67.70832983  024.84316831 156.8600 0 3 {@Y,^l}L
20  67.69900211  024.84929079 156.8600 0 3 {@Y,^l}G
20  67.69724840  024.85034932 350.7500 0 3 {@Y}G{^r}
20  67.69605510  024.85109888 161.3000 0 3 {@Y,^l}A
20  67.69416637  024.85229600 346.4400 0 3 {@Y}A{^r}
14  67.69589431  024.85766005 131.23 0 ATC Tower
1300  67.69800278  024.85547827  75.77 gate jets|turboprops|props 7
1301 B airline fin hlx tom blx tfl ibk nax gmi ezy ezs eju fat dlh oaw swr swu tvf
1300  67.69761134  024.85573980  75.79 gate jets|turboprops|props 8
1301 B airline fin hlx tom blx tfl ibk nax gmi ezy ezs eju fat dlh oaw swr swu tvf
1300  67.69719184  024.85602052  74.67 gate jets|turboprops|props 9
1301 C airline fin hlx tom blx tfl ibk nax gmi ezy ezs eju fat dlh oaw swr swu tvf
1300  67.69679809  024.85628512  74.17 gate jets|turboprops|props 10
1301 C airline fin hlx tom blx tfl ibk nax gmi ezy ezs eju fat dlh oaw swr swu tvf
1300  67.69637120  024.85656998  75.86 gate jets|turboprops|props 11
1301 D airline fin hlx tom blx tfl ibk nax gmi ezy ezs eju fat dlh oaw swr swu tvf
1300  67.69591261  024.85671373  74.17 gate jets|turboprops|props 12
1301 C airline fin hlx tom blx tfl ibk nax gmi ezy ezs eju fat dlh oaw swr swu tvf
1300  67.69542527  024.85671486  76.18 misc props 13
1301 C none 
1300  67.69536863  024.85704839 123.67 gate jets|turboprops|props 13B
1301 E airline fin hlx tom blx tfl ibk nax gmi ezy ezs eju fat dlh oaw swr swu tvf
1300  67.69503749  024.85699686  75.99 misc props 14
1301 D none 
1300  67.69475563  024.85751371 121.34 gate jets|turboprops|props 14B
1301 E airline fin hlx tom blx tfl ibk nax gmi ezy ezs eju fat dlh oaw swr swu tvf
1300  67.69464358  024.85721559  76.00 misc props 15
1301 C none 
1300  67.69426102  024.85796923  76.04 gate jets|turboprops|props 16
1301 C airline fin hlx tom blx tfl ibk nax gmi ezy ezs eju fat dlh oaw swr swu tvf
1300  67.69386654  024.85823406  76.10 gate jets|turboprops|props 17
1301 C airline fin hlx tom blx tfl ibk nax gmi ezy ezs eju fat dlh oaw swr swu tvf
1300  67.69347700  024.85849618  75.97 gate jets|turboprops|props 18
1301 C airline fin hlx tom blx tfl ibk nax gmi ezy ezs eju fat dlh oaw swr swu tvf
18  67.70121800  024.84892800 1 BCN
19  67.69581587  024.84804428 1 WS
1050 133850 ATIS
1054 118950 AFIS
1054 119700 AFIS
1200 
1201  67.69797308  024.85326669 both 0 N_stop
1201  67.69867450  024.85273404 both 1 N_stop
1201  67.70713277  024.84722576 both 2 N_stop
1201  67.70741180  024.84666211 both 3 N_stop
1201  67.70749769  024.84579128 both 4 N_stop
1201  67.70743051  024.84506660 both 5 N_stop
1201  67.71191957  024.84031593 both 6 N_stop
1201  67.71185102  024.84090832 both 7 N_stop
1201  67.71151018  024.84114428 both 8 N_stop
1201  67.69047622  024.85375239 both 9 N_stop
1201  67.71161115  024.83996553 both 10 N_stop
1201  67.69792012  024.84889234 both 11 N_stop
1201  67.70697897  024.84297897 both 12 N_stop
1201  67.70721950  024.84282432 both 13 N_stop
1201  67.70744176  024.84267943 both 14 N_stop
1201  67.70728848  024.84364157 both 15 N_stop
1201  67.71064706  024.84059338 both 16 N_stop
1201  67.69139641  024.85315747 both 17 N_start
1201  67.69192626  024.85281690 both 18 N_start
1201  67.69500283  024.85078366 both 19 N_stop
1201  67.69509817  024.85172062 both 20 N_stop
1201  67.69522463  024.85297280 both 21 N_stop
1201  67.69532943  024.85413255 both 22 N_stop
1201  67.69541328  024.85500111 both 23 N_start
1201  67.69801900  024.84980556 both 24 N_stop
1201  67.69812900  024.85099720 both 25 N_stop
1201  67.69821856  024.85196125 both 26 N_stop
1201  67.69819115  024.85283472 both 27 N_stop
1201  67.69791878  024.85330608 both 28 N_start
1201  67.69026436  024.85408900 both 29 N_stop
1201  67.69027349  024.85457608 both 30 N_stop
1201  67.69063418  024.85482263 both 31 N_stop
1201  67.69356517  024.85861748 both 32 N_stop
1201  67.69469953  024.85788069 both 33 N_stop
1201  67.69560208  024.85730101 both 34 N_stop
1201  67.69575001  024.85706716 both 35 N_stop
1201  67.69786951  024.85574200 both 36 N_stop
1201  67.69684111  024.85751660 both 37 N_stop
1201  67.69736642  024.85831725 both 38 N_stop
1201  67.69673438  024.85649222 both 39 N_stop
1201  67.69733855  024.85609751 both 40 N_stop
1201  67.69740757  024.85732931 both 41 N_start
1202 1 0 twoway taxiway_E T
1202 2 1 twoway taxiway_E T
1202 3 2 twoway taxiway_E T
1202 4 3 twoway taxiway_E T
1202 5 4 twoway taxiway_E T
1202 15 12 twoway taxiway_E L
1204 departure 16,34
1204 arrival 16,34
1202 15 14 twoway taxiway_E L
1204 departure 16,34
1204 arrival 16,34
1202 13 15 twoway taxiway_E L
1204 departure 16,34
1204 arrival 16,34
1202 15 5 twoway taxiway_E L
1204 departure 16,34
1204 arrival 16,34
1202 6 10 twoway taxiway_E None
1204 departure 16,34
1204 arrival 16,34
1202 7 6 twoway taxiway_E None
1204 departure 16,34
1204 arrival 16,34
1202 8 7 twoway taxiway_E None
1204 departure 16,34
1204 arrival 16,34
1202 16 8 twoway taxiway_E None
1204 departure 16,34
1204 arrival 16,34
1202 9 29 twoway taxiway_E None
1204 departure 16,34
1204 arrival 16,34
1202 17 9 twoway runway 16/34
1204 departure 16,34
1204 arrival 16,34
1204 ils 16,34
1202 11 12 twoway runway 16/34
1204 departure 16,34
1204 arrival 16,34
1204 ils 16,34
1202 12 13 twoway runway 16/34
1204 departure 16,34
1204 arrival 16,34
1204 ils 16,34
1202 13 14 twoway runway 16/34
1204 departure 16,34
1204 arrival 16,34
1204 ils 16,34
1202 14 16 twoway runway 16/34
1204 departure 16,34
1204 arrival 16,34
1204 ils 16,34
1202 16 10 twoway runway 16/34
1204 departure 16,34
1204 arrival 16,34
1204 ils 16,34
1202 19 11 twoway runway 16/34
1204 departure 16,34
1204 arrival 16,34
1204 ils 16,34
1202 17 18 twoway runway 16/34
1204 departure 16,34
1204 arrival 16,34
1204 ils 16,34
1202 18 19 twoway runway 16/34
1204 departure 16,34
1204 arrival 16,34
1204 ils 16,34
1202 20 19 twoway taxiway_E A
1204 departure 16,34
1204 arrival 16,34
1202 21 20 twoway taxiway_E A
1204 departure 16,34
1204 arrival 16,34
1202 22 21 twoway taxiway_E A
1202 23 22 twoway taxiway_E A
1202 24 11 twoway taxiway_E G
1204 departure 16,34
1204 arrival 16,34
1202 25 24 twoway taxiway_E G
1204 departure 16,34
1204 arrival 16,34
1202 26 25 twoway taxiway_E G
1202 27 26 twoway taxiway_E G
1202 28 27 twoway taxiway_E G
1202 30 29 twoway taxiway_E None
1204 departure 16,34
1204 arrival 16,34
1202 31 30 twoway taxiway_E None
1204 departure 16,34
1204 arrival 16,34
1202 17 31 twoway taxiway_E None
1204 departure 16,34
1204 arrival 16,34
1206 33 32 twoway  None
1206 39 40 twoway  None
1206 34 33 twoway  None
1206 35 34 twoway  None
1206 39 35 twoway  None
1206 40 36 twoway  None
1206 39 37 twoway  None
1206 41 38 twoway  None
1206 41 40 twoway  None
1400  67.69729463  24.85743207 -14.30 fuel_jets 0 New Service Truck 2
1400  67.69728966  24.85722015 -14.30 fuel_jets 0 New Service Truck 2
1400  67.69474247  24.85863017  343.70 baggage_loader 0 New Service Truck 42
1400  67.69484641  24.85871318  253.72 baggage_train 3 New Service Truck 41
1400  67.69488527  24.85874801  253.99 baggage_train 3 New Service Truck 40
1400  67.69471922  24.85852923  345.26 baggage_loader 0 New Service Truck 37
1400  67.69680917  24.85777858  256.07 crew_car 0 New Service Truck 36
1400  67.69656181  24.85728048 -14.93 baggage_train 3 New Service Truck 35
1400  67.69667541  24.85735242  75.41 gpu 0 New Service Truck 34
1400  67.69671802  24.85724618  74.38 food 0 New Service Truck 33
1400  67.69745633  24.85772668  187.71 fuel_liners 0 New Service Truck 32
1400  67.69746628  24.85755373  186.80 fuel_liners 0 New Service Truck 31
1400  67.69747384  24.85740089  186.15 fuel_props 0 New Service Truck 30
1401  67.69444966  24.85783390  74.86 baggage_loader|baggage_train|crew_car|fuel_jets|fuel_liners|fuel_props|food|gpu New Service Truck Destination 1
1401  67.69811807  24.85571488  77.90 baggage_loader|baggage_train|crew_car|fuel_jets|fuel_liners|fuel_props|food|gpu New Service Truck Destination 1
1401  67.69778916  24.85553669  77.90 baggage_loader|baggage_train|crew_car|fuel_jets|fuel_liners|fuel_props|food|gpu New Service Truck Destination 1
1401  67.69738033  24.85579588  77.90 baggage_loader|baggage_train|crew_car|fuel_jets|fuel_liners|fuel_props|food|gpu New Service Truck Destination 1
1401  67.69697765  24.85607934  77.90 baggage_loader|baggage_train|crew_car|fuel_jets|fuel_liners|fuel_props|food|gpu New Service Truck Destination 1
1401  67.69653501  24.85638710  77.90 baggage_loader|baggage_train|crew_car|fuel_jets|fuel_liners|fuel_props|food|gpu New Service Truck Destination 1
1401  67.69610159  24.85654908  77.90 baggage_loader|baggage_train|crew_car|fuel_jets|fuel_liners|fuel_props|food|gpu New Service Truck Destination 1
1401  67.69564050  24.85691354  77.90 baggage_loader|baggage_train|crew_car|fuel_jets|fuel_liners|fuel_props|food|gpu New Service Truck Destination 1
1401  67.69522211  24.85729598  77.90 baggage_loader|baggage_train|crew_car|fuel_jets|fuel_liners|fuel_props|food|gpu New Service Truck Destination 1
1401  67.69490239  24.85756636  72.47 baggage_loader|baggage_train|crew_car|fuel_jets|fuel_liners|fuel_props|food|gpu New Service Truck Destination 1
1401  67.69404022  24.85811573  72.47 baggage_loader|baggage_train|crew_car|fuel_jets|fuel_liners|fuel_props|food|gpu New Service Truck Destination 1
1401  67.69365108  24.85833378  74.74 baggage_loader|baggage_train|crew_car|fuel_jets|fuel_liners|fuel_props|food|gpu New Service Truck Destination 1
99
