A
1100 Generated by WorldEditor 1.7.1r2

1    323 1 0 EFKU Kuopio
1302 city Kuopio / Siilinjärvi
1302 country Finland
1302 datum_lat 63.008611111
1302 datum_lon 27.794444444
1302 faa_code 
1302 iata_code KUO
1302 icao_code EFKU
1302 region_code EF
1302 state Eastern Finland
1302 transition_alt 5000
1302 transition_level 
100 60.05 1 0 0.25 0 3 1 15  63.01808100  027.78764400    0  150 3 10 0 0 33  62.99492800  027.80907500    0   97 3 3 0 0
110 1 0.00 0.0000 APN UNKN
111  63.01581766  027.79019334
112  63.01611358  027.79036892  63.01618566  027.79042744
111  63.01621791  027.79057375
112  63.01637155  027.79133876  63.01638863  027.79140564
112  63.01641898  027.79196581  63.01641898  027.79219155
111  63.01639432  027.79234204
111  63.01632034  027.79286458
111  63.01612306  027.79317393
111  63.01639621  027.79339549
111  63.01651192  027.79272663
111  63.01678697  027.79201597
112  63.01651761  027.79133875  63.01650244  027.79123842
111  63.01641328  027.79072842
112  63.01635638  027.79020169  63.01635258  027.78988399
113  63.01652900  027.78928201
110 2 0.00 0.0000 APN J CONC
111  63.01170372  027.79825289
111  63.01130728  027.79911639
111  63.01137894  027.79962709
111  63.01194007  027.79979509
111  63.01196904  027.79973125
111  63.01195074  027.79956997
111  63.01213372  027.79907271
113  63.01204680  027.79847801
110 1 0.00 0.0000 TWY/APN S
111  63.01419870  027.79167751
112  63.01445909  027.79175351  63.01452807  027.79179912 102
111  63.01455221  027.79194732 102
111  63.01489020  027.79369540 102
112  63.01492814  027.79406022  63.01491779  027.79415903
111  63.01486951  027.79429583
111  63.01463498  027.79505207
111  63.01474190  027.79520028
111  63.01501954  027.79423124
111  63.01528855  027.79437564
111  63.01530235  027.79411343
112  63.01505230  027.79396522  63.01502126  027.79392722 102
111  63.01500229  027.79379041 102
111  63.01469017  027.79212212 102
112  63.01464705  027.79158629  63.01465568  027.79143049
113  63.01474880  027.79103527
110 1 0.00 0.0000 Twy J ASPH
111  63.01099175  027.79467687
112  63.01129064  027.79463215  63.01143825  027.79483135 102
112  63.01150466  027.79514032  63.01152311  027.79524196 102
111  63.01170393  027.79618107 102
112  63.01172422  027.79637214  63.01172053  027.79644125 102
112  63.01168917  027.79664453  63.01166887  027.79671364 102
112  63.01148990  027.79688844  63.01148068  027.79690064 102
111  63.01123714  027.79711204 102
112  63.01113566  027.79732344  63.01111906  027.79738036 102
112  63.01106924  027.79797797  63.01107662  027.79833979 102
111  63.01111721  027.79925450
111  63.01115780  027.79967730
111  63.01122791  027.79974641 102
111  63.01136629  027.79959599
111  63.01231094  027.79992937
111  63.01235337  027.79966512
111  63.01214857  027.79919352
111  63.01203603  027.79839669 102
111  63.01196038  027.79835604 102
111  63.01203603  027.79768930 102
112  63.01203049  027.79715673  63.01200097  027.79686808 102
111  63.01185153  027.79608345 102
111  63.01158954  027.79476624 102
112  63.01160430  027.79451012  63.01161721  027.79437190 102
111  63.01166703  027.79396129
113  63.01105264  027.79445727
111  63.01153243  027.79723038 102
111  63.01173782  027.79749110 102
112  63.01180702  027.79773214  63.01181372  027.79788463 102
112  63.01178916  027.79810599  63.01175568  027.79818962
111  63.01169093  027.79837163
111  63.01131365  027.79913902 102
112  63.01126453  027.79913902  63.01123328  027.79907507 102
112  63.01121096  027.79900620  63.01120872  027.79892749 102
111  63.01116631  027.79779609 102
112  63.01118417  027.79754521  63.01121765  027.79743207 102
111  63.01132704  027.79726974 102
114  63.01146099  027.79715660  63.01149001  027.79715168 102
110 1 0.00 0.0000 Disused rwy 
111  63.00695804  027.79832200
111  63.00965503  027.81291330
111  63.01022280  027.81239318
113  63.00750196  027.79792431
110 2 0.00 0.0000 Mil 3
111  63.00172615  027.79182542
111  63.00179693  027.79218769
111  63.00195410  027.79203178
113  63.00188852  027.79168097
110 2 0.00 0.0000 Mil 2
111  63.00090265  027.79319797
111  63.00097473  027.79357462
111  63.00229915  027.79234388
113  63.00222892  027.79197793
110 2 0.00 0.0000 Mil 1
111  63.00245832  027.79177631
111  63.00252873  027.79213082
111  63.00417827  027.79060200
113  63.00411122  027.79024380
110 2 0.00 0.0000 Stand 2
111  63.00980921  027.78974536
111  63.00992378  027.78935956
111  63.00987795  027.78928706
111  63.00994552  027.78906827
111  63.00991497  027.78901649
111  63.00984681  027.78924046
111  63.00980392  027.78918220
113  63.00968817  027.78957188
110 2 0.00 0.0000 Stand 3
111  63.00906803  027.79014732
111  63.00918928  027.79030974
111  63.00930252  027.78992136
111  63.00925284  027.78985192
111  63.00931694  027.78963302
111  63.00928970  027.78959536
111  63.00922560  027.78981308
113  63.00918074  027.78975424
110 2 0.00 0.0000 Stand 4
111  63.00849942  027.79070679
111  63.00863159  027.79084636
111  63.00872405  027.79044926
111  63.00867526  027.79039284
111  63.00873030  027.79015277
111  63.00870216  027.79011603
111  63.00864422  027.79035585
113  63.00859756  027.79029884
110 1 0.00 0.0000 Additional apron surface
111  63.01163515  027.78687301
111  63.01164365  027.78635213
111  63.01134603  027.78648703
111  63.01102120  027.78666316
111  63.01055352  027.78605609
111  63.00997699  027.78620602
111  63.00987835  027.78688053
111  63.00994468  027.78716907
111  63.00930352  027.78771991
111  63.00782564  027.78889276
111  63.00809264  027.79040280
111  63.01033583  027.78829696
111  63.01074059  027.78875787
111  63.01102801  027.78882907
111  63.01116916  027.78825573
111  63.01070488  027.78783978
111  63.01077121  027.78750252
113  63.01116746  027.78796719
110 1 0.00 0.0000 Surface
111  63.01631274  027.78479933 102
111  63.01197940  027.78881700 102
112  63.01178184  027.78882657  63.01170585  027.78868784 102
112  63.01167763  027.78845344  63.01167763  027.78838168
112  63.01160165  027.78800855  63.01157777  027.78794158
112  63.01143448  027.78758280  63.01138238  027.78752061
111  63.01085917  027.78687963
111  63.01074411  027.78732929
111  63.01095253  027.78759717
111  63.01120653  027.78792246 102
112  63.01143448  027.78829558  63.01143231  027.78861608 102
112  63.01146270  027.78889353  63.01143882  027.78913749 102
112  63.01135633  027.78936232  63.01129988  027.78946277 102
112  63.01117179  027.78954409  63.01114791  027.78953931
111  63.01094384  027.78927142
111  63.01020801  027.78843084
111  63.00808564  027.79035358
111  63.00827571  027.79143347 102
112  63.00827571  027.79163915  63.00825617  027.79174438 102
112  63.00820407  027.79184004  63.00816716  027.79187352 102
111  63.00801303  027.79214616 102
111  63.00684070  027.79324145 102
112  63.00666268  027.79328928  63.00660623  027.79320319 102
112  63.00650420  027.79298318  63.00647815  027.79283012
111  63.00583337  027.78957302
111  63.00499983  027.78525266
111  63.00453259  027.78559577
111  63.00536536  027.79000013
111  63.00570763  027.79174959
111  63.00563424  027.79197957 102
111  63.00431855  027.78993918
111  63.00414487  027.78906876
111  63.00284880  027.79023570
111  63.00281406  027.79036961
111  63.00287051  027.79071393
111  63.00256006  027.79103913
111  63.00256440  027.79047482
111  63.00266426  027.79020223
111  63.00265341  027.79010658
111  63.00236250  027.79009224
111  63.00236901  027.79019745
111  63.00248190  027.79040787
111  63.00246888  027.79066611
111  63.00226046  027.79087175
111  63.00214757  027.79096739
111  63.00220185  027.79134517
111  63.00067782  027.79277019
111  63.00093479  027.79410590
111  63.00115825  027.79384363
111  63.00191833  027.79444363 102
111  63.00217604  027.79574783 102
112  63.00219948  027.79593979  63.00219948  027.79603778 102
112  63.00213208  027.79624266  63.00212669  027.79624563 102
111  63.00165624  027.79777781 102
112  63.00155244  027.79808068  63.00152279  027.79814600 102
112  63.00131385  027.79835682  63.00128823  027.79837761 102
111  62.99519852  027.80395578
111  62.99513903  027.80382325
111  62.99528857  027.80321382
111  62.99549022  027.80288015
111  62.99554369  027.80263480
111  62.99532088  027.80240908
111  62.99504348  027.80180308
111  62.99493876  027.80204597
111  62.99500338  027.80246797
111  62.99525070  027.80280164
111  62.99526184  027.80290714
111  62.99499558  027.80412650 102
111  62.99473489  027.80439637 102
112  62.99461791  027.80458284  62.99456555  027.80469079 102
112  62.99445749  027.80492386  62.99442630  027.80502445 102
112  62.99432442  027.80538782  62.99427015  027.80566033 102
112  62.99423541  027.80608104  62.99422673  027.80635833 102
112  62.99426797  027.80676470  62.99428534  027.80690335 102
112  62.99435916  027.80734797  62.99438521  027.80743880 102
112  62.99450895  027.80775913  62.99455671  027.80785953 102
112  62.99480638  027.80825157  62.99484328  027.80830894
112  62.99502347  027.80855755  62.99506038  027.80859580
111  63.01793702  027.78723143 102
112  63.01807877  027.78631718  63.01806563  027.78621297 102
112  63.01806826  027.78589455  63.01803936  027.78576718 102
112  63.01796318  027.78520561  63.01790277  027.78514193 102
112  63.01772676  027.78457458  63.01755076  027.78434301 102
112  63.01724342  027.78411144  63.01704378  027.78408828 102
114  63.01703852  027.78412881  63.01697022  027.78416354 102
111  63.01130696  027.79322588 102
112  63.01084744  027.79094742  63.01083311  027.79086849 102
112  63.01085460  027.79054751  63.01088804  027.79034756 102
111  63.01094296  027.79035808 102
111  63.01638538  027.78529019 102
112  63.01690120  027.78484279  63.01698956  027.78478489 102
112  63.01710180  027.78481121  63.01716628  027.78481121 102
112  63.01733583  027.78493752  63.01738598  027.78497436 102
112  63.01750777  027.78518488  63.01754359  027.78523751 102
112  63.01767494  027.78570066  63.01771553  027.78592171 102
112  63.01772508  027.78615328  63.01773702  027.78624275 102
112  63.01770120  027.78659538  63.01769404  027.78677958 102
111  63.01756986  027.78721641 102
113  63.01749255  027.78755294
111  63.01062740  027.79107701 102
111  63.01098344  027.79299040 102
112  63.01097039  027.79331367  63.01095302  027.79341890 102
111  63.01089453  027.79357598
111  63.00733614  027.79697465 102
112  63.00724719  027.79675951  63.00724068  027.79671168 102
111  63.00678694  027.79439193 102
112  63.00677175  027.79414800  63.00678912  027.79404278 102
112  63.00688681  027.79377015  63.00690635  027.79375101 102
111  63.00784638  027.79284223 102
111  63.01027136  027.79060845 102
112  63.01042550  027.79056062  63.01047326  027.79061324 102
114  63.01055575  027.79083806  63.01057095  027.79088589 102
111  63.00458197  027.79097092 102
111  63.00477770  027.79110028 102
112  63.00592924  027.79294364  63.00596513  027.79298676
112  63.00602059  027.79334250  63.00605810  027.79371262 102
112  63.00603363  027.79383839  63.00602385  027.79398931 102
111  63.00594229  027.79407555 102
111  63.00533390  027.79466484 102
111  63.00372402  027.79618114 102
111  63.00312378  027.79600865 102
112  63.00247134  027.79581822  63.00242894  027.79576433 102
111  63.00240447  027.79559905 102
112  63.00208804  027.79387802  63.00206684  027.79376663
112  63.00210598  027.79337860  63.00213534  027.79318817
111  63.00220874  027.79311990
113  63.00432100  027.79110777 102
111  63.00324833  027.79659630 102
111  63.00192838  027.79785399 102
113  63.00243856  027.79641458 102
112  63.00600696  027.79459450  63.00605162  027.79456557 102
112  63.00619084  027.79458872  63.00624338  027.79464080 102
111  63.00625914  027.79477391 102
111  63.00666368  027.79687465 102
112  63.00672935  027.79733184  63.00672147  027.79752282 102
111  63.00668995  027.79752861
111  63.00166736  027.80234875
111  63.00115512  027.80234294 102
112  63.00017267  027.80207674  63.00009649  027.80207095 102
112  62.99987583  027.80187423  62.99982854  027.80181059 102
112  62.99970508  027.80144608  62.99965780  027.80121464 102
112  62.99967356  027.80095427  62.99968144  027.80077491 102
112  62.99978914  027.80047983  62.99984693  027.80025418 102
111  63.00011750  027.80001117 102
113  63.00395800  027.79646983 102
111  62.99947790  027.80064347 102
112  62.99944447  027.80090120  62.99943731  027.80100114 102
112  62.99947074  027.80156921  62.99948029  027.80167967 102
112  62.99960208  027.80204786  62.99967134  027.80225300 102
112  62.99981462  027.80237924  62.99987432  027.80245814 102
111  63.00000328  027.80255807 102
111  63.00036627  027.80263699 102
111  63.00104581  027.80278184
111  62.99783120  027.80572390 102
112  62.99762237  027.80564542  62.99754834  027.80561912 102
112  62.99730715  027.80540348  62.99723789  027.80530881 102
112  62.99706834  027.80493539  62.99702535  027.80479864 102
112  62.99695849  027.80416751  62.99693938  027.80391505 102
112  62.99698714  027.80347852  62.99703252  027.80325236 102
112  62.99716864  027.80287894  62.99721879  027.80270012 102
111  62.99740267  027.80251077 102
113  62.99881163  027.80125372 102
111  62.99684762  027.80304170 102
112  62.99674341  027.80403619  62.99673907  027.80415094 102
112  62.99682373  027.80497331  62.99684110  027.80511196 102
112  62.99706254  027.80559008  62.99711248  027.80570961 102
111  62.99729267  027.80591999 102
111  62.99747153  027.80604825
111  62.99540826  027.80809064
112  62.99521721  027.80797587  62.99513255  027.80792806 102
112  62.99471304  027.80743519  62.99465814  027.80732701 102
112  62.99451077  027.80669065  62.99449344  027.80652520 102
112  62.99452811  027.80581248  62.99455701  027.80557067 102
112  62.99471304  027.80512522  62.99476794  027.80496613 102
111  62.99495866  027.80474340 102
113  62.99659415  027.80327343 102
130 Airport Boundary 1
111  62.99753081  027.79425874
111  62.99786721  027.79545062
111  62.99777877  027.79567628
111  62.99793222  027.79639213
111  62.99804793  027.79709615
111  62.99803005  027.79845419
111  62.99722555  027.79861165
111  62.99717192  027.79933987
111  62.99688587  027.79918242
111  62.99655513  027.79853292
111  62.99610819  027.79825738
111  62.99593835  027.79857228
111  62.99528581  027.79811960
111  62.99495507  027.79758820
111  62.99419526  027.79993032
111  62.99355166  027.79928083
111  62.99310471  027.80134766
111  62.99202310  027.80400460
111  62.99135268  027.80719294
111  62.99158509  027.80984988
111  62.99221976  027.81162118
111  62.99396285  027.81358929
111  62.99457069  027.81360897
111  62.99871835  027.81000726
111  63.00082793  027.81105060
111  63.00157880  027.81103092
111  63.00227604  027.81022381
111  63.00291070  027.81087343
111  63.00323250  027.81079469
111  63.00354536  027.81219237
111  63.00428729  027.81309791
111  63.00502028  027.81455635
111  63.00545829  027.81428073
111  63.00642369  027.81337504
111  63.00661236  027.81244652
111  63.00724579  027.81129863
111  63.00770951  027.81196252
111  63.00815784  027.81337506
111  63.00843495  027.81532431
111  63.00862267  027.81520616
111  63.00890871  027.81542277
111  63.00999032  027.81619073
111  63.01035682  027.81613165
111  63.01060711  027.81585598
111  63.01083058  027.81520616
111  63.01081270  027.81418221
111  63.01087527  027.81270536
111  63.01096466  027.81197678
111  63.01181386  027.80886598
111  63.01286865  027.80512431
111  63.01319045  027.80386396
111  63.01370891  027.80114633
111  63.01406647  027.80071455
111  63.01462962  027.80085243
111  63.01477264  027.80065546
111  63.01495142  027.80057668
111  63.01528216  027.80022214
111  63.01584531  027.80030093
111  63.01627438  027.79988730
111  63.01728448  027.79803585
111  63.01757052  027.79657832
111  63.01791020  027.79311176
111  63.01806216  027.79246178
111  63.01883985  027.79163454
111  63.01974268  027.78946794
111  63.01992146  027.78779375
111  63.01978737  027.78558776
111  63.01969798  027.78416962
111  63.02010917  027.78129396
111  63.02013599  027.78070306
111  63.02007342  027.78011217
111  63.01993933  027.78015157
111  63.01978737  027.77954098
111  63.01824976  027.78126856
111  63.01697464  027.78281419
111  63.01517746  027.78451757
111  63.01394768  027.78561502
111  63.01306261  027.78554565
111  63.01175492  027.78533644
111  63.00922396  027.78546646
111  63.00646278  027.78786354
111  63.00699781  027.78995065
111  63.00625603  027.79076518
111  63.00493381  027.78415411
111  63.00408615  027.78352526
111  63.00298406  027.78252662
111  62.99978061  027.78321256
111  62.99727362  027.78261435
111  62.99667538  027.78404654
111  62.99680436  027.78753573
113  62.99716895  027.79127497
120 Linear Feature 11
111  63.01527852  027.79020474 1
111  63.01478360  027.79064729 1
112  63.01460221  027.79098991  63.01456205  027.79117835 1
112  63.01455039  027.79146672  63.01455428  027.79157237 1
115  63.01456622  027.79173327
120 Linear Feature 10
111  63.01475121  027.79491293 1
111  63.01494684  027.79427337 1
112  63.01497794  027.79410206  63.01497923  027.79403068 1
115  63.01497664  027.79383938
120 Linear Feature 9
111  63.01355501  027.79178469 1
111  63.01408435  027.79130248 1
112  63.01420823  027.79125994  63.01426616  027.79127589 1
112  63.01441820  027.79139644  63.01447371  027.79149749 1
112  63.01456622  027.79173327  63.01459679  027.79188219 1
111  63.01497664  027.79383938 1
112  63.01502069  027.79403353  63.01505049  027.79409920 1
115  63.01528629  027.79422769
120 Linear Feature 12
111  63.01470630  027.79262747 4
115  63.01476188  027.79256139
120 Linear Feature 14
111  62.99510937  027.80378754 1
111  62.99503470  027.80429530 1
112  62.99501036  027.80438962  62.99498505  027.80446036 1
115  62.99498051  027.80446690
120 Linear Feature 13
111  62.99545113  027.80254812 1
112  62.99537744  027.80282086  62.99533512  027.80293479 1
112  62.99528025  027.80309360  62.99525517  027.80317301 1
112  62.99518462  027.80343884  62.99516110  027.80355277 1
111  62.99510937  027.80378754 1
112  62.99510153  027.80408444  62.99512661  027.80416385 1
112  62.99517835  027.80421909  62.99520186  027.80423290 1
115  62.99524149  027.80422243
120 Linear Feature 7
111  63.01631311  027.79330053 1
111  63.01648985  027.79215436 1
112  63.01650499  027.79185947  63.01650247  027.79169812 1
115  63.01644381  027.79131106
120 Linear Feature 6
111  63.01616790  027.79013295 1
112  63.01623343  027.79029637  63.01626102  027.79037997 1
111  63.01630585  027.79058899 1
111  63.01644381  027.79131106 1
115  63.01664557  027.79195711
120 Linear Feature 12
111  63.01158513  027.79904322 1
111  63.01146894  027.79939409 1
112  63.01144139  027.79943581  63.01143192  027.79944150 1
115  63.01141036  027.79945064
120 Linear Feature 11
111  63.01164030  027.79860187 1
111  63.01134017  027.79931955 1
112  63.01128999  027.79937797  63.01125686  027.79938840 1
115  63.01124723  027.79938681
120 Linear Feature 10
111  63.01191478  027.79913387 1
111  63.01189915  027.79949875 1
112  63.01188145  027.79955612  63.01185333  027.79960202 1
115  63.01185090  027.79959063
120 Linear Feature 9
111  63.01180334  027.79914075 1
111  63.01177626  027.79941843 1
112  63.01174814  027.79951023  63.01172315  027.79956301 1
115  63.01170301  027.79954932
120 Linear Feature 8
111  63.01169607  027.79909256 1
111  63.01162733  027.79940696 1
112  63.01161067  027.79946662  63.01160442  027.79947580 1
115  63.01156137  027.79949883
120 Linear Feature 7
111  63.01179674  027.79621261 1
111  63.01195643  027.79702944 1
112  63.01198143  027.79728647  63.01198351  027.79739892 1
112  63.01196060  027.79769956  63.01193769  027.79791757 1
115  63.01188770  027.79836278
120 Linear Feature 6
111  63.01228228  027.79295167 1
111  63.01176199  027.79344766 1
112  63.01161439  027.79372005  63.01158118  027.79383389 1
112  63.01152029  027.79408594  63.01150369  027.79418758 1
112  63.01149262  027.79444777  63.01149446  027.79452908 1
115  63.01153742  027.79490914
120 Linear Feature 5
111  63.01033870  027.79475309 1
111  63.01083339  027.79428495 1
112  63.01097919  027.79420464  63.01107709  027.79417940 1
112  63.01119061  027.79423446  63.01125622  027.79426658 1
112  63.01132704  027.79436067  63.01134579  027.79438362 1
112  63.01142182  027.79454196  63.01144889  027.79460851 1
111  63.01153742  027.79490914 1
111  63.01179674  027.79621261 1
112  63.01179987  027.79647652  63.01178945  027.79657520 1
112  63.01176029  027.79668306  63.01173738  027.79674273 1
112  63.01166760  027.79684141  63.01164261  027.79686436 1
111  63.01124997  027.79723612 1
112  63.01115729  027.79740593  63.01113437  027.79750002 1
112  63.01111250  027.79785343  63.01111563  027.79795669 1
111  63.01116041  027.79907428 1
112  63.01119790  027.79929000  63.01123331  027.79936343 1
111  63.01124893  027.79938409 1
112  63.01130101  027.79943228  63.01134579  027.79944375 1
111  63.01141036  027.79945064 1
111  63.01156137  027.79949883 1
111  63.01170301  027.79954932 1
111  63.01185090  027.79959063 1
111  63.01194255  027.79960899 1
112  63.01202274  027.79953326  63.01204565  027.79945523 1
112  63.01206544  027.79935196  63.01206023  027.79928541 1
115  63.01204253  027.79916149
120 Stand 1 line
111  63.01016402  027.78921584 1
111  63.01020201  027.78906114 1
111  63.01045394  027.78935622 1
112  63.01053526  027.78948194  63.01056790  027.78956207 1
112  63.01058692  027.78967447  63.01059754  027.78976321 1
115  63.01062519  027.79020522
120 Stand 2 line
111  63.00982701  027.78907025 1
111  63.00989640  027.78916306 1
111  63.00968990  027.78986739 1
112  63.00965851  027.79006758  63.00965191  027.79018952 1
112  63.00966099  027.79030236  63.00966430  027.79033330 1
115  63.00975811  027.79082873
120 Stand 3 line
111  63.00920113  027.78962695 1
111  63.00927172  027.78972622 1
111  63.00907348  027.79043102 1
112  63.00903894  027.79063949  63.00902242  027.79079501
111  63.00903894  027.79063949
112  63.00903894  027.79063949  63.00903443  027.79080659 1
112  63.00904044  027.79085788  63.00904420  027.79087939 1
115  63.00913894  027.79138828
120 Stand 4 line
111  63.00861229  027.79018640 1
111  63.00868365  027.79026570 1
111  63.00853472  027.79091244 1
112  63.00850927  027.79116539  63.00850989  027.79131990 1
112  63.00852417  027.79139647  63.00852913  027.79142518 1
115  63.00861960  027.79187901
120 Linear Feature 15
111  63.00681185  027.79356420 1
112  63.00659787  027.79359614  63.00650047  027.79355527 1
112  63.00634586  027.79332706  63.00626083  027.79318740 1
111  63.00608303  027.79292173 1
111  63.00467611  027.79072823 1
112  63.00460035  027.79067714  63.00454779  027.79067714 1
111  63.00452305  027.79069758 1
111  63.00422545  027.79097105 1
111  63.00408078  027.79110365 1
111  63.00391393  027.79125951 1
111  63.00375765  027.79141072 1
111  63.00358130  027.79156890 1
111  63.00341656  027.79172244 1
111  63.00325922  027.79186899 1
111  63.00308182  027.79203182 1
111  63.00292236  027.79217837 1
111  63.00276713  027.79232027 1
111  63.00261190  027.79246682 1
111  63.00247779  027.79258545 1
111  63.00235107  027.79270175 1
111  63.00219479  027.79285295 1
111  63.00203322  027.79299717 1
112  63.00198148  027.79308324  63.00196669  027.79312278 1
111  63.00193607  027.79320187 1
112  63.00191495  027.79336238  63.00190967  027.79344146 1
112  63.00190967  027.79360662  63.00191601  027.79363918 1
111  63.00205012  027.79434400 1
111  63.00232362  027.79577457 1
112  63.00238170  027.79593973  63.00241126  027.79600952 1
112  63.00245245  027.79605604  63.00246829  027.79606999 1
111  63.00279564  027.79621189 1
111  63.00363410  027.79644917 1
112  63.00369429  027.79643754  63.00373969  027.79641893 1
115  63.00378064  027.79639212
120 Twy/HP E
111  62.99725791  027.80239035 1
112  62.99704511  027.80279864  62.99697120  027.80301920 1
112  62.99685740  027.80364521  62.99682814  027.80402831 1
112  62.99688444  027.80459337  62.99692457  027.80476547 1
112  62.99704389  027.80523294  62.99712837  027.80543063 1
112  62.99732267  027.80570739  62.99743461  027.80580740 1
112  62.99769333  027.80598415  62.99777675  027.80602136 1
112  62.99797527  027.80604928  62.99808193  027.80604230 1
111  62.99826567  027.80591206 1
115  62.99871446  027.80549341
120 Twy/HP D
111  62.99985636  027.80000079 1
112  62.99960071  027.80062750  62.99954023  027.80097216 1
112  62.99955943  027.80108846  62.99955655  027.80113921 1
112  62.99961895  027.80162554  62.99966119  027.80175241 1
112  62.99977542  027.80203998  62.99984262  027.80213090 1
112  62.99994438  027.80223874  63.00002214  027.80228103 1
111  63.00159268  027.80271876 1
112  63.00173572  027.80270396  63.00180964  027.80268281 1
111  63.00190947  027.80257497 1
115  63.00232995  027.80218587
120 Linear Feature 12
111  63.00623070  027.79856209 1
111  63.00672797  027.79810314 1
112  63.00687965  027.79787261  63.00692477  027.79774571 1
112  63.00699005  027.79743269  63.00700157  027.79729522 1
111  63.00699591  027.79698894 1
115  63.00697906  027.79686859
120 Linear Feature 11
111  63.00603103  027.79428583 1
112  63.00624115  027.79426093  63.00629819  027.79428549 1
112  63.00639982  027.79437650  63.00644179  027.79444439 1
112  63.00650998  027.79458162  63.00653621  027.79465096 1
115  63.00658064  027.79480592
120 Linear Feature 10
111  63.00681528  027.79355706 1
112  63.00662827  027.79389487  63.00658645  027.79405353 1
112  63.00655625  027.79425827  63.00654463  027.79440414 1
112  63.00656206  027.79470356  63.00658296  027.79485199 1
111  63.00658064  027.79480592 1
111  63.00697906  027.79686859 1
112  63.00710568  027.79720640  63.00718466  027.79733180 1
112  63.00727178  027.79737531  63.00732405  027.79741625 1
112  63.00747274  027.79738043  63.00754940  027.79733949 1
112  63.00780843  027.79708101  63.00785025  027.79704006 1
115  63.00805237  027.79685579
120 Linear Feature 9
111  63.01109056  027.79279541 1
112  63.01112399  027.79316593  63.01112561  027.79334981 1
112  63.01111098  027.79346683  63.01110881  027.79348832 1
112  63.01105842  027.79378564  63.01103891  027.79384892 1
112  63.01094679  027.79407220  63.01090615  027.79414026 1
112  63.01075659  027.79431459  63.01067368  027.79439579 1
115  63.01033066  027.79472176
120 Linear Feature 8
111  63.01067906  027.79071960 1
111  63.01109056  027.79279541 1
112  63.01120308  027.79313075  63.01127015  027.79326902 1
112  63.01141585  027.79340887  63.01147355  027.79344225 1
112  63.01167189  027.79344543  63.01179667  027.79340728 1
112  63.01190269  027.79326266  63.01192000  027.79324518 1
115  63.01227630  027.79291301
120 Linear Feature 7
111  63.01031077  027.79031980 1
112  63.01043962  027.79028055  63.01049339  027.79030800 1
112  63.01054096  027.79034644  63.01058424  027.79040134 1
112  63.01063341  027.79052704  63.01065243  027.79059350 1
115  63.01067906  027.79071960
120 Linear Feature 6
111  63.01067906  027.79071960 1
112  63.01065900  027.79053113  63.01065478  027.79038687 1
112  63.01068434  027.79035662  63.01068223  027.79035429 1
112  63.01078255  027.79019840  63.01083746  027.79015651 1
115  63.01093599  027.79003469
120 Taxiway T/F/A centerline
111  62.99507205  027.80821982 1
111  62.99481106  027.80790243 1
112  62.99463383  027.80758504  62.99460462  027.80748639 1
112  62.99448776  027.80712182  62.99445075  027.80696742 1
112  62.99439622  027.80650849  62.99438648  027.80630690 1
112  62.99442543  027.80571072  62.99444296  027.80561636 1
112  62.99456956  027.80511883  62.99460656  027.80502448 1
112  62.99481301  027.80463846  62.99488897  027.80454839 1
111  62.99498051  027.80446690 1
111  62.99524149  027.80422243 1
111  62.99727287  027.80236567 1
111  62.99985636  027.80000079 1
111  63.00153379  027.79845925 1
111  63.00378064  027.79639212 1
111  63.00603103  027.79428583 1
111  63.00681185  027.79356420 1
111  63.00861960  027.79187901 1
111  63.00913894  027.79138828 1
111  63.00975811  027.79082873 1
111  63.01031077  027.79031980 1
112  63.01036519  027.79027983  63.01040751  027.79026651 1
111  63.01062519  027.79020522 1
112  63.01093599  027.79003469  63.01098557  027.78998939 1
111  63.01130604  027.78971493 1
112  63.01185749  027.78921396  63.01185749  027.78920596 1
111  63.01690036  027.78452886 1
112  63.01708780  027.78444358  63.01714222  027.78445157 1
112  63.01723655  027.78445957  63.01725711  027.78447822 1
112  63.01737562  027.78454485  63.01741916  027.78460082 1
112  63.01749172  027.78466746  63.01749414  027.78467812 1
112  63.01765256  027.78496063  63.01767674  027.78505391 1
112  63.01775535  027.78524848  63.01776986  027.78533110 1
112  63.01783517  027.78560563  63.01787265  027.78586949 1
112  63.01788596  027.78622931  63.01788958  027.78660245 1
112  63.01785693  027.78674104  63.01785693  027.78674637 1
112  63.01780009  027.78707420  63.01779284  027.78710352 1
115  63.01775414  027.78724478
120 Linear Feature 4
111  63.01633915  027.79108058 4
115  63.01645109  027.79096259
120 Linear Feature 3
111  63.01158569  027.79548885 4
111  63.01168545  027.79538893 4
115  63.01168415  027.79539179
120 Linear Feature 2
111  63.00728069  027.79949513 4
115  63.00762843  027.79917800
120 Linear Feature 13
111  63.01759447  027.78440182 4
115  63.01741157  027.78499436
120 Linear Feature 12
111  63.01107730  027.79212425 4
115  63.01087005  027.79231949
120 Linear Feature 11
111  63.00703785  027.79589183 4
115  63.00661679  027.79628905
120 Linear Feature 10
111  62.99998335  027.80199893 4
115  62.99993709  027.80249599
120 Linear Feature 9
111  62.99707699  027.80499586 4
115  62.99692057  027.80522968
120 Linear Feature 8
111  62.99462109  027.80721354 4
115  62.99443132  027.80754427
120 Linear Feature 5
111  63.00611764  027.79137017 1
111  63.00608365  027.79118687 1
112  63.00604907  027.79109664  63.00602429  027.79108209 1
112  63.00601109  027.79109176  63.00599787  027.79110267 1
111  63.00575503  027.79133742 1
112  63.00573656  027.79140386  63.00573161  027.79144753 1
111  63.00575667  027.79154931 1
115  63.00578394  027.79169044
120 Linear Feature 4
111  63.00608365  027.79118687 1
111  63.00602400  027.79085466 1
112  63.00598126  027.79073858  63.00595201  027.79070900
111  63.00598126  027.79073858
112  63.00598126  027.79073858  63.00594781  027.79071903 1
112  63.00593962  027.79073570  63.00593552  027.79073870 1
111  63.00569455  027.79096579 1
112  63.00567612  027.79102144  63.00566998  027.79106806 1
111  63.00568337  027.79118401 1
115  63.00575667  027.79154931
120 Linear Feature 3
111  63.00602400  027.79085466 1
111  63.00594317  027.79046204 1
112  63.00590795  027.79038544  63.00587724  027.79036589 1
112  63.00586495  027.79038093  63.00585607  027.79038996 1
111  63.00563354  027.79058997 1
112  63.00560350  027.79065765  63.00559599  027.79069224 1
111  63.00560972  027.79080232 1
115  63.00568337  027.79118401
120 Linear Feature 2
111  63.00594317  027.79046204 1
111  63.00586776  027.79006370 1
112  63.00583505  027.79001766  63.00581143  027.79001366 1
112  63.00579235  027.79001766  63.00578144  027.79002967 1
111  63.00554975  027.79024185 1
112  63.00553522  027.79029790  63.00553249  027.79032792 1
111  63.00553249  027.79039398 1
115  63.00560972  027.79080232
120 milparkdisurwy
111  63.00586776  027.79006370 1
111  63.00579780  027.78969739 1
112  63.00577236  027.78966336  63.00574964  027.78964935 1
112  63.00573874  027.78965536  63.00573147  027.78965936 1
111  63.00547616  027.78989356 1
112  63.00546162  027.78994760  63.00545890  027.78998163 1
112  63.00545981  027.79001766  63.00546344  027.79004168 1
115  63.00553249  027.79039398
120 Linear Feature 34
111  63.00608303  027.79292173 1
112  63.00619917  027.79320172  63.00622363  027.79332026 1
112  63.00624156  027.79349627  63.00624564  027.79362200 1
112  63.00623423  027.79375132  63.00622200  027.79382855 1
112  63.00617553  027.79404048  63.00614944  027.79410873 1
112  63.00608503  027.79422368  63.00606954  027.79424703 1
115  63.00603103  027.79428583
120 Linear Feature 33
111  63.00232362  027.79577457 1
112  63.00233939  027.79604684  63.00233283  027.79614517 1
111  63.00230757  027.79623654 1
111  63.00167735  027.79820321 1
112  63.00160251  027.79835938  63.00155262  027.79843747 1
115  63.00153379  027.79845925
120 Linear Feature 32
111  63.00114356  027.79258235 1
112  63.00111296  027.79266705  63.00111147  027.79271602 1
111  63.00112259  027.79280091 1
111  63.00124858  027.79345719 1
112  63.00128045  027.79351433  63.00130861  027.79352739 1
115  63.00133363  027.79349690
120 Linear Feature 31
111  63.00132128  027.79241632 1
112  63.00127897  027.79251522  63.00127823  027.79257236 1
111  63.00128638  027.79263766 1
111  63.00142349  027.79335271 1
112  63.00144943  027.79336904  63.00147018  027.79337394 1
115  63.00148147  027.79336157
120 Linear Feature 30
111  63.00147757  027.79226603 1
112  63.00144202  027.79236829  63.00144128  027.79243033 1
111  63.00145536  027.79251848 1
111  63.00158654  027.79320742 1
115  63.00161683  027.79325585
120 Linear Feature 29
111  63.00164180  027.79211398 1
112  63.00160877  027.79220993  63.00160506  027.79227034 1
111  63.00161692  027.79233564 1
111  63.00180814  027.79333149 1
115  63.00182802  027.79336581
120 Linear Feature 28
111  63.00193042  027.79294622 1
112  63.00197119  027.79300172  63.00199490  027.79302131 1
115  63.00203322  027.79299717
120 Linear Feature 27
111  63.00181396  027.79196368 1
112  63.00177701  027.79204504  63.00177108  027.79209401 1
111  63.00178442  027.79219360 1
111  63.00193042  027.79294622 1
112  63.00194599  027.79309478  63.00194525  027.79314376 1
115  63.00193607  027.79320187
120 Linear Feature 26
111  63.00208977  027.79278949 1
112  63.00208013  027.79291030  63.00206012  027.79297397 1
115  63.00203322  027.79299717
120 Linear Feature 25
111  63.00197341  027.79182791 1
112  63.00194599  027.79189811  63.00194080  027.79195525 1
111  63.00195117  027.79204177 1
111  63.00208977  027.79279765 1
112  63.00212534  027.79286296  63.00214906  027.79288581 1
115  63.00219479  027.79285295
120 Linear Feature 24
111  63.00225059  027.79262297 1
112  63.00224688  027.79274051  63.00223725  027.79278786 1
115  63.00219479  027.79285295
120 Linear Feature 23
111  63.00214322  027.79166309 1
112  63.00210829  027.79173159  63.00210533  027.79176424 1
111  63.00211052  027.79187688 1
111  63.00225059  027.79262297 1
112  63.00228098  027.79270296  63.00230099  027.79271929 1
115  63.00235107  027.79270175
120 Linear Feature 22
111  63.00227333  027.79154599 1
115  63.00247779  027.79258545
120 Linear Feature 21
111  63.00264261  027.79225378 1
112  63.00264598  027.79237400  63.00263789  027.79243485 1
115  63.00261161  027.79247344
120 Linear Feature 20
111  63.00240027  027.79142540 1
112  63.00247147  027.79141374  63.00249101  027.79143451 1
115  63.00250651  027.79150279
120 Linear Feature 19
111  63.00255339  027.79128384 1
112  63.00250179  027.79138999  63.00249303  027.79144787 1
111  63.00250651  027.79150279 1
111  63.00264261  027.79225378 1
112  63.00268505  027.79233986  63.00271133  027.79235619 1
115  63.00275849  027.79232205
120 Linear Feature 25
111  63.00380887  027.79119022 1
112  63.00381031  027.79131574  63.00379733  027.79138088 1
115  63.00375765  027.79141072
120 Linear Feature 24
111  63.00354273  027.79036627 1
112  63.00362206  027.79034176  63.00365380  027.79037354 1
115  63.00366822  027.79044821
120 Linear Feature 23
111  63.00397122  027.79104277 1
112  63.00396754  027.79116639  63.00395672  027.79123153 1
115  63.00391393  027.79125951
120 Linear Feature 22
111  63.00371490  027.79021597 1
112  63.00366101  027.79031793  63.00365524  027.79037672 1
111  63.00366822  027.79044821 1
111  63.00380887  027.79119022 1
112  63.00384421  027.79125695  63.00387450  027.79127761 1
115  63.00391393  027.79125951
120 Linear Feature 21
111  63.00371490  027.79021597 1
112  63.00379588  027.79019352  63.00381968  027.79023022 1
115  63.00382921  027.79028424
120 Linear Feature 20
111  63.00385697  027.79009024 1
112  63.00383159  027.79015316  63.00382524  027.79020210 1
112  63.00382921  027.79028424  63.00383555  027.79032968 1
111  63.00397122  027.79104277 1
112  63.00400930  027.79111268  63.00403628  027.79112841 1
115  63.00406008  027.79111443
120 Linear Feature 19
111  63.00413730  027.79088885 1
112  63.00413583  027.79100970  63.00412868  027.79105435 1
116  63.00408078  027.79110365  63.00407720  027.79110496
120 Linear Feature 18
111  63.00399290  027.79012857 1
112  63.00395244  027.79004293  63.00392784  027.79002021 1
115  63.00387357  027.79006391
120 Linear Feature 17
111  63.00402833  027.78992529 1
112  63.00399528  027.78999924  63.00398973  027.79003769 1
112  63.00399290  027.79012857  63.00399687  027.79015304 1
111  63.00413730  027.79088885 1
112  63.00416982  027.79095702  63.00419283  027.79098149 1
115  63.00422545  027.79097105
120 Linear Feature 16
111  63.00465078  027.79067833 1
111  63.00417459  027.78994402 1
112  63.00410996  027.78989157  63.00406745  027.78988408 1
111  63.00402833  027.78992529 1
111  63.00387357  027.79006391 1
111  63.00371490  027.79021597 1
111  63.00354273  027.79036627 1
111  63.00337850  027.79051658 1
111  63.00320713  027.79068786 1
111  63.00306036  027.79081895 1
111  63.00289296  027.79097100 1
111  63.00272397  027.79112480 1
111  63.00255339  027.79128384 1
111  63.00240027  027.79142540 1
111  63.00227333  027.79154599 1
111  63.00214322  027.79166309 1
111  63.00198057  027.79181513 1
111  63.00181396  027.79196368 1
111  63.00164180  027.79211398 1
111  63.00147757  027.79226603 1
111  63.00132128  027.79241632 1
111  63.00114356  027.79258235 1
111  63.00098647  027.79271517 1
112  63.00095059  027.79280543  63.00094483  027.79286464 1
112  63.00095443  027.79295980  63.00096212  027.79300632 1
111  63.00107635  027.79358149 1
112  63.00111091  027.79365761  63.00113299  027.79367876 1
112  63.00115987  027.79365973  63.00117139  027.79364704 1
111  63.00122803  027.79359840 1
111  63.00133363  027.79349690 1
111  63.00148147  027.79336157 1
112  63.00161683  027.79325585  63.00164947  027.79325162 1
112  63.00171954  027.79325585  63.00176850  027.79327911 1
112  63.00182802  027.79336581  63.00186642  027.79341021 1
115  63.00190967  027.79360662
120 Linear Feature 12
111  63.00299644  027.79102264 1
112  63.00296220  027.79095798  63.00294182  027.79094182 1
115  63.00289296  027.79097100
120 Linear Feature 11
111  63.00308182  027.79203182 1
112  63.00314237  027.79192238  63.00314889  027.79184875 1
115  63.00314645  027.79181283
120 Linear Feature 10
111  63.00306036  027.79081895 1
112  63.00299843  027.79093017  63.00298865  027.79101099 1
111  63.00299644  027.79102264 1
111  63.00314645  027.79181283 1
112  63.00319200  027.79189039  63.00321972  027.79190116 1
115  63.00325922  027.79186899
120 Linear Feature 9
111  63.00316927  027.79090770 1
112  63.00312805  027.79080261  63.00309870  027.79076849 1
115  63.00306036  027.79081895
120 Linear Feature 8
111  63.00325922  027.79186899 1
112  63.00330626  027.79177706  63.00331115  027.79171600 1
115  63.00330705  027.79164941
120 Linear Feature 7
111  63.00320713  027.79068786 1
112  63.00316349  027.79078961  63.00315778  027.79086145 1
111  63.00316927  027.79090770 1
111  63.00330705  027.79164941 1
112  63.00334944  027.79173561  63.00337716  027.79174638 1
115  63.00341656  027.79172244
120 Linear Feature 6
111  63.00333232  027.79075684 1
112  63.00328912  027.79065448  63.00326547  027.79064011 1
115  63.00320713  027.79068786
120 Linear Feature 5
111  63.00341656  027.79172244 1
112  63.00347091  027.79163504  63.00347907  027.79157577 1
115  63.00347744  027.79151292
120 Linear Feature 4
111  63.00336982  027.79053235 1
112  63.00333477  027.79060239  63.00332743  027.79066346 1
111  63.00333232  027.79075684 1
111  63.00347744  027.79151292 1
112  63.00351820  027.79157757  63.00354021  027.79159014 1
115  63.00358130  027.79156890
120 Linear Feature 3
111  63.00363885  027.79133692 1
112  63.00364293  027.79145904  63.00363233  027.79153447 1
115  63.00358130  027.79156890
120 Linear Feature 2
111  63.00338939  027.79051799 1
112  63.00344809  027.79050362  63.00347336  027.79052876 1
115  63.00349945  027.79062754
120 Linear Feature 1
111  63.00354273  027.79036627 1
112  63.00349211  027.79046411  63.00348722  027.79052158 1
112  63.00349945  027.79062754  63.00350026  027.79063293 1
111  63.00363885  027.79133692 1
112  63.00368532  027.79142851  63.00370652  027.79144288 1
115  63.00375765  027.79141072
120 Linear Feature 18
111  63.00280970  027.79210834 1
112  63.00280902  027.79221965  63.00279824  027.79228792 1
115  63.00276713  027.79232027
120 Linear Feature 17
111  63.00255339  027.79128384 1
112  63.00262239  027.79125492  63.00265204  027.79127570 1
115  63.00267023  027.79135881
120 Linear Feature 16
111  63.00272397  027.79112480 1
112  63.00266821  027.79124156  63.00266349  027.79130687 1
111  63.00267023  027.79135881 1
111  63.00280970  027.79210834 1
112  63.00284743  027.79219145  63.00287034  027.79220629 1
115  63.00292236  027.79217837
120 Linear Feature 15
111  63.00298151  027.79196140 1
112  63.00297612  027.79208162  63.00296197  027.79215583 1
115  63.00292236  027.79217837
120 Linear Feature 14
111  63.00272397  027.79112480 1
112  63.00279151  027.79110502  63.00281980  027.79112728 1
115  63.00283530  027.79121040
120 Linear Feature 13
111  63.00289296  027.79097100 1
112  63.00283597  027.79108424  63.00282924  027.79114954 1
111  63.00283530  027.79121040 1
111  63.00298151  027.79196140 1
112  63.00302058  027.79204155  63.00304349  027.79205639 1
115  63.00308182  027.79203182
120 Linear Feature 36
111  63.01130503  027.78972187 1
112  63.01149743  027.78933564  63.01155368  027.78912187 1
112  63.01158303  027.78878594  63.01158222  027.78866020 1
115  63.01158088  027.78855719
120 Linear Feature 35
111  63.01082784  027.78712896 1
111  63.01137911  027.78780107 1
112  63.01152272  027.78815458  63.01156880  027.78836112 1
112  63.01158088  027.78855719  63.01159041  027.78876723 1
112  63.01163368  027.78901489  63.01164480  027.78906390 1
112  63.01172294  027.78918661  63.01176107  027.78922161 1
115  63.01185749  027.78921396
120 X4
111  63.00907072  027.80748242 20
115  63.00906864  027.80826677
120 X3
111  63.00893748  027.80760168 20
115  63.00919563  027.80812687
120 X2
111  63.00539108  027.78819768 20
115  63.00538352  027.78897736
120 X1
111  63.00525758  027.78833364 20
115  63.00551829  027.78886360
120 Apron white line
111  63.01111528  027.78945347 20
111  63.01096072  027.78951693 20
111  63.01015721  027.78856294 20
115  63.00811532  027.79044545
21  63.01596871  027.79078684 2 157.2000 3.00 15  PAPI-4L
21  62.99772514  027.80536976 2 337.2200 3.00 33  PAPI-4L
20  63.01215832  027.79497535 180.0000 0 1 {@L}A
20  63.00985509  027.79130694 334.2700 0 1 {@Y,^l}2{@@}2{^r}
20  63.00923284  027.79184711 336.1800 0 1 {@Y,^l}3{@@}3{^r}
20  63.00871503  027.79234125 330.1600 0 1 {@Y,^l}4{@@}4{^r}
20  62.99474206  027.80700759 54.3400 0 1 {@L}F{@R}33
20  62.99432900  027.80770414 88.3600 0 1 {@R}33{@L}F
20  62.99678712  027.80528369 90.0000 0 1 {@R}15-33{@L}E
20  62.99717851  027.80479384 55.4200 0 1 {@L}E{@R}15-33
20  63.00000931  027.80174490 9.8100 0 1 {@L}D{@R}15-33
20  62.99985707  027.80270900 58.0400 0 1 {@R}15-33{@L}D
20  63.00652392  027.79636575 83.1600 0 1 {@R}15-33{@L}C
20  63.00713925  027.79580672 42.6700 0 1 {@L}C{@R}15-33
20  63.01075562  027.79241048 86.1200 0 1 {@R}15-33{@L}B
20  63.01118297  027.79200791 44.0600 0 1 {@L}B{@R}15-33
20  63.01765595  027.78413814 3.3000 0 1 {@L}A{@R}15
20  63.01734934  027.78522705 47.3800 0 1 {@R}15{@L}A
20  62.99789100  027.80235869 145.9700 0 1 {@Y,^lu}E{@L}T
20  63.00288751  027.79580448 9.5800 0 1 {@Y,^lu}T{@L}G
20  63.00191413  027.79672449 121.7000 0 1 {@L}G{@Y}T{^ru}
20  63.00049512  027.79995025 147.7800 0 1 {@Y,^l}D{@L}T
20  63.00067686  027.79866460 324.7300 0 1 {@Y,^l}G{@L}T
20  63.00585762  027.79497054 4.4300 0 1 {@L}T{@Y}C{^r}
20  63.00712761  027.79378681 135.0000 0 1 {@Y,^l}C{@L}T
20  63.01024536  027.79092307 337.1400 0 1 {@L}T{@Y}B{^r}
20  63.01132569  027.79024960 339.6600 0 1 {@Y,^l}H{@L}T{@@,@Y,^l}B{@L}T
20  63.01245985  027.78920761 155.6100 0 1 {@L}T{@Y}H{^r}
20  63.01146401  027.79562067 236.7900 0 1 {@L}S{@R}15-33
20  63.01183010  027.79522012 245.9000 0 1 {@R}33-15{@L}S
14  63.00826656  027.78971534  82.02 0 New Tower Viewpoint 36
1300  63.01033649  027.78922015 208.46 gate jets|turboprops Stand 1
1301 C none 
1300  63.00981362  027.78944041 303.18 gate jets|turboprops Stand 2
1301 C none 
1300  63.00919464  027.78999948 301.11 gate jets|turboprops Stand 3
1301 C none 
1300  63.00863644  027.79047142 297.38 gate jets|turboprops Stand 4
1301 C none 
1300  63.00575756  027.79047292 155.44 tie_down fighters Mil 4
1301 B none 
1300  63.00306554  027.79138621  66.58 tie_down fighters Mil 3
1301 C none 
1300  63.00273176  027.79168647  67.75 tie_down fighters Mil 2
1301 C none 
1300  63.00151547  027.79284129  66.11 tie_down fighters Mil 1
1301 C none 
1300  63.01140738  027.78657194  77.57 tie_down props GA 4
1301 A none 
1300  63.01152165  027.78651337 124.88 tie_down jets|turboprops|props GA 5
1301 A general_aviation 
1300  63.01110726  027.78674598  73.30 tie_down jets|turboprops|props GA 6
1301 A general_aviation 
1300  63.01127774  027.78664773  75.75 tie_down jets|turboprops|props GA 7
1301 A general_aviation 
1300  63.01113808  027.78779921 295.68 tie_down jets|turboprops|props GA 1
1301 A general_aviation 
1300  63.01098203  027.78765329 295.64 tie_down jets|turboprops|props GA 2
1301 A general_aviation 
1300  63.01084181  027.78748559 299.50 tie_down props GA 3
1301 A none 
1300  63.01204465  027.79918086 255.17 tie_down jets|turboprops|props GA Parking 5
1301 A general_aviation 
1300  63.01191230  027.79915134 -84.37 tie_down jets|turboprops|props GA Parking 4
1301 A general_aviation 
1300  63.01169833  027.79909572 294.05 tie_down jets|turboprops|props GA Parking 2
1301 A general_aviation 
1300  63.01158282  027.79905258 306.47 tie_down jets|turboprops|props GA Parking 1
1301 A general_aviation 
18  63.00723954  027.80220476 1 BCN
19  63.00756448  027.79112565 1 WS
50 11300 ATIS
54 11970 TWR
54 12015 TWR
55 13060 APP
55 11970 APP
1200 
1201  63.01151039  027.78676333 both 0 GA Apron_stop
1201  63.01119877  027.78720911 both 1 GA Apron_stop
1201  63.01158218  027.78856803 both 2 H_stop
1201  63.01150223  027.78806473 both 3 H_stop
1201  63.01138150  027.78780229 both 4 H_stop
1201  63.01091325  027.78723428 both 5 H_start
1201  63.01114656  027.78751109 both 6 H_start
1201  63.01786078  027.78675407 both 7 A_stop
1201  63.01788334  027.78628808 both 8 A_stop
1201  63.01786078  027.78569162 both 9 A_stop
1201  63.01769444  027.78505166 both 10 A_stop
1201  63.01095665  027.79213413 both 11 B_stop
1201  63.01067585  027.79071038 both 12 B_stop
1201  63.00680887  027.79598698 both 13 C_start
1201  62.99988758  027.80220934 both 14 D_stop
1201  62.99957579  027.80149046 both 15 D_stop
1201  62.99955143  027.80085741 both 16 D_stop
1201  62.99768069  027.80598599 both 17 E_stop
1201  62.99726660  027.80565340 both 18 E_stop
1201  62.99696943  027.80503112 both 19 E_stop
1201  62.99685738  027.80445176 both 20 E_stop
1201  62.99686225  027.80350761 both 21 E_stop
1201  62.99696455  027.80297117 both 22 E_stop
1201  62.99494767  027.80806716 both 23 F_stop
1201  62.99466024  027.80769168 both 24 F_stop
1201  63.01161950  027.79876254 both 25 J_stop
1201  63.01204696  027.79896545 both 26 J_stop
1201  63.01197192  027.79711758 both 27 J_stop
1201  63.01197845  027.79752022 both 28 J_stop
1201  63.01188708  027.79836506 both 29 J_stop
1201  63.01183386  027.79893754 both 30 J_start
1201  63.01207471  027.79965207 both 31 J_stop
1201  63.01125079  027.79939322 both 32 J_stop
1201  63.01116106  027.79914876 both 33 J_stop
1201  63.01112027  027.79816012 both 34 J_stop
1201  63.01114148  027.79744831 both 35 J_stop
1201  63.01130952  027.79718228 both 36 J_stop
1201  63.01171088  027.79679043 both 37 J_stop
1201  63.01179898  027.79622242 both 38 J_stop
1201  63.01165378  027.79549263 both 39 J_stop
1201  62.99453305  027.80728625 both 40 T_stop
1201  62.99439208  027.80653605 both 41 T_stop
1201  62.99441949  027.80569962 both 42 T_stop
1201  62.99456633  027.80511757 both 43 T_stop
1201  62.99476799  027.80469936 both 44 T_stop
1201  62.99498531  027.80445791 both 45 T_stop
1201  62.99523982  027.80422078 both 46 T_stop
1201  63.01030727  027.79032059 both 47 T_stop
1201  63.00640939  027.79393717 both 48 T_stop
1201  62.99984373  027.79999904 both 49 T_stop
1201  62.99726660  027.80235962 both 50 T_stop
1201  63.01038559  027.79027314 both 51 T_stop
1201  63.01062444  027.79019980 both 52 T_stop
1201  63.01093378  027.79003587 both 53 T_stop
1201  63.01621013  027.78516486 both 54 T_stop
1201  63.01158544  027.78943802 both 55 T_stop
1201  63.01695410  027.78447880 both 56 T_stop
1201  63.01720666  027.78442703 both 57 T_stop
1201  63.01748076  027.78465140 both 58 T_start
1201  63.01808060  027.78764414 both 59 _stop
1201  62.99492867  027.80907279 both 60 _start
1201  62.99543484  027.80861430 both 61 _start
1201  62.99816299  027.80608255 both 62 _start
1201  63.00173882  027.80277801 both 63 _start
1201  63.00714502  027.79776850 both 64 _start
1201  63.01132213  027.79389955 both 65 _start
1201  63.01757885  027.78810854 both 66 _start
1202 6 1 twoway taxiway_B GA Apron
1202 7 66 twoway taxiway_E A
1204 departure 15,33
1204 arrival 15,33
1202 8 7 twoway taxiway_E A
1204 departure 15,33
1204 arrival 15,33
1202 9 8 twoway taxiway_E A
1202 10 9 twoway taxiway_E A
1202 58 10 twoway taxiway_E A
1202 11 65 twoway taxiway_C B
1204 departure 15,33
1204 arrival 15,33
1202 12 11 twoway taxiway_C B
1202 52 12 twoway taxiway_C B
1202 13 64 twoway taxiway_E C
1204 departure 15,33
1204 arrival 15,33
1202 13 48 twoway taxiway_E C
1202 14 63 twoway taxiway_C D
1204 departure 15,33
1204 arrival 15,33
1202 15 14 twoway taxiway_C D
1202 16 15 twoway taxiway_C D
1202 49 16 twoway taxiway_C D
1202 17 62 twoway taxiway_C E
1204 departure 15,33
1204 arrival 15,33
1204 ils 33
1202 18 17 twoway taxiway_C E
1204 departure 15,33
1204 arrival 15,33
1204 ils 33
1202 19 18 twoway taxiway_C E
1204 departure 15,33
1204 arrival 15,33
1204 ils 33
1202 20 19 twoway taxiway_C E
1202 21 20 twoway taxiway_C E
1202 22 21 twoway taxiway_C E
1202 50 22 twoway taxiway_C E
1202 23 61 twoway taxiway_E F
1204 departure 15,33
1204 arrival 15,33
1204 ils 33
1202 24 23 twoway taxiway_E F
1204 departure 15,33
1204 arrival 15,33
1204 ils 33
1202 40 24 twoway taxiway_E F
1202 1 0 twoway taxiway_B GA Apron
1202 2 55 twoway taxiway_B H
1202 3 2 twoway taxiway_B H
1202 4 3 twoway taxiway_B H
1202 5 6 twoway taxiway_B H
1202 6 4 twoway taxiway_B H
1202 27 38 oneway taxiway_B J
1202 28 27 oneway taxiway_B J
1202 29 28 oneway taxiway_B J
1202 30 29 oneway taxiway_B J
1202 32 31 twoway taxiway_B J
1202 33 32 oneway taxiway_B J
1202 34 33 oneway taxiway_B J
1202 35 34 oneway taxiway_B J
1202 36 35 oneway taxiway_B J
1202 37 36 oneway taxiway_B J
1202 38 37 oneway taxiway_B J
1202 39 38 twoway taxiway_B J
1202 65 39 twoway taxiway_B J
1204 departure 15,33
1204 arrival 15,33
1202 30 25 twoway taxiway_B J
1202 30 26 twoway taxiway_B J
1202 41 40 twoway taxiway_E T
1202 42 41 twoway taxiway_E T
1202 43 42 twoway taxiway_E T
1202 44 43 twoway taxiway_E T
1202 45 44 twoway taxiway_E T
1202 46 45 twoway taxiway_E T
1202 47 48 twoway taxiway_E T
1202 48 49 twoway taxiway_E T
1202 49 50 twoway taxiway_E T
1202 50 46 twoway taxiway_E T
1202 51 47 twoway taxiway_E T
1202 52 51 twoway taxiway_E T
1202 53 52 twoway taxiway_E T
1202 54 55 twoway taxiway_E T
1202 55 53 twoway taxiway_E T
1202 56 54 twoway taxiway_E T
1202 57 56 twoway taxiway_E T
1202 58 57 twoway taxiway_E T
1202 60 61 twoway runway 15/33
1204 departure 15,33
1204 arrival 15,33
1204 ils 15,33
1202 61 62 twoway runway 15/33
1204 departure 15,33
1204 arrival 15,33
1204 ils 15,33
1202 62 63 twoway runway 15/33
1204 departure 15,33
1204 arrival 15,33
1204 ils 15,33
1202 63 64 twoway runway 15/33
1204 departure 15,33
1204 arrival 15,33
1204 ils 15,33
1202 64 65 twoway runway 15/33
1204 departure 15,33
1204 arrival 15,33
1204 ils 15,33
1202 65 66 twoway runway 15/33
1204 departure 15,33
1204 arrival 15,33
1204 ils 15,33
1202 66 59 twoway runway 15/33
1204 departure 15,33
1204 arrival 15,33
1204 ils 15,33
99
