I
1130 Generated by WorldEditor 2.1.0r1

1    501 0 0 EFKV Kivijarvi
1302 city Kivijärvi
1302 country Finland
1302 datum_lat 63.125277778
1302 datum_lon 25.124166667
1302 faa_code 
1302 gui_label 3D
1302 iata_code 
1302 icao_code EFKV
1302 region_code EF
1302 state Western Finland
1302 transition_alt 
1302 transition_level 
100 23.00 1 0 0.25 0 0 0 12  63.12777816  025.11927407    0    0 1 0 0 0 30  63.12298363  025.13367101    0    0 1 0 0 0
110 1 0.25 36.4000 apron
111  63.12700855  025.12190045
112  63.12704682  025.12188981  63.12705416  025.12188913
112  63.12707194  025.12189403  63.12707825  025.12189606
112  63.12709459  025.12191067  63.12710172  025.12192171
112  63.12730478  025.12223618  63.12730802  025.12224114
112  63.12731281  025.12225669  63.12731387  025.12226413
112  63.12731469  025.12228214  63.12731440  025.12228912
112  63.12731120  025.12230771  63.12730919  025.12231414
111  63.12721698  025.12259057
111  63.12739141  025.12287487
111  63.12764342  025.12211805
111  63.12746899  025.12183375
112  63.12739560  025.12205422  63.12739325  025.12206085
112  63.12738318  025.12207272  63.12737945  025.12207555
112  63.12737161  025.12207831  63.12736856  025.12207929
112  63.12735758  025.12207400  63.12735341  025.12206759
111  63.12718185  025.12180606
112  63.12713951  025.12173138  63.12713391  025.12172056
112  63.12712541  025.12166991  63.12712348  025.12165842
113  63.12711501  025.12159281
110 5 0.35 126.4000 gravel strip
111  63.12774506  025.11886993
111  63.12279395  025.13373702
111  63.12301131  025.13409126
113  63.12796242  025.11922421
110 5 0.35 36.4000 New Taxiway 11
111  63.12705002  025.12190015
111  63.12707447  025.12193325
111  63.12709198  025.12196151
112  63.12717212  025.12211280  63.12717750  025.12212578
112  63.12719270  025.12217480  63.12719686  025.12219102
112  63.12722029  025.12227943  63.12722506  025.12229998
112  63.12722861  025.12232109  63.12723093  025.12233758
112  63.12723386  025.12236565  63.12723435  025.12238323
112  63.12723255  025.12240925  63.12723035  025.12242493
111  63.12720890  025.12253035
112  63.12720277  025.12255360  63.12720083  025.12256364
112  63.12719798  025.12258667  63.12719728  025.12259931
112  63.12719839  025.12262335  63.12719940  025.12263469
111  63.12720759  025.12266210
112  63.12722554  025.12271732  63.12722834  025.12272286
111  63.12738888  025.12295565
112  63.12739939  025.12296824  63.12740198  025.12297005
112  63.12741297  025.12296533  63.12741573  025.12296247
111  63.12742479  025.12293821
111  63.12752770  025.12264466
111  63.12763630  025.12235693
112  63.12766345  025.12228137  63.12766590  025.12227354
112  63.12767615  025.12220580  63.12767713  025.12219602
111  63.12767965  025.12215446
112  63.12767909  025.12207008  63.12767683  025.12205976
111  63.12748939  025.12173613
112  63.12747488  025.12172120  63.12747057  025.12172026
112  63.12746487  025.12173129  63.12746268  025.12173974
111  63.12743115  025.12187943
112  63.12742172  025.12191778  63.12741960  025.12192560
112  63.12741290  025.12193729  63.12740943  025.12193990
112  63.12739481  025.12193862  63.12739062  025.12193171
111  63.12734502  025.12183680
111  63.12732094  025.12189567
112  63.12731283  025.12191641  63.12731091  025.12192021
112  63.12730244  025.12192650  63.12729946  025.12192669
112  63.12728919  025.12192123  63.12728673  025.12191743
111  63.12717098  025.12172898
113  63.12713906  025.12165430
130 Airport Boundary 5
111  63.12865494  025.11785935
111  63.12794022  025.11665414
111  63.12606317  025.12254591
111  63.12555937  025.12257244
111  63.12434785  025.12612801
111  63.12446780  025.12684441
111  63.12433586  025.12760060
111  63.12379607  025.12913950
111  63.12347220  025.13026713
111  63.12252457  025.13297338
111  63.12205076  025.13471118
111  63.12219470  025.13533467
111  63.12280046  025.13614389
111  63.12325029  025.13414075
111  63.12702563  025.12284329
111  63.12745462  025.12341455
111  63.12776006  025.12225366
111  63.12802278  025.12125117
113  63.12778850  025.12070728
120 Linear Feature 12
111  63.12763176  025.12157300 24
111  63.12758502  025.12171109 24
111  63.12752261  025.12160769 24
113  63.12756934  025.12146961 24
120 Linear Feature 10
111  63.12727165  025.12218490 4
115  63.12732282  025.12202100
120 Linear Feature 9
111  63.12668754  025.12258591 1
112  63.12692560  025.12187101  63.12692840  025.12186297 1
112  63.12694593  025.12181866  63.12694888  025.12181127 1
112  63.12696080  025.12178698  63.12696458  025.12178046 1
112  63.12697825  025.12176297  63.12698340  025.12175764 1
112  63.12699966  025.12174415  63.12700481  025.12174111 1
112  63.12702004  025.12173896  63.12702515  025.12173831 1
112  63.12703999  025.12173799  63.12704426  025.12173809 1
112  63.12705568  025.12174091  63.12705848  025.12174178 1
112  63.12706223  025.12174392  63.12706454  025.12174565 1
115  63.12706955  025.12175006
120 Linear Feature 8
111  63.12730247  025.12211508 1
115  63.12735822  025.12220245
120 Linear Feature 7
111  63.12731236  025.12070966 1
112  63.12705462  025.12148364  63.12705269  025.12148930 1
112  63.12704644  025.12152556  63.12704550  025.12153373 1
112  63.12704215  025.12157123  63.12704189  025.12157940 1
112  63.12704188  025.12161862  63.12704249  025.12163049 1
112  63.12704696  025.12166234  63.12704856  025.12167238 1
112  63.12705307  025.12169573  63.12705502  025.12170551 1
112  63.12706058  025.12172642  63.12706318  025.12173437 1
111  63.12706955  025.12175006 1
111  63.12707947  025.12176641 1
115  63.12728911  025.12209465
14  63.12757902  025.12158858  16.40 0 New Tower Viewpoint 11
1300  63.12753574  025.12224010 216.38 misc props 1
1301 A none 
1300  63.12744937  025.12250290 216.38 misc props 2
1301 A none 
1300  63.12731524  025.12260397 306.38 misc props 3
1301 A none 
19  63.12685685  025.12314073 0 WDI
1051 123500 Kivijarvi Radio
99
