I
1130 Generated by WorldEditor 2.1.0r1

1    501 0 0 EFLA Lahti-Vesivehmaa
1302 city 
1302 country Finland
1302 datum_lat 61.144166667
1302 datum_lon 25.693055556
1302 faa_code 
1302 gui_label 3D
1302 iata_code QLF
1302 icao_code EFLA
1302 region_code EF
1302 state Southern Finland
1302 transition_alt 5000
1302 transition_level 
100 10.00 1 0 0.18 0 0 0 18  61.14880306  025.69089722    0    0 1 0 0 0 36  61.14433095  025.68997456    0    0 1 0 0 0
100 30.00 1 0 0.25 0 2 0 07  61.14232846  025.68342528  260    0 2 0 0 0 25  61.14639675  025.70406867    0    0 2 0 0 0
110 1 0.18 5.0000 New Taxiway 3
111  61.14876917  025.69080215
111  61.14876510  025.69097512
111  61.15005130  025.69122066
113  61.15006229  025.69105444
110 5 0.30 110.0000 GA hangars
111  61.14883664  025.68910779
112  61.14883089  025.68897798  61.14883226  025.68893547
112  61.14886836  025.68890675  61.14889776  025.68890250
111  61.14891652  025.68890062
111  61.14892126  025.68857479
111  61.14884278  025.68857536
112  61.14884155  025.68799286  61.14884056  025.68762558
112  61.14871218  025.68715291  61.14865252  025.68695127
112  61.14850615  025.68697103  61.14842970  025.68699118
112  61.14810563  025.68710379  61.14807623  025.68710379
111  61.14807010  025.68760687
111  61.14804153  025.68905588
111  61.14824672  025.68906578
112  61.14825095  025.68885584  61.14825194  025.68882319
112  61.14827362  025.68882154  61.14829528  025.68882358
111  61.14839222  025.68883209
111  61.14839695  025.68848080
111  61.14828354  025.68847429
111  61.14828019  025.68843882
111  61.14830176  025.68765299
112  61.14840310  025.68743463  61.14844051  025.68738158
112  61.14855598  025.68733106  61.14858733  025.68731403
112  61.14863523  025.68733971  61.14866518  025.68738726
112  61.14874759  025.68775031  61.14877067  025.68794797
111  61.14876767  025.68828151
112  61.14876775  025.68894808  61.14876118  025.68900930
113  61.14871983  025.68909869
110 1 0.25 185.0000 Main taxiway
111  61.14414033  025.68855087
112  61.14414033  025.68855087  61.14416006  025.68865984
112  61.14403580  025.68869254  61.14397993  025.68869254
111  61.14347783  025.68861247
112  61.14349433  025.68877206  61.14351259  025.68886192
111  61.14352631  025.68881439
112  61.14412918  025.68890939  61.14417191  025.68892301
112  61.14425391  025.68907313  61.14427363  025.68918891
111  61.14425391  025.68907313
112  61.14420539  025.68877224  61.14418503  025.68873169
113  61.14420539  025.68877224
110 1 0.25 250.0000 Main taxiway
111  61.14272860  025.68469548
111  61.14271266  025.68444073
111  61.14262553  025.68402178
111  61.14258216  025.68371709
111  61.14250015  025.68328011
111  61.14241383  025.68335362
113  61.14269451  025.68472505
110 1 0.25 160.0000 Main taxiway
111  61.14262553  025.68402178
111  61.14265999  025.68387174
112  61.14299394  025.68358850  61.14308429  025.68350967
111  61.14299394  025.68358850
111  61.14293851  025.68342827
112  61.14293851  025.68342827  61.14271406  025.68360562
113  61.14258216  025.68371709
110 1 0.25 250.0000 Main taxiway
111  61.14321921  025.68384711
112  61.14321921  025.68384711  61.14325550  025.68401135
111  61.14367123  025.68615082
111  61.14369377  025.68625106
112  61.14414033  025.68855087  61.14416006  025.68865984
111  61.14414033  025.68855087
111  61.14425391  025.68907313
112  61.14425391  025.68907313  61.14427363  025.68918891
112  61.14437762  025.68971858  61.14441378  025.68992290
111  61.14437762  025.68971858
111  61.14448450  025.69026320
112  61.14448450  025.69026320  61.14450068  025.69034453
112  61.14640736  025.70005762  61.14643441  025.70019645
111  61.14640736  025.70005762
111  61.14645298  025.70027885
112  61.14645298  025.70027885  61.14646193  025.70025746
112  61.14648735  025.70038282  61.14649319  025.70041032
112  61.14687577  025.70237626  61.14690240  025.70251421
111  61.14687577  025.70237626
111  61.14691645  025.70216542
112  61.14691645  025.70216542  61.14689223  025.70203084
111  61.14651123  025.70009977
111  61.14648453  025.69996304
112  61.14437257  025.68918648  61.14434244  025.68903892
112  61.14441517  025.68894789  61.14445221  025.68895313
111  61.14441517  025.68894789
111  61.14433707  025.68867809
112  61.14433707  025.68867809  61.14429765  025.68870872
112  61.14423871  025.68853875  61.14421244  025.68840264
111  61.14382438  025.68633992
111  61.14377965  025.68608996
112  61.14362234  025.68527952  61.14361331  025.68523359
111  61.14362234  025.68527952
111  61.14355074  025.68500088
113  61.14328321  025.68370842
110 1 0.25 115.0000 Main taxiway
111  61.14687577  025.70237626
112  61.14687577  025.70237626  61.14690240  025.70251421
112  61.14672811  025.70309870  61.14661398  025.70319329
111  61.14672811  025.70309870
111  61.14675924  025.70329198
112  61.14675924  025.70329198  61.14689325  025.70318567
112  61.14695316  025.70272783  61.14695898  025.70268201
111  61.14695316  025.70272783
113  61.14691645  025.70216542
110 1 0.25 0.0000 Main taxiway
111  61.14695316  025.70272783
112  61.14695316  025.70272783  61.14696416  025.70264115
112  61.14703619  025.70252121  61.14708682  025.70251208
111  61.14748633  025.70242276
111  61.14734749  025.70222410
112  61.14734749  025.70222410  61.14729819  025.70233194
112  61.14723408  025.70233558  61.14718478  025.70233558
112  61.14707028  025.70234230  61.14702074  025.70234230
112  61.14691645  025.70216542  61.14689223  025.70203084
113  61.14691645  025.70216542
110 1 0.25 25.0000 Main taxiway
111  61.14299394  025.68358850
112  61.14299394  025.68358850  61.14307954  025.68352609
112  61.14321921  025.68384711  61.14325550  025.68401135
111  61.14321921  025.68384711
111  61.14328321  025.68370842
112  61.14293851  025.68342827  61.14271406  025.68360562
113  61.14293851  025.68342827
110 1 0.25 155.0000 Main taxiway
111  61.14672811  025.70309870
112  61.14672811  025.70309870  61.14661398  025.70319329
111  61.14643666  025.70331919
111  61.14637320  025.70337017
112  61.14641393  025.70369802  61.14643155  025.70379610
111  61.14641393  025.70369802
111  61.14649313  025.70351961
112  61.14675924  025.70329198  61.14689325  025.70318567
113  61.14675924  025.70329198
110 1 0.25 250.0000 Main taxiway
111  61.14641393  025.70369802
112  61.14641393  025.70369802  61.14643155  025.70379610
111  61.14648937  025.70398922
111  61.14655910  025.70393488
113  61.14649313  025.70351961
110 1 0.25 130.0000 Main taxiway
111  61.14748633  025.70242276
111  61.14758059  025.70218666
111  61.14744844  025.70198309
112  61.14734749  025.70222410  61.14729819  025.70233194
113  61.14734749  025.70222410
110 1 0.25 130.0000 Main taxiway
111  61.14651123  025.70009977
111  61.14670034  025.69962811
111  61.14665202  025.69953488
113  61.14648453  025.69996304
110 1 0.25 130.0000 Main taxiway
111  61.14640736  025.70005762
112  61.14640736  025.70005762  61.14643441  025.70019645
111  61.14636104  025.70031344
111  61.14597268  025.70123866
112  61.14596947  025.70133205  61.14598317  025.70138881
112  61.14602423  025.70149576  61.14601892  025.70142243
112  61.14603590  025.70127137  61.14605227  025.70124845
111  61.14603590  025.70127137
112  61.14603590  025.70127137  61.14605040  025.70125106
112  61.14645298  025.70027885  61.14652253  025.70011264
113  61.14645298  025.70027885
110 1 0.25 160.0000 Main taxiway
111  61.14362234  025.68527952
112  61.14362234  025.68527952  61.14361331  025.68523359
112  61.14367098  025.68501279  61.14375484  025.68492738
112  61.14378110  025.68497643  61.14378603  025.68500365
111  61.14382861  025.68522677
111  61.14397368  025.68512364
111  61.14385398  025.68454532
111  61.14372391  025.68466131
111  61.14374995  025.68481582
113  61.14355074  025.68500088
110 1 0.25 160.0000 Main taxiway
111  61.14382438  025.68633992
112  61.14384628  025.68613590  61.14391308  025.68608810
111  61.14418193  025.68588661
111  61.14424208  025.68619015
111  61.14433027  025.68610980
111  61.14422687  025.68559935
111  61.14414380  025.68567561
111  61.14416498  025.68579377
111  61.14377965  025.68608996
111  61.14376016  025.68618843
113  61.14378069  025.68631991
110 1 0.25 160.0000 Main taxiway
111  61.14367123  025.68615082
111  61.14309035  025.68655626
112  61.14308374  025.68662493  61.14309299  025.68666873
111  61.14311338  025.68666283
113  61.14369377  025.68625106
110 1 0.25 185.0000 Main taxiway
111  61.14441517  025.68894789
112  61.14441517  025.68894789  61.14445221  025.68895313
112  61.14874264  025.68957949  61.14878890  025.68958887
112  61.14881682  025.68935812  61.14881940  025.68925116
111  61.14881682  025.68935812
111  61.14875650  025.68938849
112  61.14875650  025.68938849  61.14875560  025.68939921
112  61.14870108  025.68946045  61.14864763  025.68945281
112  61.14647314  025.68911430  61.14643109  025.68910479
111  61.14643396  025.68900910
111  61.14639507  025.68840231
111  61.14616135  025.68837485
111  61.14616476  025.68826325
111  61.14573111  025.68822087
111  61.14484743  025.68783492
111  61.14468323  025.68803214
111  61.14469136  025.68817577
111  61.14441524  025.68840550
111  61.14444511  025.68859234
112  61.14433707  025.68867809  61.14429765  025.68870872
113  61.14433707  025.68867809
110 5 0.40 110.0000 New Taxiway 3
111  61.14883664  025.68910779
111  61.14872404  025.68909062
111  61.14853936  025.68906867
112  61.14829408  025.68901544  61.14828605  025.68901178
112  61.14826922  025.68899140  61.14826488  025.68898640
112  61.14825347  025.68896564  61.14824865  025.68895732
111  61.14823524  025.68892786
111  61.14804434  025.68894841
112  61.14802112  025.68897730  61.14801590  025.68898341
112  61.14799990  025.68899483  61.14799468  025.68899788
112  61.14797255  025.68899826  61.14796330  025.68899874
112  61.14715853  025.68896941  61.14715210  025.68896802
112  61.14711875  025.68895052  61.14711313  025.68894691
111  61.14707815  025.68891274
112  61.14704168  025.68887153  61.14703510  025.68886454
112  61.14700937  025.68885951  61.14700198  025.68885884
112  61.14698202  025.68885951  61.14697543  025.68885951
112  61.14696296  025.68886809  61.14695814  025.68887275
112  61.14695136  025.68889385  61.14694815  025.68890550
112  61.14694451  025.68892348  61.14694098  025.68893213
112  61.14693230  025.68894537  61.14692732  025.68894969
112  61.14690910  025.68895052  61.14690010  025.68895052
112  61.14679146  025.68891491  61.14677648  025.68890870
112  61.14660288  025.68880159  61.14658956  025.68879261
112  61.14646117  025.68868825  61.14644924  025.68867790
111  61.14638991  025.68861613
111  61.14640565  025.68889946
111  61.14649101  025.68894411
111  61.14665177  025.68899048
111  61.14680010  025.68903512
111  61.14695589  025.68906088
111  61.14715146  025.68906260
111  61.14740338  025.68906260
111  61.14771330  025.68906775
112  61.14800417  025.68909523  61.14801113  025.68909606
112  61.14803648  025.68912099  61.14804117  025.68913014
112  61.14804339  025.68915247  61.14804460  025.68916356
112  61.14804270  025.68918968  61.14804150  025.68919994
112  61.14803510  025.68921973  61.14803136  025.68922777
111  61.14801508  025.68924549
112  61.14797226  025.68928985  61.14796731  025.68929429
111  61.14787835  025.68935139
111  61.14812488  025.68939146
112  61.14811866  025.68930416  61.14811838  025.68929357
112  61.14812350  025.68923833  61.14812497  025.68922724
112  61.14813316  025.68919969  61.14813624  025.68918999
112  61.14814836  025.68917250  61.14815371  025.68916557
112  61.14817943  025.68914818  61.14818683  025.68914722
113  61.14883445  025.68922302
110 1 0.25 90.0000 Main taxiway
111  61.14881682  025.68935812
112  61.14881682  025.68935812  61.14881940  025.68925116
111  61.14882146  025.68920149
111  61.14875854  025.68919481
112  61.14875650  025.68938849  61.14875560  025.68939921
113  61.14875650  025.68938849
110 1 0.25 185.0000 Main taxiway
111  61.14437762  025.68971858
112  61.14437762  025.68971858  61.14441378  025.68992290
111  61.14425195  025.68991888
111  61.14272707  025.68959551
111  61.14272595  025.68971165
112  61.14430932  025.69005905  61.14436520  025.69007948
112  61.14448450  025.69026320  61.14450068  025.69034453
113  61.14448450  025.69026320
110 5 0.60 260.0000 New Taxiway 41
111  61.14882146  025.68920149
112  61.14883445  025.68922302  61.14884669  025.68922378
111  61.14883445  025.68922302
112  61.14883445  025.68922302  61.14897753  025.68923189
112  61.14993760  025.68926376  61.14998264  025.68925987
111  61.14993760  025.68926376
112  61.14993760  025.68926376  61.14998649  025.68925954
112  61.15009853  025.68934819  61.15012704  025.68938196
112  61.15020649  025.68959726  61.15024112  025.68976190
111  61.15029001  025.69056821
112  61.15035519  025.69140406  61.15037149  025.69180087
111  61.15030223  025.69197817
111  61.14994779  025.69305886
111  61.14954853  025.69418598
111  61.14941001  025.69451525
111  61.14869502  025.69617845
111  61.14762966  025.69862676
112  61.14689429  025.70036586  61.14682299  025.70055158
112  61.14675781  025.70078796  61.14673744  025.70091460
112  61.14674763  025.70108344  61.14674763  025.70128605
112  61.14676596  025.70131560  61.14677818  025.70138736
112  61.14688818  025.70194876  61.14690040  025.70202474
111  61.14687188  025.70220624
111  61.14690651  025.70234554
111  61.14699003  025.70234976
111  61.14699614  025.70227378
111  61.14695744  025.70198675
111  61.14691262  025.70175037
112  61.14683114  025.70130293  61.14679448  025.70111299
112  61.14680262  025.70098213  61.14680059  025.70078374
111  61.14687188  025.70060646
111  61.14758688  025.69885892
111  61.14776614  025.69848323
111  61.14812465  025.69764742
111  61.14907187  025.69551145
112  61.14946909  025.69462920  61.14950575  025.69454477
112  61.14956279  025.69458276  61.14958723  025.69459543
112  61.14969112  025.69470941  61.14971557  025.69473474
112  61.14982149  025.69468408  61.14985612  025.69466297
112  61.14989686  025.69454055  61.14992538  025.69446879
111  61.15001501  025.69446457
111  61.14985612  025.69419017
112  61.14985816  025.69428304  61.14986020  025.69432526
112  61.14980927  025.69447301  61.14975834  025.69456166
112  61.14968094  025.69450678  61.14956687  025.69446034
111  61.14960760  025.69428726
111  61.14973390  025.69393266
111  61.14991519  025.69345986
112  61.15006594  025.69311370  61.15008019  025.69307571
112  61.15016167  025.69318125  61.15023704  025.69333322
112  61.15014538  025.69349363  61.15013723  025.69354851
111  61.15009242  025.69362028
111  61.15024519  025.69390311
112  61.15025945  025.69380602  61.15025741  025.69378491
112  61.15025741  025.69362028  61.15027167  025.69358228
112  61.15029816  025.69350208  61.15031445  025.69347253
112  61.15033279  025.69349786  61.15033686  025.69348941
112  61.15036334  025.69339654  61.15035927  025.69336699
112  61.15032260  025.69330789  61.15031649  025.69328256
111  61.15023704  025.69303772
112  61.15021803  025.69265286  61.15022211  025.69253958
112  61.15030427  025.69226097  61.15033482  025.69216810
112  61.15040408  025.69176285  61.15043260  025.69154755
111  61.15041019  025.69126472
112  61.15029001  025.68979989  61.15028797  025.68973234
112  61.15025334  025.68957615  61.15024112  025.68950439
112  61.15017186  025.68934398  61.15010668  025.68919623
111  61.15002112  025.68917934
113  61.14883664  025.68910779
110 3 0.50 5.0000 New Taxiway 2
111  61.14448592  025.69024476
111  61.14878815  025.69113926
111  61.14880926  025.69060569
113  61.14447799  025.68972637
130 Airport Boundary 17
111  61.14360389  025.68219318
111  61.14229151  025.68226071
111  61.14111823  025.68206679
111  61.14159492  025.68378300
111  61.14246009  025.68813626
111  61.14318611  025.69366471
111  61.14365659  025.69751305
111  61.14420979  025.70037299
111  61.14461858  025.70384976
111  61.14616160  025.70737894
111  61.14782302  025.70525059
111  61.14891606  025.70316753
111  61.15075236  025.69945425
111  61.15136446  025.69048802
111  61.14965932  025.68650304
111  61.14808535  025.68564264
111  61.14713607  025.68587972
111  61.14572944  025.68674587
111  61.14497388  025.68622647
113  61.14465259  025.68565586
120 Linear Feature 6
111  61.14532117  025.68806601 24
115  61.14531050  025.68815592
120 Linear Feature 5
111  61.14521019  025.68801254 24
111  61.14520058  025.68810500 24
111  61.14541686  025.68820536 24
115  61.14542645  025.68810897
120 Linear Feature 39
111  61.14486463  025.68802137 24
115  61.14485048  025.68787237
120 Linear Feature 38
111  61.14475028  025.68795542 24
111  61.14477622  025.68809953 24
111  61.14486463  025.68802137 24
111  61.14493654  025.68806290 24
115  61.14495304  025.68790901
120 Linear Feature 37
111  61.14582553  025.68853308 24
115  61.14582032  025.68872353
120 Linear Feature 36
111  61.14571799  025.68851541 24
115  61.14571278  025.68870782
120 Linear Feature 35
111  61.14561235  025.68850069 24
115  61.14560572  025.68869211
120 Linear Feature 34
111  61.14550405  025.68848391 24
115  61.14549818  025.68867640
120 Linear Feature 33
111  61.14539869  025.68846731 24
115  61.14539300  025.68866070
120 Linear Feature 32
111  61.14529067  025.68845160 24
115  61.14528783  025.68864401
120 Linear Feature 31
111  61.14518692  025.68843786 24
115  61.14518219  025.68862830
120 Linear Feature 30
111  61.14508128  025.68841920 24
115  61.14507654  025.68861161
120 Linear Feature 29
111  61.14497611  025.68840350 24
115  61.14497042  025.68859590
120 Linear Feature 28
111  61.14486904  025.68838779 24
115  61.14486335  025.68858118
120 Linear Feature 27
111  61.14595742  025.68855205 24
111  61.14476491  025.68837325 24
111  61.14475822  025.68856508 24
113  61.14595072  025.68874389 24
120 Linear Feature 15
111  61.14665955  025.70337364 4
115  61.14662494  025.70318047
120 Linear Feature 14
111  61.14435600  025.68885034 10
115  61.14805896  025.68942205
120 Linear Feature 12
111  61.14279212  025.68376040 4
115  61.14275669  025.68357364
120 Linear Feature 11
111  61.14463446  025.69102638 4
115  61.14471938  025.69095412
120 Linear Feature 10
111  61.14359445  025.68873306 10
111  61.14385632  025.68877339 10
111  61.14387522  025.68877630 10
115  61.14435600  025.68885034
120 Linear Feature 9
111  61.14386246  025.68886446 4
115  61.14386853  025.68867215
120 Linear Feature 8
111  61.14440621  025.68935711 4
115  61.14432262  025.68942852
120 Linear Feature 7
111  61.14650679  025.70339181 10
111  61.14663353  025.70328994 10
111  61.14664892  025.70327757 10
111  61.14674951  025.70319672 10
112  61.14689774  025.70284739  61.14693038  025.70263276 10
112  61.14689376  025.70224758  61.14685403  025.70205647
111  61.14689376  025.70224758
112  61.14689376  025.70224758  61.14686357  025.70210238 10
112  61.14468039  025.69100956  61.14397142  025.68740768
111  61.14468039  025.69100956
112  61.14468039  025.69100956  61.14467818  025.69099835 10
112  61.14467379  025.69097604  61.14467160  025.69096491
111  61.14467379  025.69097604
112  61.14467379  025.69097604  61.14462274  025.69071671 10
112  61.14453367  025.69026418  61.14449158  025.69005037
111  61.14453367  025.69026418
112  61.14453367  025.69026418  61.14449483  025.69006687 10
112  61.14442846  025.68974366  61.14439870  025.68959236
111  61.14442846  025.68974366
112  61.14442846  025.68974366  61.14440091  025.68960360 10
112  61.14436408  025.68941588  61.14434847  025.68933651
111  61.14436408  025.68941588
112  61.14436408  025.68941588  61.14436119  025.68940119 10
112  61.14435657  025.68937839  61.14435400  025.68936533
111  61.14435657  025.68937839
112  61.14435657  025.68937839  61.14433414  025.68926416 10
112  61.14431671  025.68916969  61.14430969  025.68912938
111  61.14431671  025.68916969
112  61.14431671  025.68916969  61.14430455  025.68909989 10
116  61.14435600  025.68885034  61.14444213  025.68886184
120 Linear Feature 6
111  61.14259715  025.68382079 10
112  61.14276418  025.68368077  61.14285081  025.68360823
111  61.14276418  025.68368077
112  61.14276418  025.68368077  61.14277256  025.68367375 10
112  61.14278550  025.68366371  61.14279393  025.68365665
111  61.14278550  025.68366371
112  61.14278550  025.68366371  61.14286233  025.68359941 10
112  61.14296697  025.68351176  61.14299156  025.68349175
111  61.14296697  025.68351176
112  61.14296697  025.68351176  61.14302215  025.68346685 10
112  61.14314400  025.68356241  61.14322651  025.68366404 10
112  61.14330687  025.68403220  61.14332310  025.68411435 10
112  61.14419911  025.68857546  61.14420951  025.68863067 10
116  61.14435600  025.68885034  61.14446158  025.68886641
21  61.14536848  025.70127619 2 247.7900 3.00 25  PAPI-4L
14  61.14441010  025.68818243  32.81 0 New Tower Viewpoint 4
1300  61.14481026  025.68850107  93.75 misc props|helos 1
1301 A none 
1300  61.14502379  025.68852955  95.07 misc props|helos 2
1301 A none 
1300  61.14523960  025.68856240  94.30 misc helos 3
1301 A none 
1300  61.14545313  025.68859069  94.63 misc props|helos 4
1301 A none 
1300  61.14566894  025.68862354  94.57 misc helos 5
1301 A none 
1300  61.14588699  025.68865629  94.02 misc helos 6
1301 A none 
19  61.14549253  025.69195514 0 WS
1051 123400 Lahti Radio
1050 122425 Lahti ATIS
1050 135250 Lahti ATIS
99
