I
1130 Generated by WorldEditor 2.0.0r4

1    328 0 0 EFLL Lapinlahti
1302 city Lammake
1302 country Finland
1302 datum_lat 63.399444444
1302 datum_lon 27.478888889
1302 faa_code 
1302 iata_code 
1302 icao_code EFLL
1302 region_code EF
1302 state Eastern Finland
1302 transition_alt 
1302 transition_level 
100 14.94 3 0 0.35 0 0 0 04  63.39868769  027.47746780    0    0 0 0 0 0 22  63.40073204  027.48136776    0    0 0 0 0 0
110 3 0.35 40.5000 Apron
111  63.40068496  027.48144976
112  63.40109573  027.48223254  63.40110655  027.48225347
112  63.40114460  027.48225544  63.40115752  027.48225611
111  63.40119565  027.48225088
111  63.40127773  027.48222684
112  63.40140830  027.48217037  63.40141706  027.48215779
111  63.40165272  027.48181732
111  63.40160436  027.48165066
111  63.40177599  027.48140803
111  63.40151135  027.48060008
111  63.40111080  027.48191616
113  63.40076218  027.48125346
110 3 0.40 40.5000 Runway extension
111  63.39874069  027.47739714
112  63.39732991  027.47470597  63.39732521  027.47469699
112  63.39729302  027.47466376  63.39728572  027.47466190
112  63.39726391  027.47466077  63.39725735  027.47466212
112  63.39723583  027.47468220  63.39723051  027.47469257
112  63.39722194  027.47473138  63.39722005  027.47474289
112  63.39721803  027.47477967  63.39721818  027.47479429
112  63.39722127  027.47482760  63.39722404  027.47483949
112  63.39723537  027.47486904  63.39723951  027.47487710
111  63.39726164  027.47491932
113  63.39866552  027.47759733
130 Airport Boundary 14
111  63.40112584  027.48176043
111  63.39724429  027.47426700
111  63.39705144  027.47474551
111  63.40106178  027.48236101
111  63.40138589  027.48227727
111  63.40176357  027.48214566
111  63.40197250  027.48193628
113  63.40151585  027.48050146
14  63.40154803  027.48186356  32.81 0 New Tower Viewpoint 61
1300  63.40161171  027.48137848  57.50 misc props Grass apron 1
1301 A none 
1300  63.40147569  027.48162707  57.50 misc props Grass apron 2
1301 A none 
1051 123500 Lapinlahti Radio
99
