I
1100 Generated by WorldEditor 1.7.21r1

1    349 1 0 EFLP Lappeenranta
1302 city Lappeenranta
1302 country Finland
1302 datum_lat 61.045833333
1302 datum_lon 28.148611111
1302 faa_code 
1302 iata_code LPP
1302 icao_code EFLP
1302 region_code EF
1302 state Southern Finland
1302 transition_alt 5000
1302 transition_level 
100 60.00 1 0 0.25 0 3 1 06  61.04014634  028.12307043    0   64 3 1 0 0 24  61.04901966  028.16577487    0   61 3 10 0 0
110 1 0.00 156.7000 New Taxiway 17
111  61.04113257  028.14314839
111  61.04143738  028.14464663
111  61.04150688  028.14498826
111  61.04176047  028.14475245
113  61.04139146  028.14292258
110 4 0.00 0.0000 New Taxiway 5
111  61.04065186  028.14067258
112  61.04074759  028.14111843  61.04075874  028.14116191
112  61.04080573  028.14131329  61.04081812  028.14135166
112  61.04081210  028.14137716  61.04080413  028.14138436
112  61.04079301  028.14141759  61.04079425  028.14143038
111  61.04102513  028.14255956
111  61.04105521  028.14254176
112  61.04091278  028.14187669  61.04090906  028.14185111
112  61.04091095  028.14183265  61.04091822  028.14182610
111  61.04096970  028.14177477
111  61.04092094  028.14150272
112  61.04085952  028.14154415  61.04084837  028.14155438
112  61.04083427  028.14147470  61.04082808  028.14143889
112  61.04084386  028.14139993  61.04086471  028.14138147
112  61.04080255  028.14119883  61.04078645  028.14115534
113  61.04068226  028.14064205
110 4 0.00 0.0000 New Taxiway 3
111  61.04177811  028.14299761
111  61.04156807  028.14211973
111  61.04130054  028.14099996
112  61.04095097  028.13915824  61.04093492  028.13907721
112  61.04081899  028.13908089  61.04077084  028.13908826
112  61.04051401  028.13932768  61.04048369  028.13934978
112  61.04041592  028.13958552  61.04042662  028.13965551
111  61.04061181  028.14060610
111  61.04071875  028.14050408
111  61.04065043  028.14015936
111  61.04097146  028.13989232
112  61.04101518  028.13982863  61.04104371  028.13980285
111  61.04112751  028.14038748
111  61.04125310  028.14103775
111  61.04089046  028.14135699
111  61.04096970  028.14177477
112  61.04129918  028.14150740  61.04135417  028.14145521
112  61.04138241  028.14154116  61.04139727  028.14160255
112  61.04148975  028.14200092  61.04150833  028.14208534
112  61.04139934  028.14234113  61.04130521  028.14243066
111  61.04119753  028.14252019
111  61.04114148  028.14245831
111  61.04102513  028.14255956
111  61.04114613  028.14314291
111  61.04119072  028.14310914
112  61.04112830  028.14270703  61.04114167  028.14266405
112  61.04145409  028.14242880  61.04154624  028.14236127
112  61.04163269  028.14258134  61.04167707  028.14274386
113  61.04173161  028.14303680
110 1 0.00 158.0000 New Taxiway 2
111  61.04097146  028.13989232
111  61.04065043  028.14015936
111  61.04079014  028.14086229
111  61.04103240  028.14067198
111  61.04105915  028.14081624
111  61.04094694  028.14091315
111  61.04100626  028.14120023
111  61.04124789  028.14100427
111  61.04112751  028.14038748
113  61.04107550  028.14042641
110 1 0.00 65.0000 New Taxiway 8
111  61.04158398  028.12879358
111  61.04169260  028.12930672
111  61.04211210  028.12894314
112  61.04212583  028.12852283  61.04222816  028.12839073
111  61.04223071  028.12839132
111  61.04221198  028.12832170
112  61.04210960  028.12846352  61.04203627  028.12857272
113  61.04192061  028.12849054
110 4 0.00 65.0000 Private Hangars Dirt Road West
111  61.04039955  028.13199750
112  61.04002109  028.13247349  61.03995160  028.13255460
112  61.03972552  028.13263959  61.03968322  028.13273007
112  61.03964710  028.13317943  61.03968486  028.13330422
112  61.03986425  028.13326663  61.03992317  028.13318863
112  61.04000098  028.13290536  61.04001760  028.13277744
112  61.04008141  028.13256484  61.04014335  028.13244005
113  61.04041987  028.13209627
110 1 0.00 18.0000 Private Hangars Asphalt Road
111  61.04175431  028.13875630
112  61.04134312  028.13841283  61.04118761  028.13827436
112  61.04109486  028.13808322  61.04103049  028.13794696
112  61.04096568  028.13765551  61.04093993  028.13753753
112  61.04090511  028.13752256  61.04088195  028.13754038
111  61.04072816  028.13767032
112  61.04081417  028.13809694  61.04082348  028.13813402
112  61.04088686  028.13821469  61.04091612  028.13823255
112  61.04095243  028.13822353  61.04097437  028.13824687
112  61.04103937  028.13831773  61.04105001  028.13834245
112  61.04106646  028.13836483  61.04107554  028.13837494
112  61.04120899  028.13847375  61.04124703  028.13849792
112  61.04132587  028.13852085  61.04135774  028.13854695
113  61.04174724  028.13887314
110 4 0.00 0.0000 Private Hangars Dirt Road North
112  61.04111582  028.13808890  61.04111019  028.13793436
112  61.04099509  028.13749308  61.04095567  028.13740501
112  61.04088063  028.13735708  61.04083397  028.13736538
112  61.04069405  028.13756432  61.04065543  028.13765239
112  61.04065516  028.13770505  61.04066079  028.13780974
112  61.04074577  028.13822560  61.04076330  028.13830602
112  61.04083360  028.13833500  61.04087463  028.13829346
112  61.04091670  028.13822814  61.04094727  028.13824974
112  61.04102174  028.13833176  61.04104669  028.13835502
114  61.04110484  028.13841595  61.04115795  028.13843922
110 1 0.00 0.0000 RC Runway
111  61.04767469  028.15257678
111  61.04749503  028.15171749
111  61.04742688  028.15177783
113  61.04760801  028.15264171
110 4 0.00 30.0000 Dirt Shoulder
111  61.04698518  028.15193394
111  61.04700895  028.15199333
112  61.04727405  028.15153418  61.04735062  028.15140522
112  61.04741339  028.15134879  61.04745515  028.15132666
112  61.04746168  028.15150452  61.04744241  028.15154213
112  61.04736206  028.15173928  61.04735058  028.15182294
112  61.04758146  028.15273229  61.04762223  028.15277439
112  61.04772383  028.15259837  61.04772853  028.15246558
112  61.04748134  028.15128754  61.04745564  028.15123223
114  61.04737055  028.15126881  61.04733199  028.15132854
110 1 0.35 156.7000 TWY D
111  61.04605480  028.15284255 102
112  61.04604312  028.15340483  61.04601591  028.15364572 102
111  61.04592833  028.15373907 102
111  61.04514672  028.15447165 102
112  61.04499199  028.15446790  61.04492601  028.15444016 102
111  61.04484831  028.15428130
112  61.04490210  028.15502122  61.04498114  028.15542002
111  61.04509846  028.15555050 102
112  61.04510474  028.15515149  61.04513117  028.15501414 102
111  61.04522643  028.15489628 102
111  61.04599216  028.15422991 102
112  61.04623228  028.15430573  61.04634371  028.15444759 102
113  61.04642573  028.15465954
110 1 0.35 156.7000 xxx
111  61.04432256  028.14454807 102
112  61.04422216  028.14560047  61.04400512  028.14580306 102
111  61.04312385  028.14657324 102
112  61.04280620  028.14653944  61.04266581  028.14640622 102
111  61.04254311  028.14604632
111  61.04298722  028.14819095 102
112  61.04301583  028.14759426  61.04306059  028.14720254 102
111  61.04319149  028.14706208 102
112  61.04433474  028.14604510  61.04455386  028.14587268 102
113  61.04473456  028.14653771
110 1 0.35 156.7000 xxx
111  61.04372985  028.14171341
111  61.04282353  028.14252988
111  61.04210831  028.14321842
111  61.04208566  028.14317937
111  61.04196654  028.14328539
112  61.04186872  028.14322877  61.04182019  028.14315747
111  61.04177811  028.14299761
111  61.04173161  028.14303680
112  61.04173161  028.14303680  61.04175754  028.14318559
112  61.04174375  028.14335291  61.04173746  028.14343098
111  61.04167534  028.14352545
112  61.04156727  028.14354365  61.04152458  028.14351136
111  61.04146951  028.14337889
111  61.04163326  028.14421408
112  61.04166667  028.14390793  61.04170153  028.14377215
111  61.04177204  028.14370036
111  61.04212977  028.14337438
111  61.04212676  028.14331593
111  61.04284414  028.14263211
113  61.04375617  028.14184192
110 1 0.00 65.0000 GA Taxiway
111  61.04466679  028.15334234
111  61.04468717  028.15297316
111  61.04465738  028.15296344
112  61.04463238  028.15217458  61.04460202  028.15188461
112  61.04451755  028.15134340  61.04450034  028.15125369
112  61.04385293  028.14810123  61.04385143  028.14807720
111  61.04385293  028.14810123
112  61.04385293  028.14810123  61.04385143  028.14808340
112  61.04386103  028.14805260  61.04386441  028.14801926
112  61.04383287  028.14791633  61.04382274  028.14791090
112  61.04381609  028.14790910  61.04380678  028.14789221
112  61.04359504  028.14684412  61.04358430  028.14678272
111  61.04359604  028.14668653
111  61.04351132  028.14623790
112  61.04346046  028.14616504  61.04344298  028.14609694
112  61.04276309  028.14280099  61.04274845  028.14273277
111  61.04277725  028.14268766
111  61.04275882  028.14259382
112  61.04270999  028.14256690  61.04269723  028.14250721
112  61.04217959  028.14000933  61.04202388  028.13919180
112  61.04192063  028.13848987  61.04184286  028.13796785
111  61.04170637  028.13744614
112  61.04061002  028.13217128  61.04056311  028.13193549
111  61.04066357  028.13184754
112  61.04140709  028.13122099  61.04146283  028.13117765
111  61.04154960  028.13121924
111  61.04149118  028.13094410
112  61.04139278  028.13115057  61.04134017  028.13120085
112  61.04065155  028.13175413  61.04052676  028.13185467
111  61.04049793  028.13163242
111  61.04045501  028.13166371
112  61.04047673  028.13188915  61.04045903  028.13196409
111  61.04039955  028.13199750
111  61.04041967  028.13209654
112  61.04056359  028.13221129  61.04061757  028.13246536
111  61.04166836  028.13751806
112  61.04188521  028.13856679  61.04193795  028.13894360
111  61.04175413  028.13875558
111  61.04174724  028.13887313
112  61.04200076  028.13932552  61.04207953  028.13973497
112  61.04225376  028.14067689  61.04229277  028.14087438
112  61.04267064  028.14259035  61.04268725  028.14267687
111  61.04264990  028.14270087
111  61.04267299  028.14279109
112  61.04272527  028.14283792  61.04274072  028.14290452
112  61.04341483  028.14620042  61.04343081  028.14627883
111  61.04339651  028.14634168
111  61.04348724  028.14678395
112  61.04355431  028.14688571  61.04357206  028.14695905
112  61.04374591  028.14781670  61.04376074  028.14789048
112  61.04374108  028.14797592  61.04372460  028.14803267
111  61.04369054  028.14805758
111  61.04371292  028.14816221
112  61.04379294  028.14817207  61.04382866  028.14821747
111  61.04383543  028.14825953
112  61.04446544  028.15135922  61.04448010  028.15143669
112  61.04458541  028.15220557  61.04461577  028.15260136
113  61.04460219  028.15303271
110 1 0.00 150.0000 Service Junction
111  61.04019898  028.12638038
111  61.04021787  028.12645357
112  61.04036972  028.12628769  61.04043734  028.12621539
111  61.04051950  028.12624909
111  61.04045713  028.12592808
114  61.04034955  028.12620018  61.04025566  028.12631274
110 1 0.00 65.0000 Service Road
111  61.04019898  028.12638038
112  61.03957428  028.12712837  61.03941013  028.12734921
111  61.03951479  028.12760031
112  61.03974374  028.12831944  61.03981583  028.12855762
112  61.04000764  028.12957815  61.04007821  028.12990828
112  61.04045501  028.13166371  61.04045717  028.13167156
112  61.04049799  028.13163257  61.04049660  028.13162289
112  61.04023304  028.13035378  61.04015563  028.12997922
112  61.03990889  028.12884573  61.03987129  028.12868129
112  61.03978065  028.12827194  61.03971596  028.12805393
112  61.03957047  028.12760596  61.03947573  028.12729407
111  61.03962073  028.12715832
113  61.04021787  028.12645358
110 1 0.35 223.0000 GA-Cargo
111  61.04235742  028.14594115
112  61.04177808  028.14481635  61.04175180  028.14476561
111  61.04176047  028.14475245
111  61.04165516  028.14485038
112  61.04222221  028.14596765  61.04224536  028.14601174
113  61.04223389  028.14604978
110 2 0.00 337.0000 New Taxiway 2
111  61.04174700  028.14611391
111  61.04156625  028.14626611
111  61.04160953  028.14647291
113  61.04178822  028.14631823
110 1 0.35 66.7000 Cargo Apron
111  61.04162593  028.14677737
111  61.04183237  028.14660608
111  61.04228695  028.14878559
111  61.04298722  028.14819095
111  61.04250894  028.14579921
111  61.04195223  028.14627317
112  61.04173640  028.14607049  61.04161671  028.14617211
111  61.04152204  028.14624925
113  61.04159193  028.14660366
111  61.04174700  028.14611391
111  61.04178822  028.14631823
111  61.04160953  028.14647291
113  61.04156625  028.14626611
110 1 0.00 67.0000 Cargo-FBO
112  61.04303825  028.15082096  61.04302875  028.15077041
112  61.04286598  028.14985501  61.04281666  028.14956897
112  61.04268500  028.14874290  61.04268024  028.14871330
111  61.04263897  028.14847718
111  61.04245094  028.14864445
112  61.04250963  028.14871611  61.04251358  028.14873858
112  61.04256644  028.14904910  61.04259548  028.14912107
112  61.04269009  028.14932880  61.04270472  028.14940886
112  61.04297567  028.15086489  61.04298554  028.15091760
111  61.04297158  028.15094138
113  61.04305962  028.15086280
110 1 0.35 66.7000 FBO Apron
111  61.04233698  028.15146733
111  61.04241950  028.15184958
111  61.04249253  028.15192623
111  61.04255303  028.15214793
111  61.04354856  028.15133052
113  61.04339139  028.15055397
110 1 0.35 245.0000 FBO-Main
111  61.04397649  028.15333943
111  61.04354856  028.15133052
111  61.04325037  028.15157278
112  61.04350502  028.15186738  61.04358406  028.15222869
113  61.04385437  028.15348808
110 1 0.35 66.7000 Main Apron
111  61.04367859  028.15364918
111  61.04397271  028.15503441
111  61.04375171  028.15521712
111  61.04378084  028.15535004
112  61.04387734  028.15527713  61.04389592  028.15527968
111  61.04390106  028.15534013
111  61.04380038  028.15543545
111  61.04416743  028.15718366
111  61.04434281  028.15702918
111  61.04445115  028.15754324
111  61.04433881  028.15763726
111  61.04454789  028.15861932
111  61.04444647  028.15871517
111  61.04434847  028.15825119
111  61.04427071  028.15831286
112  61.04426401  028.15841017  61.04424466  028.15850256
112  61.04416455  028.15923335  61.04422088  028.15950590
111  61.04442643  028.16042644
111  61.04474521  028.16012676
111  61.04477306  028.16025963
111  61.04487564  028.16016509
111  61.04484922  028.16002898
111  61.04507576  028.15981601
112  61.04449996  028.15703066  61.04446266  028.15684635
112  61.04455726  028.15664842  61.04459018  028.15661972
111  61.04520880  028.15605130
111  61.04460501  028.15291314
111  61.04437828  028.15309944
111  61.04435430  028.15297205
113  61.04429964  028.15289269
112  61.04473868  028.15951144  61.04475248  028.15950153
112  61.04476726  028.15952925  61.04477086  028.15954908
112  61.04478585  028.15963048  61.04478945  028.15965154
112  61.04477192  028.15968637  61.04475932  028.15969752
112  61.04463916  028.15980864  61.04462957  028.15981855
112  61.04461397  028.15979501  61.04460977  028.15977643
112  61.04459297  028.15969093  61.04458877  028.15967111
113  61.04458518  028.15964880
110 1 0.00 315.0000 ?
111  61.04659987  028.15285600
111  61.04700957  028.15199215
111  61.04698563  028.15193309
113  61.04658444  028.15278226
110 4 0.00 30.0000 Dirt Field
111  61.04369054  028.14805758
112  61.04332427  028.14815106  61.04324187  028.14815649
112  61.04318235  028.14801585  61.04317807  028.14786545
111  61.04320685  028.14765176
111  61.04313867  028.14761525
112  61.04308640  028.14772901  61.04304249  028.14772680
111  61.04301583  028.14759426
112  61.04298653  028.14792500  61.04297695  028.14813319
111  61.04288989  028.14827231
111  61.04304814  028.14840111
112  61.04337690  028.14832938  61.04352689  028.14824907
113  61.04371292  028.14816221
110 1 0.00 337.0000 Tennis Court
111  61.04343305  028.15323697
111  61.04313795  028.15349803
111  61.04320133  028.15380983
113  61.04349465  028.15354679
130 Airport Boundary
111  61.04400158  028.15858454
111  61.04433637  028.16036642
111  61.04470357  028.16176951
111  61.04502276  028.16252365
111  61.04523502  028.16274020
111  61.04569516  028.16241751
111  61.04595104  028.16269192
111  61.04665156  028.16463478
111  61.04728741  028.16753945
111  61.04783660  028.16903375
111  61.04870693  028.17407354
111  61.05244978  028.17303638
111  61.04738486  028.14754053
111  61.04688130  028.14578060
111  61.04634319  028.14463553
111  61.04512976  028.13857108
111  61.04502834  028.13412315
111  61.04195783  028.11819851
111  61.04131134  028.11660532
111  61.04044601  028.11585556
111  61.03938547  028.11622065
111  61.03878619  028.11700242
111  61.03785050  028.12160490
111  61.03876160  028.12737512
111  61.03780069  028.12816523
111  61.03900546  028.13512034
111  61.03977222  028.13646875
111  61.04063431  028.14089684
111  61.04056880  028.14283113
111  61.04231662  028.15168861
111  61.04282651  028.15350599
111  61.04270346  028.15537925
113  61.04301736  028.15775351
120 Linear Feature 1
111  61.04483641  028.15430263 102
115  61.04467020  028.15348179
120 Linear Feature 48
111  61.04336911  028.15347137 20
115  61.04326459  028.15356511
120 Linear Feature 47
111  61.04327885  028.15363805 20
115  61.04325058  028.15349422
120 Linear Feature 46
111  61.04335502  028.15340078 20
115  61.04338355  028.15354358
120 Linear Feature 45
111  61.04339943  028.15336109 20
115  61.04320455  028.15353535
120 Linear Feature 44
111  61.04323414  028.15367840 20
115  61.04342829  028.15350321
120 Linear Feature 43
111  61.04339520  028.15334027 20
111  61.04319991  028.15351287 20
111  61.04323942  028.15370424 20
113  61.04343335  028.15352788 20
120 Linear Feature 9
111  61.04212488  028.12851897 5
115  61.04211017  028.12846773
120 Linear Feature 5
111  61.04047672  028.13165230 22
112  61.04020042  028.13034709  61.04011828  028.12994964 22
112  61.03988775  028.12885900  61.03983902  028.12862896 22
112  61.03974372  028.12823861  61.03966774  028.12797901 22
112  61.03954511  028.12761655  61.03944704  028.12729779 22
111  61.03959851  028.12713905 22
111  61.03969215  028.12703004 22
115  61.04020268  028.12642185
120 Linear Feature 60
111  61.04266734  028.14247488 1
111  61.04238637  028.14117326 1
111  61.04223793  028.14044930 1
111  61.04208197  028.13964071 1
111  61.04195879  028.13891102 1
111  61.04190170  028.13852234 1
111  61.04182216  028.13808334 1
111  61.04165187  028.13731213 1
111  61.04130662  028.13565851 1
115  61.04058807  028.13219167
120 Linear Feature 59
111  61.04343451  028.14617335 1
111  61.04324656  028.14525919 1
115  61.04276818  028.14293545
120 Linear Feature 58
111  61.04459650  028.15339489 1
112  61.04462597  028.15247755  61.04459577  028.15184979 1
111  61.04448583  028.15132328 1
115  61.04357755  028.14686709
120 Linear Feature 56
111  61.04427436  028.14582745 1
112  61.04457884  028.14513673  61.04463501  028.14465551
111  61.04457884  028.14513673
112  61.04457884  028.14513673  61.04460483  028.14491407 1
112  61.04455826  028.14436697  61.04450009  028.14407723 1
115  61.04435131  028.14336778
120 Linear Feature 55
111  61.04427436  028.14582745 1
112  61.04475283  028.14589773  61.04497376  028.14618331
111  61.04475283  028.14589773
112  61.04475283  028.14589773  61.04488044  028.14606269 1
112  61.04496358  028.14632828  61.04499203  028.14643394
111  61.04496358  028.14632828
112  61.04496358  028.14632828  61.04498438  028.14640553 1
115  61.04519308  028.14742388
120 Linear Feature 54
111  61.04292331  028.14701059 1
115  61.04427436  028.14582745
120 Linear Feature 17
112  61.04602288  028.15393620  61.04613290  028.15381335 10
112  61.04623644  028.15243703  61.04604532  028.15152394
111  61.04623644  028.15243703
112  61.04623644  028.15243703  61.04622702  028.15238554 10
115  61.04604556  028.15151981
120 Linear Feature 16
112  61.04602259  028.15393510  61.04617177  028.15380582 10
112  61.04668647  028.15457277  61.04681837  028.15520327
111  61.04668647  028.15457277
112  61.04668647  028.15457277  61.04669474  028.15460637 10
115  61.04688435  028.15555647
120 Linear Feature 15
111  61.04508382  028.15476147 10
111  61.04572377  028.15420305 10
115  61.04602259  028.15393510
120 Linear Feature 14
111  61.04449676  028.15579553 10
112  61.04471019  028.15605167  61.04485498  028.15601701
111  61.04471019  028.15605167
112  61.04471019  028.15605167  61.04477194  028.15603929 10
112  61.04484437  028.15594562  61.04487611  028.15589483
111  61.04484437  028.15594562
112  61.04484437  028.15594562  61.04489375  028.15586659 10
112  61.04492392  028.15558679  61.04492971  028.15543766
111  61.04492392  028.15558679
112  61.04492392  028.15558679  61.04493343  028.15534181 10
112  61.04496379  028.15500881  61.04501034  028.15483760 10
115  61.04508382  028.15476147
120 Linear Feature 13
111  61.04424208  028.15457360 10
112  61.04437021  028.15399047  61.04455147  028.15384606
111  61.04437021  028.15399047
112  61.04437021  028.15399047  61.04438662  028.15398015 10
112  61.04442936  028.15396017  61.04444428  028.15395606
111  61.04442936  028.15396017
112  61.04442936  028.15396017  61.04457483  028.15392005 10
112  61.04466140  028.15423528  61.04468469  028.15431775
111  61.04466140  028.15423528
112  61.04466140  028.15423528  61.04468708  028.15432620 10
112  61.04489632  028.15476091  61.04502588  028.15483333 10
115  61.04508382  028.15476147
120 Parking 2A
111  61.04430845  028.15527852 10
111  61.04424149  028.15551124 10
115  61.04428047  028.15556186
120 Parking 2 Extension
111  61.04427264  028.15447754 8
115  61.04442936  028.15396017
120 Parking 2
111  61.04427264  028.15447754 10
111  61.04424208  028.15457360 10
111  61.04415632  028.15486526 10
115  61.04422002  028.15494537
120 Parking 1A
111  61.04451208  028.15624402 10
111  61.04438060  028.15619272 10
115  61.04437328  028.15628755
120 Parking 1 Extension
111  61.04455323  028.15581810 8
115  61.04484437  028.15594562
120 Parking 1
111  61.04455323  028.15581810 10
111  61.04433693  028.15573002 10
115  61.04432440  028.15586519
120 GA Apron to Cargo Apron
111  61.04166308  028.14472534 10
115  61.04229320  028.14596239
120 Main Apron to FBO
111  61.04392537  028.15343835 1
112  61.04351577  028.15153431  61.04335756  028.15077183
111  61.04351577  028.15153431
112  61.04351577  028.15153431  61.04338321  028.15096907 1
111  61.04325235  028.15117216 1
115  61.04294060  028.15143660
120 Linear Feature 79
111  61.04700414  028.15199705 5
115  61.04698362  028.15194405
120 Linear Feature 70
111  61.04374922  028.14781646 5
115  61.04378395  028.14778372
120 Linear Feature 68
111  61.04326409  028.14524190 5
115  61.04322916  028.14527537
120 Linear Feature 66
111  61.04294961  028.14391812 5
115  61.04298454  028.14388514
120 Linear Feature 64
111  61.04249350  028.14156240 5
115  61.04245675  028.14159773
120 Linear Feature 62
111  61.04056798  028.13221060 5
115  61.04060613  028.13217365
120 Linear Feature 61
111  61.04049441  028.13164211 5
115  61.04046134  028.13166964
120 Linear Feature 6
111  61.03968247  028.12699850 4
115  61.03970030  028.12705731
120 Linear Feature 5
111  61.04066833  028.13174868 4
115  61.04068343  028.13182353
120 Linear Feature 4
111  61.04282438  028.14253436 4
115  61.04284344  028.14262461
120 Linear Feature 10
111  61.04449849  028.15679022 20
115  61.04432353  028.15694923
120 Linear Feature 9
111  61.04399158  028.15500291 20
115  61.04437668  028.15690081
120 Linear Feature 3
111  61.04567888  028.15398787 4
115  61.04576515  028.15439881
120 Linear Feature 2
111  61.04398835  028.14584138 4
115  61.04406911  028.14623777
120 Linear Feature 8
111  61.04336962  028.15579923 20
111  61.04341505  028.15575786 20
111  61.04350463  028.15619275 20
115  61.04346096  028.15623288
21  61.04189513  028.12889036 2 67.3000 3.00 06  PAPI-4L
21  61.04749495  028.16112118 2 240.6800 3.50 24  PAPI-4L
20  61.04697881  028.15176322 154.3400 0 2 {@R}24-06
20  61.03972037  028.12713987 335.9500 0 2 {@R}06-24
20  61.04069592  028.13190911 351.3600 0 2 {@R}06-24{@L}A
20  61.04287852  028.14276616 353.7600 0 2 {@R}06-24{@L}B
20  61.04565626  028.15186201 79.5900 0 3 {@Y}D{^r}
20  61.04650014  028.15593518 240.1500 0 3 {@Y,^l}D
20  61.04478969  028.14777542 240.1500 0 3 {@Y,^l}C
20  61.04395856  028.14369511 70.9700 0 3 {@Y}C{^r}
20  61.04409915  028.14650586 359.2500 0 3 {@R}06-24{@L}C{@@}C
20  61.04391513  028.14562864 309.3600 0 3 {@L}C{@R}06-24{@@,@L}C
20  61.04320374  028.14743873 337.5800 0 2 {@L}C
20  61.04301566  028.14640287 337.5800 0 2 {@L}C
20  61.04578422  028.15466766 359.2500 0 3 {@R}06-24{@L}D{@@}D
20  61.04560206  028.15380068 309.3600 0 3 {@L}D{@R}06-24{@@,@L}D
14  61.04401588  028.15536871  49.21 0 Tower Viewpoint
1300  61.04433693  028.15573002 191.18 gate heavy|jets|turboprops Stand 1
1301 E airline ryr aee bti pri prw
1300  61.04424356  028.15550590 120.49 misc jets|turboprops|props Stand 2A
1301 C none 
1300  61.04415632  028.15486526 122.46 gate heavy|jets|turboprops|props Stand 2
1301 E airline ryr aee bti pri prw
1300  61.04137287  028.14363790 -20.81 misc turboprops|props|helos GA4
1301 A none 
1300  61.04144221  028.14398252 -21.66 misc turboprops|props|helos GA3
1301 A none 
1300  61.04150934  028.14431701 -21.82 misc turboprops|props|helos GA2
1301 A none 
1300  61.04157474  028.14464742 -21.67 misc turboprops|props|helos GA1
1301 A none 
1300  61.04234631  028.14812874 154.44 tie_down heavy|jets|turboprops Cargo 2
1301 D cargo 
1300  61.04214671  028.14713044 158.90 tie_down heavy|jets|turboprops Cargo 1
1301 D cargo 
19  61.04392657  028.15235228 1 WS
50 13632 ATIS
54 11970 TWR
54 12020 TWR
1200 
1201  61.04445047  028.15904564 both 0 N_stop
1201  61.04447533  028.15884020 both 1 N_stop
1201  61.04472088  028.15853205 both 2 N_stop
1201  61.04381921  028.15404660 both 3 N_stop
1201  61.04402345  028.15505445 both 4 N_stop
1201  61.04423955  028.15613032 both 5 N_stop
1201  61.04390002  028.15351376 both 6 N_stop
1201  61.04343360  028.15129063 both 7 N_stop
1201  61.04302669  028.15095178 both 8 N_stop
1201  61.04257522  028.14849075 both 9 N_stop
1201  61.04228350  028.14850475 both 10 N_stop
1201  61.04189198  028.14659624 both 11 N_start
1201  61.04143584  028.14340046 both 12 N_stop
1201  61.04170060  028.14481478 both 13 N_stop
1201  61.04232270  028.14604885 both 14 N_stop
1201  61.04200118  028.14635778 both 15 N_stop
1201  61.04283286  028.14258386 both 16 B_stop
1201  61.04209754  028.14328470 both 17 B_stop
1201  61.04158745  028.14373598 both 18 B_start
1201  61.04402730  028.14605284 both 19 C_stop
1201  61.04292331  028.14701059 both 20 C_start
1201  61.04572377  028.15420305 both 21 D_stop
1201  61.04508382  028.15476147 both 22 D_start
1201  61.04886443  028.16493484 both 23 06/24_stop
1201  61.04029921  028.12371878 both 24 06/24_start
1201  61.04400243  028.14154090 both 25 06/24_start(split)
1201  61.04478024  028.14536832 both 26 06/24_start(split)
1201  61.04649153  028.15353298 both 27 06/24_start(split)
1202 16 25 twoway taxiway_A B
1204 departure 06,24
1204 arrival 06,24
1202 17 16 twoway taxiway_A B
1202 18 17 twoway taxiway_A B
1202 19 26 twoway taxiway_D C
1204 departure 06,24
1204 arrival 06,24
1202 20 19 twoway taxiway_D C
1202 21 27 twoway taxiway_E D
1204 departure 06,24
1204 arrival 06,24
1202 22 21 twoway taxiway_E D
1202 24 25 twoway runway 06/24
1204 departure 06,24
1204 arrival 06,24
1204 ils 06,24
1202 25 26 twoway runway 06/24
1204 departure 06,24
1204 arrival 06,24
1204 ils 06,24
1202 26 27 twoway runway 06/24
1204 departure 06,24
1204 arrival 06,24
1204 ils 06,24
1202 27 23 twoway runway 06/24
1204 departure 06,24
1204 arrival 06,24
1204 ils 06,24
1206 1 0 twoway  None
1206 2 1 twoway  None
1206 3 4 twoway  None
1206 4 5 twoway  None
1206 5 2 twoway  None
1206 6 3 twoway  None
1206 7 6 twoway  None
1206 8 7 twoway  None
1206 9 8 twoway  None
1206 10 9 twoway  None
1206 11 10 twoway  None
1206 13 12 twoway  None
1206 14 13 twoway  None
1206 15 14 twoway  None
1206 11 15 twoway  None
1400  61.04439594  28.15931480 -23.86 fuel_liners 0 New Service Truck 5
1400  61.04437116  28.15921456 -22.43 fuel_props 0 New Service Truck 4
1400  61.04174527  28.14653713 -22.71 fuel_props 0 New Service Truck 3
1400  61.04173272  28.14642403 -22.62 fuel_jets 0 New Service Truck 2
1400  61.04477300  28.15872950 -114.19 gpu 0 New Service Truck 326
1400  61.04479890  28.15863181 -118.44 baggage_train 3 New Service Truck 325
1400  61.04457568  28.15843892  331.47 baggage_loader 0 New Service Truck 324
1400  61.04394774  28.15523413 -22.55 crew_car 0 New Service Truck 3
1401  61.04405531  28.15330236 -21.87 baggage_loader|baggage_train|crew_car|fuel_jets|fuel_liners|fuel_props|food|gpu New Service Truck Destination 332
1401  61.04245704  28.14603747 -21.87 baggage_loader|fuel_jets|fuel_liners|gpu New Service Truck Destination 332
1401  61.04136731  28.14319625 -21.87 crew_car|fuel_jets|fuel_props New Service Truck Destination 332
99
