I
1130 Generated by WorldEditor 2.1.0r1

1     39 0 0 EFML Ii
1302 city Ii
1302 country Finland
1302 datum_lat 65.3
1302 datum_lon 25.416667
1302 faa_code 
1302 gui_label 3D
1302 iata_code 
1302 icao_code EFML
1302 region_code EF
1302 state Oulu
1302 transition_alt 
1302 transition_level 
100 5.00 1 0 0.25 0 0 0 12  65.30111098  025.41445763   10    0 1 0 0 0 30  65.29738598  025.42302164    0    0 1 0 0 0
110 1 0.25 226.2000 New Taxiway 1
111  65.30110079  025.41452552
112  65.30145755  025.41541432  65.30146033  025.41542180
112  65.30146511  025.41545059  65.30146599  025.41546124
112  65.30146530  025.41549540  65.30146515  025.41550616
112  65.30146343  025.41554496  65.30146335  025.41555153
112  65.30146382  025.41561772  65.30146326  025.41562496
112  65.30145826  025.41565347  65.30145680  025.41566037
112  65.30144626  025.41569900  65.30144367  025.41570555
112  65.30127657  025.41611623  65.30127340  025.41612423
111  65.30126629  025.41616389
112  65.30126201  025.41620218  65.30126148  025.41621467
112  65.30126388  025.41627179  65.30126470  025.41627998
112  65.30127942  025.41634508  65.30128055  025.41634853
111  65.30132239  025.41648123
112  65.30133610  025.41653159  65.30133810  025.41653919
112  65.30133888  025.41657602  65.30133571  025.41658177
111  65.30129558  025.41665818
111  65.30131223  025.41670909
111  65.30147743  025.41639511
111  65.30146084  025.41634432
112  65.30138502  025.41648829  65.30138097  025.41649531
112  65.30136605  025.41648577  65.30136148  025.41648020
112  65.30134428  025.41644359  65.30134111  025.41643531
111  65.30130148  025.41630744
112  65.30128968  025.41625365  65.30128816  025.41624214
112  65.30128896  025.41620325  65.30128925  025.41619188
112  65.30129876  025.41615284  65.30130175  025.41614358
112  65.30146653  025.41574178  65.30146787  025.41573789
112  65.30148323  025.41567834  65.30148422  025.41567377
112  65.30149086  025.41561837  65.30149112  025.41561279
111  65.30149038  025.41554590
112  65.30149038  025.41551814  65.30149040  025.41551434
112  65.30149316  025.41550909  65.30149503  025.41550801
112  65.30149849  025.41551628  65.30150078  025.41552147
112  65.30153166  025.41559262  65.30153547  025.41559922
112  65.30156708  025.41563428  65.30157125  025.41563807
112  65.30159991  025.41566439  65.30160389  025.41566931
112  65.30162981  025.41571080  65.30163356  025.41571796
112  65.30165245  025.41576540  65.30165514  025.41577690
112  65.30166282  025.41582151  65.30166446  025.41583176
112  65.30166880  025.41586844  65.30166943  025.41588141
112  65.30166479  025.41595644  65.30166101  025.41596370
111  65.30160828  025.41606498
111  65.30162492  025.41611589
112  65.30168759  025.41599141  65.30169077  025.41597656
112  65.30169497  025.41592068  65.30169541  025.41590980
112  65.30169404  025.41584558  65.30169301  025.41583178
112  65.30168562  025.41578708  65.30168425  025.41577865
112  65.30167098  025.41571825  65.30166824  025.41570912
112  65.30164483  025.41565693  65.30164166  025.41565038
112  65.30160875  025.41560311  65.30160455  025.41559820
112  65.30157581  025.41557308  65.30157278  025.41557004
112  65.30154293  025.41553371  65.30153994  025.41552681
113  65.30112060  025.41448163
110 5 0.35 136.2000 New Taxiway 1
111  65.30155856  025.41313048
111  65.29711247  025.42334901
111  65.29723715  025.42365961
113  65.30168325  025.41344117
110 5 0.35 226.2000 New Taxiway 3
111  65.30107722  025.41474098
111  65.30110734  025.41474248
112  65.30112602  025.41474635  65.30113150  025.41474878
112  65.30114185  025.41476351  65.30114540  025.41477200
112  65.30123647  025.41498686  65.30124027  025.41499595
112  65.30124941  025.41504821  65.30125093  025.41506095
112  65.30125041  025.41508788  65.30124956  025.41510081
112  65.30124476  025.41512392  65.30124180  025.41513564
111  65.30123158  025.41517047
112  65.30122280  025.41521102  65.30122075  025.41522848
112  65.30122091  025.41526808  65.30122121  025.41528519
112  65.30123221  025.41534166  65.30123819  025.41535668
112  65.30138762  025.41567404  65.30139159  025.41568273
112  65.30139128  025.41571784  65.30139103  025.41573300
112  65.30138082  025.41578292  65.30137584  025.41579504
112  65.30124498  025.41611772  65.30124063  025.41612839
112  65.30120998  025.41618845  65.30120461  025.41619743
112  65.30117061  025.41624394  65.30116514  025.41625025
112  65.30110096  025.41631752  65.30109524  025.41632364
112  65.30106519  025.41636558  65.30106033  025.41637198
112  65.30104888  025.41640012  65.30104474  025.41641176
112  65.30104009  025.41644667  65.30103790  025.41646326
112  65.30103695  025.41651575  65.30103768  025.41653350
112  65.30104762  025.41657882  65.30105103  025.41658784
111  65.30124757  025.41704904
112  65.30183417  025.41591760  65.30183693  025.41591241
112  65.30183895  025.41588288  65.30183368  025.41586736
112  65.30168664  025.41543168  65.30168233  025.41541963
112  65.30166786  025.41541197  65.30166281  025.41541036
112  65.30164804  025.41541350  65.30164390  025.41541734
112  65.30163791  025.41543233  65.30163479  025.41544001
112  65.30161456  025.41548989  65.30161033  025.41549798
112  65.30158841  025.41550345  65.30158097  025.41550485
112  65.30157055  025.41549824  65.30156442  025.41549443
112  65.30155198  025.41547491  65.30154600  025.41546164
111  65.30124338  025.41470212
112  65.30121977  025.41463766  65.30121496  025.41462020
112  65.30121100  025.41456597  65.30120939  025.41454361
113  65.30120676  025.41445661
130 Airport Boundary 4
111  65.29834482  025.41959819
111  65.29803011  025.42054646
111  65.29730745  025.42210829
111  65.29714815  025.42187588
111  65.29597480  025.42446025
111  65.29614964  025.42515746
111  65.29645658  025.42579890
111  65.29694612  025.42496224
111  65.29804565  025.42313084
111  65.30021752  025.41811957
111  65.30045063  025.41770117
111  65.30076534  025.41738506
111  65.30090910  025.41780346
111  65.30236607  025.41504197
111  65.30233888  025.41357287
111  65.30210965  025.41196432
113  65.30187653  025.41077419
14  65.30122055  025.41574895  16.40 0 New Tower Viewpoint 15
1300  65.30140706  025.41648955 321.50 misc props Hangar
1301 A none 
1300  65.30124334  025.41685330 231.50 misc props Gravel parking
1301 A none 
19  65.30122342  025.41574258 0 WDI
1051 123650 Ii Radio
99
