I
1100 Generated by WorldEditor

1    147 0 0 EFPI Piikajärvi
100 10.00 1 0 0.45 0 0 0 17  61.25063836  022.19178326    0    0 2 0 0 0 35  61.24102555  022.19477115  130    0 2 0 0 0
100 10.00 1 0 0.45 0 0 0 12  61.24871930  022.18444411    0    0 2 0 0 0 30  61.24339387  022.19970524    0    0 2 0 0 0
110 15 0.70 0.0000 Signal pad
111  61.24750970  022.19164535 20
111  61.24740947  022.19163336 20
111  61.24740226  022.19183573 20
113  61.24750321  022.19184772 20
110 1 0.45 123.0000 Taxiway 12
111  61.24753760  022.19265247
112  61.24749978  022.19250367  61.24750722  022.19243773
112  61.24765833  022.19113093  61.24766719  022.19105074
112  61.24772653  022.19044484  61.24773725  022.19031897
112  61.24785596  022.18853244  61.24786066  022.18846760
112  61.24790176  022.18829778  61.24793766  022.18819502
111  61.24790176  022.18829778
112  61.24790176  022.18829778  61.24791677  022.18825313
111  61.24907565  022.18498902
111  61.24875570  022.18449931
111  61.24870116  022.18465573
112  61.24876610  022.18464279  61.24880007  022.18469395
111  61.24876610  022.18464279
112  61.24876610  022.18464279  61.24878134  022.18466559
112  61.24898378  022.18497527  61.24899521  022.18499347
111  61.24898378  022.18497527
112  61.24898378  022.18497527  61.24900664  022.18501369
112  61.24898725  022.18509787  61.24897461  022.18513377
111  61.24898725  022.18509787
112  61.24898725  022.18509787  61.24897898  022.18512163
112  61.24825022  022.18716488  61.24823651  022.18720151
112  61.24820901  022.18718233  61.24819765  022.18716604
112  61.24799227  022.18684439  61.24797582  022.18681752
111  61.24799227  022.18684439
112  61.24799227  022.18684439  61.24796642  022.18679798
111  61.24798197  022.18671678
111  61.24790873  022.18692624
112  61.24796174  022.18692530  61.24798720  022.18696601
111  61.24796174  022.18692530
112  61.24796174  022.18692530  61.24798093  022.18695706
112  61.24817553  022.18726214  61.24819393  022.18729389
111  61.24817553  022.18726214
112  61.24817553  022.18726214  61.24819522  022.18730643
112  61.24817008  022.18738858  61.24815560  022.18743010
112  61.24800335  022.18785929  61.24799003  022.18789755
112  61.24793123  022.18786985  61.24790969  022.18783728
112  61.24772503  022.18754465  61.24771304  022.18752514
111  61.24772255  022.18746046
111  61.24765629  022.18764986
112  61.24769695  022.18762681  61.24770998  022.18764524
112  61.24790076  022.18794164  61.24792347  022.18797991
112  61.24791859  022.18809160  61.24790175  022.18813963
112  61.24785137  022.18828020  61.24783136  022.18833831
111  61.24785137  022.18828020
112  61.24785137  022.18828020  61.24782018  022.18838051
111  61.24781582  022.18848292
112  61.24768477  022.19039999  61.24767342  022.19053898
112  61.24761767  022.19111428  61.24760672  022.19121289
112  61.24745927  022.19248090  61.24744535  022.19259730
113  61.24738524  022.19269983
110 1 0.45 352.0000 Taxiway 12
111  61.24740078  022.19373885
112  61.24745173  022.19311042  61.24745604  022.19305506
111  61.24745173  022.19311042
112  61.24745173  022.19311042  61.24746562  022.19296395
111  61.24753560  022.19284225
111  61.24726858  022.19292523
112  61.24739787  022.19319433  61.24738920  022.19332943
111  61.24739787  022.19319433
112  61.24739787  022.19319433  61.24739181  022.19327130
113  61.24735683  022.19372734
110 1 0.45 171.5000 Taxiway 17
112  61.25055813  022.19190269  61.25054935  022.19190539
111  61.25055813  022.19190269
112  61.25055813  022.19190269  61.25060596  022.19190033
111  61.25061074  022.19199544
112  61.25063728  022.19237591  61.25064227  022.19245450
111  61.25060300  022.19246212
111  61.25035749  022.19254452
112  61.25031366  022.19247367  61.25030713  022.19239008
112  61.25028400  022.19210586  61.25027681  022.19200701
111  61.25028400  022.19210586
112  61.25028400  022.19210586  61.25027792  022.19199436
111  61.25032755  022.19197348
111  61.25017623  022.19202141
112  61.25024083  022.19212086  61.25024968  022.19223236
111  61.25024083  022.19212086
112  61.25024083  022.19212086  61.25024691  022.19220247
111  61.25027873  022.19258210
112  61.25026253  022.19268307  61.25023844  022.19273403
112  61.25011696  022.19293619  61.25007354  022.19300045
111  61.25011696  022.19293619
112  61.25011696  022.19293619  61.25002424  022.19307694
111  61.24992131  022.19309220
112  61.24748386  022.19385637  61.24740660  022.19386760
111  61.24748386  022.19385637
112  61.24748386  022.19385637  61.24743609  022.19385464
111  61.24740078  022.19373884
111  61.24736992  022.19414274
112  61.24748254  022.19394283  61.24753463  022.19390294
111  61.24748254  022.19394283
112  61.24748254  022.19394283  61.24755793  022.19392288
111  61.24985495  022.19320477
112  61.25007537  022.19309562  61.25014749  022.19301607
111  61.25007537  022.19309562
112  61.25007537  022.19309562  61.25015926  022.19301301
112  61.25030873  022.19274876  61.25032202  022.19272976
111  61.25033870  022.19272410
111  61.25069776  022.19259639
113  61.25064500  022.19187574
110 1 0.45 123.0000 Taxiway 30
111  61.24582467  022.19446847
112  61.24580386  022.19464331  61.24576287  022.19475443
111  61.24580386  022.19464331
112  61.24580386  022.19464331  61.24578336  022.19470179
112  61.24422205  022.19916296  61.24418367  022.19927204
112  61.24415108  022.19928511  61.24413150  022.19929488
112  61.24399681  022.19933987  61.24397095  022.19934774
112  61.24389590  022.19932247  61.24387709  022.19929750
111  61.24389590  022.19932247
112  61.24389590  022.19932247  61.24386815  022.19927921
112  61.24372520  022.19905272  61.24370404  022.19901936
111  61.24372184  022.19892464
111  61.24365040  022.19912924
112  61.24370017  022.19912187  61.24371913  022.19915322
111  61.24386364  022.19937991
112  61.24386610  022.19947955  61.24384737  022.19953867
111  61.24370204  022.19995396
112  61.24365593  022.19997518  61.24363181  022.19994009
112  61.24348120  022.19971905  61.24346845  022.19970015
111  61.24347321  022.19963716
111  61.24343027  022.19976010
111  61.24372299  022.20017884
112  61.24394358  022.19953455  61.24396535  022.19947117
112  61.24405146  022.19940281  61.24410940  022.19938405
111  61.24405146  022.19940281
112  61.24405146  022.19940281  61.24409348  022.19938775
111  61.24417077  022.19935971
112  61.24422970  022.19927822  61.24425270  022.19921261
112  61.24588614  022.19452095  61.24590703  022.19446223
111  61.24588614  022.19452095
112  61.24588614  022.19452095  61.24591704  022.19444816
113  61.24594729  022.19443015
110 1 0.45 171.5000 Taxiway 35
112  61.24382909  022.19498292  61.24379503  022.19499328
111  61.24379169  022.19491444
112  61.24373114  022.19411490  61.24372692  022.19405710
111  61.24374813  022.19401948
111  61.24365601  022.19404814
112  61.24368309  022.19413099  61.24368720  022.19418228
111  61.24374450  022.19493665
112  61.24372491  022.19501623  61.24369542  022.19502659
112  61.24176606  022.19562266  61.24169321  022.19564254
111  61.24176606  022.19562266
112  61.24176606  022.19562266  61.24171381  022.19563795
112  61.24166564  022.19560912  61.24164136  022.19558923
111  61.24166564  022.19560912
112  61.24166564  022.19560912  61.24163928  022.19557939
112  61.24148355  022.19538204  61.24146969  022.19536299
112  61.24146782  022.19530123  61.24146483  022.19526047
112  61.24144333  022.19486151  61.24143928  022.19477986
111  61.24147669  022.19472552
111  61.24133138  022.19477049
112  61.24139338  022.19488187  61.24139959  022.19497570
112  61.24141786  022.19523812  61.24142426  022.19533119
111  61.24138456  022.19533787
111  61.24114852  022.19539691
112  61.24109563  022.19532566  61.24108958  022.19523697
111  61.24109563  022.19532566
112  61.24109563  022.19532566  61.24109110  022.19526287
112  61.24107114  022.19495923  61.24106726  022.19489962
111  61.24109843  022.19484311
111  61.24101335  022.19486839
111  61.24106481  022.19558695
112  61.24141483  022.19548503  61.24143403  022.19547932
112  61.24145416  022.19548612  61.24146333  022.19549597
111  61.24145416  022.19548612
112  61.24145416  022.19548612  61.24147101  022.19550622
112  61.24164290  022.19570892  61.24168117  022.19575175
111  61.24164290  022.19570892
112  61.24164290  022.19570892  61.24169221  022.19576551
111  61.24176240  022.19573792
111  61.24627055  022.19432913
111  61.24644725  022.19427817
111  61.24707722  022.19406948
113  61.24707354  022.19396268
110 1 0.40 171.5000 Apron / Pavement
111  61.24735683  022.19372734
112  61.24727101  022.19390243  61.24722667  022.19391589
111  61.24707349  022.19396276
111  61.24707723  022.19406954
112  61.24711479  022.19415033  61.24712348  022.19422177
111  61.24711479  022.19415033
112  61.24711479  022.19415033  61.24712688  022.19424296
111  61.24715678  022.19447568
112  61.24714342  022.19471771  61.24711185  022.19483045
111  61.24714342  022.19471771
112  61.24714342  022.19471771  61.24711266  022.19482372
112  61.24701786  022.19514273  61.24697901  022.19527061
111  61.24701786  022.19514273
112  61.24701786  022.19514273  61.24697010  022.19524537
111  61.24692882  022.19519148
112  61.24643531  022.19448361  61.24640733  022.19444442
111  61.24643531  022.19448361
112  61.24643531  022.19448361  61.24641463  022.19439385
111  61.24644720  022.19427817
111  61.24627064  022.19432905
112  61.24629789  022.19442013  61.24628633  022.19448967
111  61.24623801  022.19475218
111  61.24677971  022.19551187
111  61.24687935  022.19565712
111  61.24688426  022.19600428
111  61.24715931  022.19637161
111  61.24733487  022.19632151
111  61.24742980  022.19601250
112  61.24734871  022.19538357  61.24732971  022.19523059
111  61.24734871  022.19538357
112  61.24734871  022.19538357  61.24733729  022.19525309
111  61.24741144  022.19522604
111  61.24769326  022.19517528
111  61.24768712  022.19508990
111  61.24740851  022.19513238
112  61.24731296  022.19488841  61.24731966  022.19464783
111  61.24731296  022.19488841
112  61.24731296  022.19488841  61.24731671  022.19483781
113  61.24740077  022.19373885
110 5 0.75 0.0000 Gravel RWY 12/30
111  61.24876800  022.18448788
111  61.24868555  022.18436080
111  61.24334027  022.19965972
113  61.24342888  022.19978876
110 5 0.75 0.0000 Gravel RWY 17/35
111  61.24099794  022.19465486
111  61.24101029  022.19490350
111  61.25066340  022.19190492
113  61.25064042  022.19164935
130 Airport Boundary
111  61.24603684  022.19471022
111  61.24727500  022.19678053
111  61.24809369  022.19504081
111  61.25317509  022.19341277
111  61.25274096  022.18914141
111  61.25009761  022.18968285
111  61.24938372  022.18645427
111  61.25098148  022.18114346
111  61.24957009  022.17891551
111  61.24495649  022.19135508
111  61.23770226  022.19377599
111  61.23922636  022.19774626
111  61.24154663  022.19703729
111  61.24227456  022.19892789
111  61.24172861  022.20171654
111  61.24222906  022.20270911
113  61.24352568  022.20200013
120 Runway hold
111  61.24899292  022.18508308 4
115  61.24904470  022.18494223
120 Runway hold
111  61.24792325  022.18807725 4
115  61.24799620  022.18787581
120 Runway hold
111  61.24818458  022.18734706 4
115  61.24824487  022.18717917
120 Runway hold
111  61.25026578  022.19267806 4
115  61.25030087  022.19275862
120 Runway hold
111  61.24736457  022.19363021 4
115  61.24740790  022.19364290
120 Runway hold
111  61.24755212  022.19204994 4
115  61.24751165  022.19202927
120 Runway hold
111  61.24554061  022.19455677 4
115  61.24553406  022.19444793
120 Runway hold
111  61.24477681  022.19468717 4
115  61.24478243  022.19479331
120 Runway hold
111  61.24397811  022.19945521 4
115  61.24397095  022.19934774
120 Runway hold
111  61.24372606  022.19469380 4
115  61.24377289  022.19467914
120 Runway hold
111  61.24145416  022.19548612 4
115  61.24148355  022.19538204
120 Taxiline
111  61.24742884  022.19308449 1
111  61.24734319  022.19417076 1
111  61.24728646  022.19487469
112  61.24728646  022.19487469  61.24727121  022.19507935 1
112  61.24741577  022.19518246  61.24749523  022.19516740
111  61.24741577  022.19518246 1
115  61.24766877  022.19513961
120 Taxiline
111  61.24713683  022.19431070 1
111  61.24719548  022.19428019 1
111  61.24720730  022.19427419 1
115  61.24718852  022.19412441
120 Taxiline
112  61.24747903  022.19389866  61.24740634  022.19391438 1
116  61.24734319  022.19417076  61.24732437  022.19440504
120 Taxiline
111  61.24719548  022.19428019 1
111  61.24721913  022.19448638
112  61.24721913  022.19448638  61.24722869  022.19457328 1
112  61.24720008  022.19473900  61.24718098  022.19480851
111  61.24720008  022.19473900 1
115  61.24712520  022.19499844
120 Taxiline
112  61.24715474  022.19401042  61.24722970  022.19399094 1
112  61.24730467  022.19430792  61.24728405  022.19456504 1
112  61.24721198  022.19498933  61.24716905  022.19513276
111  61.24721198  022.19498933 1
111  61.24707745  022.19539602 1
111  61.24696461  022.19574476
112  61.24696461  022.19574476  61.24691861  022.19588642 1
116  61.24699868  022.19604863  61.24704979  022.19612300
120 Taxiline
112  61.24707745  022.19539602  61.24702634  022.19555378 1
116  61.24691042  022.19544544  61.24685930  022.19537461
1300  61.24716783  022.19474297  30.17 tie_down props Ramp Start
1300  61.24718959  022.19458331 358.60 tie_down props Ramp Start
1300  61.24718138  022.19439948 -14.01 tie_down props Ramp Start
1300  61.24650886  022.19484475 213.91 tie_down props Ramp Start
19  61.24752478  022.19089621 0 WS
51 12355 CTAF
99
