I
1000 Generated by WorldEditor

1     43 1 0 EFPO Pori
100 60.00 1 0 0.25 0 3 0 12  61.46810939  021.78133436   95    0 3 7 0 2 30  61.45577039  021.81710936  345    0 3 8 0 2
100 30.00 1 1 0.25 0 0 0 17  61.46397800  021.79847800    0  236 3 0 0 0 35  61.45683100  021.80007800    0  175 3 0 0 0
110 1 0.00 126.0000 Taxways A-T
112  61.45716635  021.81420435  61.45724950  021.81397026
111  61.45716635  021.81420435
112  61.45716635  021.81420435  61.45734812  021.81399132 102
112  61.45809402  021.81394861  61.45847626  021.81409244
111  61.45809402  021.81394861
112  61.45809402  021.81394861  61.45822725  021.81399880 102
112  61.45861249  021.81425869  61.45873516  021.81428834
111  61.45861249  021.81425869
112  61.45861249  021.81425869  61.45873516  021.81427822 102
112  61.45922402  021.81368593  61.45944494  021.81309527
111  61.45922402  021.81368593
112  61.45922402  021.81368593  61.45931524  021.81343135 102
111  61.46434413  021.79884014
111  61.46467417  021.79786760 102
111  61.46668874  021.79198845
112  61.46680948  021.79186916  61.46688380  021.79191333
111  61.46680948  021.79186916
112  61.46680948  021.79186916  61.46686438  021.79194315
112  61.46684474  021.79212664  61.46683873  021.79221953
112  61.46680352  021.79249073  61.46679276  021.79257386
111  61.46673761  021.79346029
111  61.46666660  021.79454619
111  61.46637371  021.79445690
111  61.46633224  021.79511466
111  61.46662474  021.79519617
111  61.46674538  021.79523105
112  61.46691453  021.79280481  61.46692907  021.79256900
112  61.46701361  021.79103854  61.46705652  021.79091195
111  61.46701361  021.79103854
112  61.46701361  021.79103854  61.46710333  021.79077719 102
112  61.46725396  021.79035112  61.46731425  021.79018778 102
112  61.46754832  021.79029915  61.46766004  021.79047363 102
112  61.46757655  021.79096558  61.46750216  021.79118089 102
111  61.46730169  021.79175632
111  61.46774096  021.79239953
111  61.46767435  021.79260090
111  61.46781982  021.79280631
111  61.46788408  021.79261415
111  61.46805179  021.79286262
111  61.46907043  021.78990505
111  61.46851816  021.78907505
111  61.46845147  021.78926686
111  61.46826393  021.78898014 102
112  61.46799498  021.78975986  61.46795501  021.78987143
111  61.46799498  021.78975986
112  61.46799498  021.78975986  61.46793563  021.78992721 102
112  61.46767992  021.78987832  61.46756244  021.78971096
111  61.46767992  021.78987832
112  61.46767992  021.78987832  61.46756365  021.78971096 102
112  61.46763878  021.78924260  61.46769692  021.78907779 102
112  61.46942496  021.78405895  61.46951717  021.78378793
111  61.46942496  021.78405895
112  61.46942496  021.78405895  61.46977075  021.78313823 102
112  61.46933600  021.78199373  61.46912680  021.78166759
111  61.46933600  021.78199373
112  61.46933600  021.78199373  61.46904785  021.78155578 102
112  61.46845231  021.78176694  61.46813874  021.78194416
111  61.46845231  021.78176694
112  61.46845231  021.78176694  61.46838454  021.78180982
111  61.46837035  021.78166530
111  61.46866160  021.78081012
111  61.46817246  021.78005157
111  61.46747999  021.78205563
111  61.46723050  021.78197615
111  61.46715242  021.78220266
111  61.46711783  021.78229910
111  61.46722405  021.78279649
111  61.46538701  021.78811658
111  61.46518114  021.78871377
111  61.46315062  021.79461243
111  61.46289658  021.79534456
111  61.46184257  021.79841120
111  61.46142160  021.79963806
111  61.45749213  021.81101736
111  61.45722044  021.81107505
111  61.45710868  021.81140215
111  61.45717841  021.81193358
111  61.45521433  021.81761849
113  61.45571679  021.81840340
111  61.46771725  021.78357087
111  61.46797038  021.78358263
111  61.46808048  021.78326197
111  61.46796989  021.78284613 102
112  61.46844295  021.78232188  61.46873605  021.78208859
111  61.46844295  021.78232188
112  61.46844295  021.78232188  61.46874090  021.78210634 102
112  61.46918024  021.78238391  61.46944145  021.78272637
111  61.46918024  021.78238391
112  61.46918024  021.78238391  61.46929805  021.78254988 102
112  61.46926105  021.78368494  61.46903112  021.78435313
111  61.46926105  021.78368494
112  61.46926105  021.78368494  61.46921390  021.78382523 102
112  61.46747710  021.78888850  61.46741290  021.78906346 102
112  61.46719268  021.78913670  61.46703944  021.78899601
111  61.46719268  021.78913670
112  61.46719268  021.78913670  61.46708004  021.78896774 102
112  61.46665201  021.78831950  61.46645982  021.78802814
111  61.46665201  021.78831950
112  61.46665201  021.78831950  61.46640729  021.78794827 102
112  61.46650744  021.78706482  61.46660025  021.78679151
111  61.46650744  021.78706482
114  61.46650744  021.78706482  61.46659671  021.78680265
112  61.46704799  021.79014826  61.46696784  021.79037744
111  61.46704799  021.79014826
112  61.46704799  021.79014826  61.46699521  021.79029968 102
112  61.46478326  021.79671985  61.46471821  021.79690504
111  61.46478326  021.79671985
112  61.46478326  021.79671985  61.46465966  021.79708206 102
112  61.46443545  021.79694695  61.46437950  021.79686253 102
112  61.46375960  021.79591635  61.46363878  021.79573088 102
112  61.46366214  021.79532426  61.46370301  021.79520960
112  61.46587908  021.78889475  61.46600779  021.78852723 102
112  61.46650324  021.78873378  61.46674515  021.78908941
111  61.46650324  021.78873378
112  61.46650324  021.78873378  61.46656130  021.78881932 102
112  61.46701675  021.78950021  61.46706953  021.78958615
111  61.46701675  021.78950021
114  61.46701675  021.78950021  61.46709592  021.78962912 102
112  61.46429784  021.79731116  61.46435204  021.79739672 102
112  61.46434581  021.79795904  61.46427152  021.79817797
111  61.46434581  021.79795904
112  61.46434581  021.79795904  61.46432088  021.79803474
111  61.46402558  021.79890079 102
112  61.46171396  021.80563675  61.46167138  021.80575929
111  61.46171396  021.80563675
112  61.46171396  021.80563675  61.46145837  021.80637980 102
112  61.46090885  021.80552242  61.46072599  021.80486350
111  61.46090885  021.80552242
112  61.46090885  021.80552242  61.46070465  021.80481020 102
112  61.46092650  021.80328630  61.46099686  021.80301282
111  61.46092650  021.80328630
112  61.46092650  021.80328630  61.46094684  021.80322287
111  61.46228361  021.79932486
111  61.46264985  021.79825841
112  61.46334289  021.79625191  61.46334652  021.79624168
111  61.46334289  021.79625191
112  61.46334289  021.79625191  61.46335743  021.79621097 102
112  61.46362287  021.79631151  61.46377522  021.79652542
111  61.46362287  021.79631151
114  61.46362287  021.79631151  61.46372772  021.79646962 102
112  61.46134898  021.80671134  61.46132555  021.80678580 102
112  61.45903568  021.81341857  61.45883593  021.81399073 102
112  61.45825999  021.81314660  61.45805880  021.81242109
111  61.45825999  021.81314660
112  61.45825999  021.81314660  61.45813893  021.81271593 102
112  61.45825437  021.81105036  61.45837088  021.81006276
111  61.45825437  021.81105036
112  61.45825437  021.81105036  61.45832538  021.81085220
112  61.46053892  021.80441291  61.46055832  021.80435540
112  61.46057357  021.80442983  61.46057195  021.80448960 102
112  61.46071300  021.80577698  61.46088076  021.80630367
111  61.46071300  021.80577698
112  61.46071300  021.80577698  61.46097283  021.80665480 102
114  61.46132732  021.80657279  61.46135942  021.80657642 102
110 1 0.00 0.0000 Taxiway V-Y
111  61.46538620  021.78812109 102
112  61.46518947  021.78822990  61.46507693  021.78816543
112  61.46485003  021.78803726  61.46481567  021.78800503
111  61.46478310  021.78794742
112  61.46464998  021.78787374  61.46462628  021.78786878
112  61.46457086  021.78788230  61.46453177  021.78786742
112  61.46433042  021.78765196  61.46421857  021.78749861
111  61.46366201  021.78674960
112  61.46308471  021.78599734  61.46297197  021.78586302
111  61.46308471  021.78599734
112  61.46308471  021.78599734  61.46286142  021.78575599
112  61.46257088  021.78562332  61.46231484  021.78553107
111  61.46257088  021.78562332
112  61.46257088  021.78562332  61.46233583  021.78558818
111  61.46210816  021.78581232
111  61.46165248  021.78621750
112  61.46097530  021.78682157  61.46085145  021.78692301
111  61.46097530  021.78682157
112  61.46097530  021.78682157  61.46089022  021.78692301
112  61.46061500  021.78658901  61.46052885  021.78636811
111  61.46061500  021.78658901
112  61.46061500  021.78658901  61.46060800  021.78656647
111  61.45998758  021.78476480
111  61.46004692  021.78452611
111  61.45981621  021.78412632
111  61.45925625  021.78403456
111  61.45860244  021.78579802
111  61.45945085  021.78676074
112  61.45964953  021.78641960  61.45966814  021.78638911
112  61.45973556  021.78649034  61.45977334  021.78660453
112  61.46024395  021.78793127  61.46028756  021.78806167
112  61.46024674  021.78832297  61.46019877  021.78849714
112  61.46014059  021.78869128  61.46010020  021.78883583
111  61.46014059  021.78869128
112  61.46014059  021.78869128  61.46000599  021.78922611
112  61.46021995  021.78981412  61.46033375  021.79003990
111  61.46021995  021.78981412
112  61.46021995  021.78981412  61.46025291  021.78987712
111  61.46148426  021.79223602
111  61.46245608  021.79407791
111  61.46249310  021.79420568
111  61.46262041  021.79445527
111  61.46267094  021.79450617
112  61.46283367  021.79481647  61.46291971  021.79497021
111  61.46283367  021.79481647
112  61.46283367  021.79481647  61.46295749  021.79505806 102
111  61.46289577  021.79534907
111  61.46314981  021.79461694 102
112  61.46289932  021.79462162  61.46277550  021.79445470
111  61.46289932  021.79462162
112  61.46289932  021.79462162  61.46283846  021.79451180
111  61.46273837  021.79432248
111  61.46271340  021.79421953
111  61.46259114  021.79398031
111  61.46253272  021.79390672
111  61.46134372  021.79164276
112  61.46030479  021.78964476  61.46024755  021.78952497
112  61.46024618  021.78879098  61.46037642  021.78838870
111  61.46024618  021.78879098
112  61.46024618  021.78879098  61.46028245  021.78866558
111  61.46062088  021.78759947
112  61.46096263  021.78704727  61.46115972  021.78689216
111  61.46096263  021.78704727
112  61.46096263  021.78704727  61.46107300  021.78695486
111  61.46153781  021.78651998
112  61.46221373  021.78591052  61.46254321  021.78562499
111  61.46221373  021.78591052
112  61.46221373  021.78591052  61.46255370  021.78570406
112  61.46301969  021.78614076  61.46325855  021.78640012
111  61.46301969  021.78614076
112  61.46301969  021.78614076  61.46312029  021.78627508
111  61.46362956  021.78691979
112  61.46428520  021.78780985  61.46440011  021.78797103
112  61.46454124  021.78807803  61.46456968  021.78810778
112  61.46460989  021.78815797  61.46462885  021.78818277
111  61.46474232  021.78823879
112  61.46481912  021.78824579  61.46486058  021.78826067
112  61.46514391  021.78842435  61.46522801  021.78846898 102
113  61.46518033  021.78871828
110 1 0.60 38.0000 Taxiway W
111  61.46715161  021.78220717
112  61.46530748  021.77922112  61.46525263  021.77913172
111  61.46530748  021.77922112
112  61.46530748  021.77922112  61.46525668  021.77908625
112  61.46526731  021.77897526  61.46527068  021.77892396
111  61.46526731  021.77897526
112  61.46526731  021.77897526  61.46530056  021.77896656
111  61.46541470  021.77893703
111  61.46554579  021.77859161
111  61.46546291  021.77845345
111  61.46548412  021.77821166
111  61.46535904  021.77800503
111  61.46532190  021.77801373
111  61.46511855  021.77854826
111  61.46511392  021.77886026
112  61.46508388  021.77900538  61.46508290  021.77905770
111  61.46508388  021.77900538
112  61.46508388  021.77900538  61.46512112  021.77907001
111  61.46536904  021.77947839
111  61.46533345  021.77957667
111  61.46526528  021.77946493
111  61.46492696  021.78038940
111  61.46511545  021.78069604
111  61.46545627  021.77977673
111  61.46540271  021.77968878
111  61.46543792  021.77959099
113  61.46711702  021.78230360
110 5 0.00 0.0000 RWY12 RESA
111  61.45521352  021.81762300
111  61.45514105  021.81752814
111  61.45467371  021.81892766
111  61.45485612  021.81954482
111  61.45500454  021.81976615
111  61.45531907  021.81991564
111  61.45579122  021.81853400
113  61.45571598  021.81840791
110 5 0.00 0.0000 RWY30 RESA
111  61.46866079  021.78081463
111  61.46872970  021.78091726
111  61.46919679  021.77956480
111  61.46856597  021.77860224
111  61.46809365  021.77993308
113  61.46817165  021.78005608
110 1 0.00 0.0000 Parachute Club Taxiway
111  61.46243086  021.80438609
112  61.46250637  021.80443722  61.46253194  021.80448706
111  61.46262800  021.80467636
111  61.46265036  021.80462549
112  61.46252829  021.80438308  61.46247569  021.80427262
113  61.46248222  021.80423739
110 5 0.00 0.0000 Parachute Club Gravel
111  61.46285681  021.80494472
112  61.46284131  021.80473438  61.46284084  021.80464937
111  61.46284131  021.80473438
112  61.46284131  021.80473438  61.46284108  021.80469187
112  61.46286553  021.80453217  61.46287912  021.80448793
112  61.46299764  021.80415892  61.46303991  021.80408149
112  61.46311945  021.80402412  61.46317700  021.80400309
112  61.46332605  021.80401932  61.46336989  021.80403844
112  61.46369226  021.80418086  61.46372096  021.80419261
112  61.46368218  021.80425273  61.46364599  021.80429714
112  61.46306254  021.80501365  61.46301825  021.80505936
111  61.46299754  021.80497695
111  61.46276305  021.80524901
112  61.46275326  021.80537438  61.46275575  021.80542270
112  61.46282538  021.80551794  61.46286655  021.80550749
112  61.46297204  021.80534995  61.46301447  021.80526246
112  61.46306486  021.80511901  61.46310167  021.80506416
112  61.46374565  021.80429102  61.46379181  021.80423617
112  61.46386930  021.80425932  61.46393159  021.80427614
112  61.46413239  021.80432185  61.46419097  021.80431954
111  61.46439876  021.80427590
111  61.46440302  021.80419075
112  61.46413337  021.80423322  61.46409247  021.80423784
112  61.46387103  021.80416240  61.46378563  021.80413717
111  61.46363010  021.80406080
112  61.46332929  021.80392561  61.46328454  021.80391031
112  61.46311791  021.80392081  61.46306402  021.80394567
112  61.46298803  021.80404447  61.46294802  021.80410767
112  61.46283054  021.80447996  61.46280789  021.80453052
112  61.46271431  021.80466329  61.46268451  021.80467932
112  61.46265036  021.80462549  61.46262303  021.80459563
111  61.46265036  021.80462549
111  61.46262800  021.80467636
112  61.46262800  021.80467636  61.46267126  021.80478847
112  61.46262826  021.80501559  61.46264618  021.80511120
113  61.46272899  021.80510950
110 5 0.00 0.0000 Aviation academy gravel
111  61.46044868  021.78610825
112  61.46047800  021.78594814  61.46049916  021.78590671
112  61.46113197  021.78451917  61.46116418  021.78444483
111  61.46130926  021.78444197
111  61.46126280  021.78304897
112  61.46093049  021.78306903  61.46090233  021.78306903
112  61.46084704  021.78321966  61.46081524  021.78322346
112  61.46075607  021.78321966  61.46074063  021.78322156
112  61.46067138  021.78339035  61.46067138  021.78343599
111  61.46068938  021.78454701
112  61.46094741  021.78460487  61.46096475  021.78461178
112  61.46095335  021.78471822  61.46092774  021.78477873
112  61.46044036  021.78584109  61.46041511  021.78589253
113  61.46037196  021.78588437
110 1 0.00 0.0000 Airport pavement
111  61.46805125  021.79286930
111  61.46789524  021.79296595
111  61.46784616  021.79290205
111  61.46781310  021.79300864
112  61.46769622  021.79301129  61.46762800  021.79291411
111  61.46764966  021.79278279
111  61.46768356  021.79267472
112  61.46757245  021.79253986  61.46753869  021.79252661
111  61.46748834  021.79254693
111  61.46751038  021.79306483
112  61.46755179  021.79310561  61.46759320  021.79314638
111  61.46755179  021.79310561
112  61.46755179  021.79310561  61.46755085  021.79317028
111  61.46751919  021.79329846
111  61.46755100  021.79334211
112  61.46791724  021.79326237  61.46805293  021.79323368
111  61.46791724  021.79326237
112  61.46791724  021.79326237  61.46796110  021.79314186
111  61.46792779  021.79304506
111  61.46799816  021.79300900
112  61.46803786  021.79338510  61.46806595  021.79343017
112  61.46812726  021.79350825  61.46815583  021.79354081
111  61.46812726  021.79350825
112  61.46812726  021.79350825  61.46815917  021.79354751
111  61.46837188  021.79348070
111  61.46837655  021.79355455
111  61.46852647  021.79351913
111  61.46866495  021.79371102
111  61.46854313  021.79407305
111  61.46854835  021.79414611
111  61.46891976  021.79466707
111  61.46918904  021.79388982
111  61.46915426  021.79383963
112  61.46914678  021.79362796  61.46911470  021.79357509
111  61.46908583  021.79352171
112  61.46906868  021.79337178  61.46908280  021.79332136
111  61.46917902  021.79332791
111  61.46922644  021.79285063
112  61.46913781  021.79283654  61.46910983  021.79278005
112  61.46905618  021.79263414  61.46900821  021.79256509
111  61.46883588  021.79230182
112  61.46883188  021.79226837  61.46883837  021.79224809
111  61.46883188  021.79226837
112  61.46883188  021.79226837  61.46884787  021.79222443
111  61.46889196  021.79209330
111  61.46884755  021.79202461
111  61.46895789  021.79170322
111  61.46884839  021.79154149
111  61.46881418  021.79163926
111  61.46878196  021.79158848
111  61.46875175  021.79167787
112  61.46878509  021.79193837  61.46875411  021.79202207
111  61.46871191  021.79190759
111  61.46863069  021.79161537
111  61.46870950  021.79138628
111  61.46880127  021.79126700
111  61.46894083  021.79147743
112  61.46901529  021.79173004  61.46902740  021.79183985
111  61.46903044  021.79196947
112  61.46918712  021.79220542  61.46922460  021.79226196
111  61.46918712  021.79220542
112  61.46918712  021.79220542  61.46920806  021.79218696
112  61.46926125  021.79204727  61.46930038  021.79199766
111  61.46926125  021.79204727
112  61.46926125  021.79204727  61.46928109  021.79207843
111  61.46942561  021.79229344
111  61.46947779  021.79214292
111  61.46925239  021.79180678
111  61.46945955  021.79119218
111  61.46968087  021.79152316
111  61.46982036  021.79111431
111  61.46973853  021.79102475
111  61.46971807  021.79076386
112  61.46954644  021.79049361  61.46951894  021.79044675
112  61.46951660  021.79019495  61.46954985  021.79009053
111  61.46951660  021.79019495
112  61.46951660  021.79019495  61.46953387  021.79014140
111  61.46960232  021.78994753
111  61.46930461  021.78949698
112  61.46954241  021.78880198  61.46957161  021.78871657
111  61.46968353  021.78880869
111  61.46961045  021.78831548
112  61.46943351  021.78885978  61.46937695  021.78902893
113  61.46906964  021.78991190
111  61.46909809  021.79036654
111  61.46912803  021.79040843
111  61.46925619  021.79060232
111  61.46931625  021.79056661
111  61.46939475  021.79068464
111  61.46932360  021.79088971
111  61.46926901  021.79081058
111  61.46893129  021.79097601
111  61.46886902  021.79088312
111  61.46886587  021.79077761
111  61.46904749  021.79026109
111  61.46909152  021.79023691
113  61.46912505  021.79028589
112  61.46911846  021.79306009  61.46912577  021.79308878
112  61.46910201  021.79320062  61.46906730  021.79322931
111  61.46900017  021.79323681
111  61.46899607  021.79312475
111  61.46860852  021.79319338
112  61.46859405  021.79302472  61.46862549  021.79293358
112  61.46870693  021.79269491  61.46872628  021.79263162
111  61.46874886  021.79265406
111  61.46900234  021.79301571
113  61.46904978  021.79295578
111  61.46889911  021.79344625
111  61.46888358  021.79348949
111  61.46885303  021.79344518
112  61.46886007  021.79339423  61.46887990  021.79337205
111  61.46886007  021.79339423
112  61.46886007  021.79339423  61.46889937  021.79338483
112  61.46896038  021.79337659  61.46899166  021.79337067
111  61.46896038  021.79337659
112  61.46896038  021.79337659  61.46898871  021.79339221
111  61.46896993  021.79344375
113  61.46894586  021.79351702
111  61.46867790  021.79367363
111  61.46854210  021.79348071
112  61.46872596  021.79343042  61.46873752  021.79342969
114  61.46873830  021.79350001  61.46872133  021.79354810
110 5 0.00 0.0000 Airport gravel
111  61.46930461  021.78949698
111  61.46960232  021.78994753
112  61.46962960  021.78996643  61.46965362  021.79000158
112  61.46984584  021.79028818  61.46986333  021.79031416
112  61.46989825  021.79026903  61.46991517  021.79021824
112  61.47004179  021.78984772  61.47005138  021.78982055
112  61.47003565  021.78975265  61.47001873  021.78972430
113  61.46949399  021.78893635
130 Airport Boundary
111  61.46811615  021.79340960
111  61.46968537  021.78882767
111  61.46956875  021.78836339
111  61.47024513  021.78225994
111  61.47009717  021.77708528
111  61.46946307  021.77628917
111  61.46775099  021.77743910
111  61.46428455  021.78721346
111  61.46233996  021.78478093
111  61.46073356  021.78460402
111  61.45954990  021.78778843
111  61.45959217  021.78946909
111  61.46164809  021.79350541
111  61.46090830  021.79576096
111  61.45524363  021.79810497
111  61.45539159  021.80279298
111  61.45913281  021.80195268
111  61.45361610  021.81791845
111  61.45363723  021.82092585
111  61.45492658  021.82282759
111  61.45907668  021.81560134
111  61.46059644  021.81143421
111  61.46572909  021.80127486
113  61.46688201  021.79568558
120 Taxiline RWY30-A
112  61.46935821  021.78384493  61.46964868  021.78302640 1
112  61.46895264  021.78192712  61.46850773  021.78174069
111  61.46895264  021.78192712
112  61.46895264  021.78192712  61.46849025  021.78176090 1
112  61.46735444  021.78354853  61.46703919  021.78434301
111  61.46735444  021.78354853
112  61.46735444  021.78354853  61.46726571  021.78380606 1
116  61.46711291  021.78425110  61.46705060  021.78443000
120 Taxiline RWY12-B
111  61.46653269  021.78592042 1
112  61.46621295  021.78685107  61.46609915  021.78717757 1
112  61.46633425  021.78815741  61.46658047  021.78852430
111  61.46633425  021.78815741
112  61.46633425  021.78815741  61.46639016  021.78824294 1
111  61.46705414  021.78924059 1
115  61.46768937  021.79019663
120 Taxiline RWY30-B
112  61.46633432  021.78815851  61.46617920  021.78792224 1
112  61.46568481  021.78839067  61.46548215  021.78897866
111  61.46568481  021.78839067
112  61.46568481  021.78839067  61.46563054  021.78855082 1
115  61.46539439  021.78922882
120 Taxiline RWY12-C
112  61.46480905  021.79705244  61.46464701  021.79752378 1
111  61.46443414  021.79723812 1
112  61.46359107  021.79596567  61.46344006  021.79573801
111  61.46359107  021.79596567
112  61.46359107  021.79596567  61.46342753  021.79571882 1
112  61.46351807  021.79468045  61.46367978  021.79420714
111  61.46351807  021.79468045
112  61.46351807  021.79468045  61.46360430  021.79442936 1
115  61.46382345  021.79379022
120 Taxiline RWY30-B
112  61.46359107  021.79596567  61.46347139  021.79578773 1
112  61.46300222  021.79618599  61.46283968  021.79665643 1
115  61.46267915  021.79712268
120 Taxiline D-RWY30
112  61.46174798  021.80593974  61.46161405  021.80632378 1
112  61.46112988  021.80626290  61.46094428  021.80608808
111  61.46112988  021.80626290
112  61.46112988  021.80626290  61.46099975  021.80611777 1
112  61.46080884  021.80566067  61.46068500  021.80528818
111  61.46080884  021.80566067
112  61.46080884  021.80566067  61.46053348  021.80474239 1
112  61.46096279  021.80211434  61.46113029  021.80160632 1
116  61.46133281  021.80101515  61.46143787  021.80071164
120 Taxiline E-RWY30
112  61.45914083  021.81350989  61.45904457  021.81377955 1
112  61.45842691  021.81386130  61.45805657  021.81347556
111  61.45842691  021.81386130
112  61.45842691  021.81386130  61.45826069  021.81364388 1
112  61.45815676  021.81327733  61.45812315  021.81314922
111  61.45815676  021.81327733
112  61.45815676  021.81327733  61.45787641  021.81234711 1
112  61.45839453  021.80954915  61.45857445  021.80904337
111  61.45839453  021.80954915
112  61.45839453  021.80954915  61.45853235  021.80915620 1
115  61.45867136  021.80874423
120 Taxilights E
112  61.45804574  021.81334976  61.45798075  021.81310541 102
116  61.45794410  021.81187721  61.45797875  021.81111205
120 Taxilights F
112  61.45804574  021.81334976  61.45784879  021.81326936 102
116  61.45745342  021.81338765  61.45729189  021.81345977
120 Taxiline F
112  61.45842691  021.81386130  61.45825747  021.81369307 1
112  61.45803727  021.81362709  61.45798235  021.81360229
111  61.45803727  021.81362709
112  61.45803727  021.81362709  61.45768942  021.81349636 1
112  61.45656858  021.81482840  61.45611948  021.81601424
111  61.45656858  021.81482840
112  61.45656858  021.81482840  61.45649145  021.81505350 1
115  61.45639522  021.81533082
120 Taxiline T-RWY17
112  61.46443397  021.79723790  61.46452971  021.79740039 1
112  61.46446939  021.79803916  61.46436310  021.79834223
111  61.46446939  021.79803916
112  61.46446939  021.79803916  61.46442305  021.79817149 1
112  61.46419658  021.79841686  61.46405510  021.79845733
111  61.46419658  021.79841686
112  61.46419658  021.79841686  61.46409286  021.79844283 1
116  61.46402821  021.79845618  61.46398121  021.79846579
120 Taxiline RWY17-T
111  61.46402821  021.79845618 1
112  61.46416715  021.79866511  61.46419679  021.79882260
111  61.46416715  021.79866511
112  61.46416715  021.79866511  61.46419861  021.79883215 1
115  61.46412610  021.79903580
120 Taxiline RWY12-V
111  61.46600402  021.78740775 1
112  61.46571247  021.78825276  61.46551854  021.78881332
111  61.46571247  021.78825276
112  61.46571247  021.78825276  61.46563673  021.78847565 1
116  61.46525474  021.78838816  61.46495588  021.78821967
120 Taxiline RWY30-V
111  61.46510442  021.79001400 1
112  61.46539800  021.78916380  61.46549823  021.78887308 1
116  61.46525474  021.78838816  61.46510037  021.78830944
120 Taxiline RWY30-Y
112  61.46289517  021.79476998  61.46313401  021.79518022 1
112  61.46298969  021.79614768  61.46287088  021.79651697
111  61.46298969  021.79614768
112  61.46298969  021.79614768  61.46287493  021.79648029 1
115  61.46266570  021.79709590
120 Taxiline RWY12-Y
111  61.46380991  021.79376832 1
112  61.46350409  021.79465562  61.46333737  021.79513811
111  61.46350409  021.79465562
112  61.46350409  021.79465562  61.46339582  021.79496735 1
116  61.46289517  021.79476998  61.46270037  021.79443554
120 Taxiline V-Y
111  61.46525474  021.78838816 1
111  61.46476259  021.78809694 1
112  61.46455540  021.78797953  61.46449680  021.78794635
111  61.46455540  021.78797953
112  61.46455540  021.78797953  61.46443387  021.78790411 1
111  61.46430490  021.78772951 1
111  61.46364526  021.78683593 1
112  61.46305152  021.78606830  61.46298189  021.78597702
111  61.46305152  021.78606830
112  61.46305152  021.78606830  61.46277229  021.78574735 1
111  61.46257201  021.78572374 1
112  61.46210809  021.78591256  61.46184962  021.78615612
111  61.46210809  021.78591256
112  61.46210809  021.78591256  61.46196804  021.78603973 1
111  61.46095916  021.78694412 1
112  61.46075214  021.78713796  61.46071674  021.78717114
111  61.46075214  021.78713796
112  61.46075214  021.78713796  61.46070995  021.78717878 1
112  61.46063355  021.78734043  61.46058202  021.78748881
111  61.46063355  021.78734043
112  61.46063355  021.78734043  61.46058447  021.78749605 1
112  61.46019805  021.78872812  61.46013384  021.78892567
111  61.46019805  021.78872812
112  61.46019805  021.78872812  61.46004763  021.78927381 1
112  61.46025751  021.78972559  61.46031278  021.78984840
111  61.46025751  021.78972559
112  61.46025751  021.78972559  61.46032475  021.78985919 1
111  61.46140604  021.79192028 1
111  61.46263557  021.79427911 1
115  61.46289517  021.79476998
120 Taxiline T
111  61.46935824  021.78384473 1
115  61.45914073  021.81351009
120 Taxiline W
111  61.46709809  021.78423012 1
112  61.46740472  021.78333262  61.46745546  021.78317738
111  61.46740472  021.78333262
112  61.46740472  021.78333262  61.46751791  021.78300035 1
112  61.46734412  021.78258692  61.46727646  021.78247797
111  61.46734412  021.78258692
112  61.46734412  021.78258692  61.46729858  021.78251065 1
115  61.46528952  021.77926375
120 Taxiline T-Apron
112  61.46759361  021.78896814  61.46741027  021.78950273 1
116  61.46768937  021.79019663  61.46781911  021.79039449
120 Taxiline Apron-T
112  61.46710575  021.79038456  61.46720681  021.79009080 1
116  61.46768937  021.79019663  61.46792559  021.79055370
120 Taxiline B-T
112  61.46700388  021.78916508  61.46719132  021.78944732 1
116  61.46710572  021.79038467  61.46695780  021.79080920
120 Taxiline T-B
112  61.46700388  021.78916508  61.46719107  021.78945566 1
116  61.46759369  021.78896791  61.46775416  021.78850126
120 Taxiline Stand 0
112  61.46768937  021.79019663  61.46778572  021.79034270 1
112  61.46795649  021.79019780  61.46803338  021.79012295
111  61.46795649  021.79019780
112  61.46795649  021.79019780  61.46800057  021.79015733 1
112  61.46832365  021.78985303  61.46842689  021.78975585 1
112  61.46854739  021.78989382  61.46858038  021.78994323 1
115  61.46877800  021.79024029
120 Taxiline Stand 1
111  61.46813536  021.79003020 1
111  61.46860190  021.79073437 1
115  61.46866614  021.79054496
120 Taxiline Stand 2
111  61.46768937  021.79019663 1
112  61.46784059  021.79047126  61.46787271  021.79057880
111  61.46784059  021.79047126
112  61.46784059  021.79047126  61.46785248  021.79051178 1
112  61.46789078  021.79064185  61.46790083  021.79067725
111  61.46789078  021.79064185
112  61.46789078  021.79064185  61.46790860  021.79070691 1
112  61.46796422  021.79078509  61.46798794  021.79082261
111  61.46796422  021.79078509
112  61.46796422  021.79078509  61.46797791  021.79080624 1
111  61.46837215  021.79140044 1
115  61.46843481  021.79121879
120 Taxiline Stand 3
112  61.46768937  021.79019663  61.46781237  021.79038921 1
112  61.46780697  021.79076757  61.46778204  021.79093349
111  61.46780697  021.79076757
112  61.46780697  021.79076757  61.46778697  021.79090027 1
112  61.46777834  021.79095604  61.46776010  021.79107408
111  61.46777834  021.79095604
112  61.46777834  021.79095604  61.46771318  021.79161414 1
112  61.46795710  021.79218616  61.46806567  021.79245346
111  61.46795710  021.79218616
112  61.46795710  021.79218616  61.46801027  021.79212018 1
115  61.46801286  021.79211635
120 Aviation academy apron line 1
112  61.46083144  021.78706290  61.46079130  021.78709933 1
112  61.46065944  021.78702187  61.46062917  021.78693413 1
112  61.46002667  021.78519024  61.45998781  021.78507827 1
112  61.45994235  021.78516221  61.45993800  021.78517387 1
115  61.45949511  021.78632046
120 Aviation academy apron line 2
112  61.45994235  021.78516221  61.45995768  021.78512281 1
112  61.45992198  021.78500952  61.45989836  021.78496841 1
115  61.45970779  021.78464082
120 Aviation academy apron line 3
112  61.45983553  021.78543905  61.45982975  021.78545403 1
112  61.45982959  021.78557959  61.45985526  021.78565380 1
112  61.46046930  021.78743743  61.46049464  021.78751107 1
116  61.46047246  021.78785618  61.46042266  021.78801399
120 Aviation academy apron line 4
112  61.46065944  021.78702187  61.46068342  021.78710098 1
112  61.46063355  021.78734043  61.46059274  021.78746647
111  61.46063355  021.78734043
112  61.46063355  021.78734043  61.46057812  021.78751156 1
116  61.46046930  021.78743743  61.46045243  021.78739087
120 Aviation academy apron line 5
111  61.46065944  021.78702187 1
112  61.46059458  021.78702249  61.46055912  021.78708780
111  61.46059458  021.78702249
112  61.46059458  021.78702249  61.46056990  021.78708483 1
112  61.46047372  021.78733001  61.46045673  021.78737347 1
115  61.46046930  021.78743743
120 Aviation academy apron line 6
112  61.46058913  021.78681776  61.46057778  021.78678484 1
112  61.46051541  021.78679606  61.46049014  021.78684679
111  61.46051541  021.78679606
112  61.46051541  021.78679606  61.46049117  021.78685381 1
112  61.46039401  021.78709862  61.46037735  021.78713795
111  61.46039401  021.78709862
112  61.46039401  021.78709862  61.46037309  021.78715296 1
115  61.46039433  021.78721950
120 Aviation academy apron line 7
112  61.46051089  021.78659193  61.46049097  021.78653354 1
112  61.46043798  021.78656707  61.46042204  021.78660584 1
112  61.46031717  021.78687332  61.46030030  021.78691502
111  61.46031717  021.78687332
112  61.46031717  021.78687332  61.46030086  021.78691621 1
116  61.46031970  021.78700263  61.46033353  021.78704041
120 Aviation academy apron line 8
112  61.46043038  021.78635808  61.46040848  021.78629408 1
112  61.46035598  021.78633973  61.46033785  021.78638240 1
112  61.46024030  021.78664057  61.46022314  021.78668498 1
116  61.46024034  021.78677239  61.46024959  021.78679934
120 Aviation academy apron line 9
112  61.46035099  021.78612787  61.46033181  021.78607243 1
112  61.46027866  021.78611105  61.46026093  021.78615456 1
112  61.46015499  021.78642481  61.46014135  021.78645871 1
116  61.46016587  021.78655595  61.46017972  021.78659743
120 Aviation academy apron line 10
112  61.46027207  021.78589953  61.46024930  021.78583346 1
112  61.46019925  021.78587758  61.46018733  021.78590947 1
112  61.46007799  021.78619301  61.46006275  021.78622973 1
116  61.46008491  021.78632101  61.46009619  021.78635419
120 Aviation academy apron line 11
112  61.46019729  021.78568237  61.46017228  021.78561113 1
112  61.46012119  021.78565241  61.46010804  021.78568749 1
112  61.46000059  021.78596304  61.45998481  021.78600389 1
116  61.46000922  021.78610095  61.46002210  021.78614094
120 Aviation academy apron line 12
112  61.46011619  021.78544926  61.46009560  021.78538852 1
112  61.46004151  021.78542682  61.46002435  021.78546862 1
112  61.45992034  021.78573929  61.45990184  021.78578512 1
116  61.45993083  021.78587370  61.45994216  021.78590689
120 Aviation academy apron line 13
112  61.46016587  021.78655595  61.46011851  021.78641642 1
112  61.45999198  021.78649404  61.45995211  021.78656358 1
112  61.45998051  021.78689014  61.46004407  021.78707525 1
115  61.46029592  021.78779336
120 Apron ground traffic line 1
111  61.46900435  021.79011528 20
115  61.46807620  021.79281567
120 Apron ground traffic line 2
111  61.46901935  021.79014335 22
115  61.46809025  021.79283603
120 Apron ground traffic line 3
111  61.46903749  021.79016972 20
115  61.46810504  021.79285702
120 GA Parking lines
111  61.46643998  021.79493864 1
115  61.46634488  021.79491405
120 GA Parking lines
111  61.46645725  021.79468424 1
115  61.46636136  021.79466032
120 GA Parking lines
111  61.46647039  021.79448902 1
115  61.46642661  021.79513572
120 GA Parking lines
111  61.46662474  021.79519617 1
111  61.46663556  021.79500557 1
111  61.46653997  021.79497862 1
115  61.46652857  021.79516641
120 GA Parking lines
111  61.46666660  021.79454619 1
111  61.46665366  021.79474755 1
111  61.46655526  021.79472259 1
115  61.46656917  021.79451585
120 Private refuel area line
111  61.46516162  021.77843625 20
111  61.46522548  021.77853884 20
111  61.46516130  021.77870839 20
115  61.46511773  021.77863828
120 Taxiway hold A
111  61.46766895  021.78908075 8
115  61.46751707  021.78885204
120 Taxiway hold B
111  61.46706156  021.78900108 8
115  61.46694555  021.78933096
120 Taxiway hold C
111  61.46702449  021.79028243 8
115  61.46717313  021.79051243
120 Taxiway hold Apron
111  61.46773022  021.79001092 8
115  61.46761840  021.79033055
120 Runway Hold A
111  61.46893823  021.78213132 4
115  61.46896972  021.78170785
120 Runway hold B
111  61.46655893  021.78875629 4
115  61.46667605  021.78841473
120 Runway hold C 12/30
111  61.46384705  021.79660438 4
115  61.46396418  021.79626268
120 Runway hold C 17/35
111  61.46422557  021.79666750 4
115  61.46410782  021.79700097
120 Runway hold D
111  61.46071936  021.80576983 4
115  61.46090154  021.80554654
120 Runway Hold E
111  61.45807797  021.81336564 4
115  61.45825124  021.81316955
120 Runway hold F
111  61.45801720  021.81385508 4
115  61.45805304  021.81342310
120 Runway hold 17 T
111  61.46501183  021.79680605 4
115  61.46485592  021.79657093
120 Runway hold 17 T
111  61.46368393  021.79995118 4
115  61.46385121  021.80020788
120 Runway hold V
111  61.46478098  021.78794639 4
115  61.46474377  021.78823602
120 Runway hold W
111  61.46693374  021.78185898 4
115  61.46690074  021.78195013
120 Runway hold Y
111  61.46268554  021.79416457 4
115  61.46258840  021.79438526
120 GA Runway hold
111  61.46678692  021.79269874 8
115  61.46691733  021.79274074
21  61.45885421  021.80647179 2 305.7600 3.0 30  PAPI-4L
21  61.46668233  021.78725358 2 125.7900 3.5 12  PAPI-4L
20  61.46733769  021.78495824 305.9400 0 3 {@Y}A{^r}
20  61.46569482  021.78974902 305.8000 0 3 {@Y}B{^r}
20  61.46674823  021.78820229 215.5400 0 3 {@R}12-30{@L}B
20  61.46714059  021.78879019 215.1300 0 3 {@Y}B
20  61.46692017  021.79010990 125.7700 0 3 {@Y}T|{@Y}C{^u}D{^u}E{^u}F{^u}
20  61.46778366  021.78923744 305.6400 0 3 {@Y}A
20  61.46891976  021.78238743 190.9200 0 3 {@L}A{@R}12
20  61.46899339  021.78145609 189.0100 0 3 {@R}12{@L}A
20  61.46648488  021.78897879 215.7500 0 3 {@L}B{@R}12-30
20  61.46377213  021.79683189 215.5200 0 3 {@L}C{@R}12-30
20  61.46402976  021.79724277 34.5900 0 3 {@R}17{@L}C
20  61.46429932  021.79645494 36.8700 0 3 {@L}C{@R}17
20  61.46404206  021.79606105 216.7500 0 3 {@R}12-30{@L}C
20  61.46061944  021.80589857 225.2900 0 3 {@L}D{@R}30
20  61.46172735  021.80519568 125.8800 0 3 {@Y}D{^r}
20  61.46162581  021.80155052 126.2300 0 3 {@Y}{^l}D
20  61.46101488  021.80543027 237.9900 0 3 {@R}30{@L}D
20  61.45833475  021.81293836 239.4700 0 3 {@R}30{@L}E
20  61.45899576  021.80916016 126.8700 0 3 {@Y}{^l}E
20  61.45798451  021.81409653 189.0600 0 3 {@L}F{@R}30
20  61.45782072  021.81413484 357.3400 0 3 {@Y}F
20  61.45842596  021.81450738 14.3000 0 3 {@Y}T
20  61.46358902  021.79981075 305.6000 0 3 {@L}T{@R}17
20  61.46394789  021.80034889 305.8800 0 3 {@R}17{@L}T
20  61.46511981  021.79695787 126.0300 0 3 {@L}T{@R}17
20  61.46475202  021.79641674 126.9800 0 3 {@R}17{@L}T
20  61.46475203  021.79629304 125.6800 0 3 {@Y}C{^r}
20  61.46132788  021.80783165 125.1100 0 3 {@Y}T|{@Y}E{^u}F{^u}
20  61.46480526  021.78774822 5.3800 0 3 {@L}V{@R}12-30
20  61.46471787  021.78843080 26.5600 0 3 {@R}12-30{@L}V
20  61.46570836  021.78686994 126.3300 0 3 {@Y}V{^r}
20  61.46477755  021.78959781 305.5400 0 3 {@Y}{^l}V
20  61.46097678  021.78719842 350.3100 0 3 {@L}V
20  61.46699917  021.78165510 36.0400 0 3 {@L}W{@R}12
20  61.46682966  021.78215428 36.3000 0 3 {@R}12{@L}W
20  61.46678700  021.78378628 305.7600 0 3 {@Y}{^l}W
20  61.46573815  021.77984974 36.1600 0 3 {@L}W
20  61.46275748  021.79399898 37.6200 0 3 {@L}Y{@R}12-30
20  61.46251094  021.79455705 43.1900 0 3 {@R}12-30{@L}Y
20  61.46415607  021.79421848 125.7600 0 3 {@Y}{^l}C
20  61.46298159  021.79761021 305.6400 0 3 {@Y}C{^r}
20  61.46234573  021.79665499 304.9200 0 3 {@Y}{^l}Y
20  61.46352157  021.79326045 125.7700 0 3 {@Y}Y{^r}
20  61.46044529  021.78837469 102.5900 0 3 {@L}Y
20  61.46246505  021.79597852 304.9900 0 4 {@Y}1000
20  61.46324662  021.79717649 306.2900 0 4 {@Y}1000
14  61.46818052  021.79293794   0.00 0 Tower Viewpoint
1300  61.46856246  021.79067776  35.84 gate jets|turboprops Gate 1
1300  61.46833014  021.79134087  36.38 gate jets|turboprops Gate 2
1300  61.46791500  021.79208122  43.92 gate heavy|jets|turboprops Gate 3
1300  61.46538975  021.77818670 127.41 hangar props Private hangar
1300  61.46525719  021.77992524 307.96 hangar props Private hangar
1300  61.46664062  021.79464641   8.37 tie_down props General aviation parking
1300  61.46661462  021.79510041   7.24 tie_down props General aviation parking
1300  61.46643173  021.79480540   7.24 tie_down props General aviation parking
1300  61.46641573  021.79503764   7.24 tie_down props General aviation parking
1300  61.46644672  021.79458362   7.24 tie_down props General aviation parking
1300  61.46052943  021.78719544 308.59 tie_down props Aviation Academy
1300  61.46045050  021.78696538 311.07 tie_down props Aviation Academy
1300  61.46037247  021.78674117 309.19 tie_down props Aviation Academy
1300  61.46028976  021.78651201 308.59 tie_down props Aviation Academy
1300  61.46021230  021.78628181 309.90 tie_down props Aviation Academy
1300  61.46013233  021.78604720 309.09 tie_down props Aviation Academy
1300  61.46005445  021.78582182 308.60 tie_down props Aviation Academy
1300  61.45997720  021.78559292 308.47 tie_down props Aviation Academy
1300  61.45955549  021.78617431 331.19 hangar jets|turboprops|props Aviation Academy
1300  61.45975156  021.78473799  11.31 hangar jets|turboprops|props Aviation Academy
1300  61.46008962  021.78719318 232.76 tie_down jets|turboprops|props Aviation Academy
18  61.46459034  021.79585653 1 BCN
19  61.46730826  021.79226957 1 WS
19  61.46375699  021.80215748 0 WS
54 11925 TWR
54 11970 TWR
55 12865 APP
50 11320 ATIS
1000 All traffic RWY 12
1002 EFPO 0
1003 EFPO 0
1101 12 left
1100 12  13300 arrivals|departures heavy|jets|turboprops|props 000000 000000 RWY 12 all
1000 All traffic RWY 30
1002 EFPO 0
1003 EFPO 0
1101 30 left
1100 30  13300 arrivals|departures heavy|jets|turboprops|props 000000 000000 RWY 30 all
1200 
1201  61.46733739  021.78357070 both 0 A_stop
1201  61.46750772  021.78320068 both 1 A_stop
1201  61.46784352  021.78268237 both 2 A_stop
1201  61.46829884  021.78217001 both 3 A_stop
1201  61.46867163  021.78192575 both 4 A_stop
1201  61.46899304  021.78194862 both 5 A_stop
1201  61.46925599  021.78217798 both 6 A_stop
1201  61.46945841  021.78272406 both 7 A_stop
1201  61.46948398  021.78330812 both 8 A_stop
1201  61.46935821  021.78384493 both 9 A_stop
1201  61.46759369  021.78896791 both 10 A_stop
1201  61.46751903  021.78925806 both 11 A_stop
1201  61.46750622  021.78961391 both 12 A_stop
1201  61.46756457  021.78992943 both 13 A_stop
1201  61.46590753  021.78798385 both 14 B_stop
1201  61.46613411  021.78794863 both 15 B_stop
1201  61.46663065  021.78860401 both 16 B_stop
1201  61.46612440  021.78732251 both 17 B_stop
1201  61.46617706  021.78782748 both 18 B_stop
1201  61.46633425  021.78815741 both 19 B_stop
1201  61.46714125  021.78932311 both 20 B_stop
1201  61.46733076  021.78935348 both 21 B_stop
1201  61.46748672  021.78920731 both 22 B_stop
1201  61.46711609  021.78938903 both 23 B_stop
1201  61.46718774  021.78973475 both 24 B_stop
1201  61.46718000  021.79010095 both 25 B_stop
1201  61.46700388  021.78916508 both 26 B_stop
1201  61.46318300  021.79585914 both 27 C_stop
1201  61.46340335  021.79580808 both 28 C_stop
1201  61.46453187  021.79774743 both 29 C_stop
1201  61.46451665  021.79745705 both 30 C_stop
1201  61.46415525  021.79681721 both 31 C_stop
1201  61.46443397  021.79723790 both 32 C_stop
1201  61.46457178  021.79733982 both 33 C_stop
1201  61.46341796  021.79516853 both 34 C_stop
1201  61.46345787  021.79564959 both 35 C_stop
1201  61.46359107  021.79596567 both 36 C_stop
1201  61.46391741  021.79645803 both 37 C_stop
1201  61.46470787  021.79726958 both 38 C_stop
1201  61.46110653  021.80628529 both 39 D_stop
1201  61.46148636  021.80633069 both 40 D_stop
1201  61.46071972  021.80348309 both 41 D_stop
1201  61.46068312  021.80497933 both 42 D_stop
1201  61.46082277  021.80570246 both 43 D_start
1201  61.45801408  021.81164386 both 44 E_stop
1201  61.45790873  021.81145388 both 45 E_stop
1201  61.45839453  021.80954915 both 46 E_stop
1201  61.45810766  021.81106126 both 47 E_stop
1201  61.45804123  021.81217536 both 48 E_stop
1201  61.45807157  021.81287406 both 49 E_stop
1201  61.45817401  021.81333265 both 50 E_stop
1201  61.45827646  021.81360661 both 51 E_stop
1201  61.46413715  021.79854737 both 52 T_stop
1201  61.46417985  021.79877869 both 53 T_stop
1201  61.46674668  021.79164697 both 54 T_stop
1201  61.46684916  021.79168396 both 55 T_stop
1201  61.46689942  021.79190752 both 56 T_stop
1201  61.46685775  021.79277177 both 57 T_stop
1201  61.46672518  021.79465094 both 58 T_start
1201  61.45842691  021.81386130 both 59 T_stop
1201  61.45868300  021.81403206 both 60 T_stop
1201  61.45894763  021.81388779 both 61 T_stop
1201  61.45914083  021.81350989 both 62 T_stop
1201  61.46174798  021.80593974 both 63 T_stop
1201  61.46375047  021.80012791 both 64 T_stop
1201  61.46412610  021.79903580 both 65 T_stop
1201  61.46419637  021.79841428 both 66 T_stop
1201  61.46434182  021.79831881 both 67 T_stop
1201  61.46446939  021.79803916 both 68 T_stop
1201  61.46480905  021.79705244 both 69 T_stop
1201  61.46494998  021.79664298 both 70 T_stop
1201  61.46660566  021.79183652 both 71 T_stop
1201  61.46695295  021.79082917 both 72 T_stop
1201  61.46710575  021.79038456 both 73 T_stop
1201  61.46734763  021.78968231 both 74 T_stop(split)
1201  61.46721600  021.79015205 both 75 T_stop
1201  61.46736977  021.79001719 both 76 T_stop
1201  61.46753107  021.79002635 both 77 T_stop
1201  61.46768937  021.79019663 both 78 T_start
1201  61.46069444  021.78719441 both 79 V_stop
1201  61.46063355  021.78734043 both 80 V_stop
1201  61.46054357  021.78748726 both 81 V_stop
1201  61.46046930  021.78743743 both 82 V_start
1201  61.46072403  021.78709572 both 83 V_stop
1201  61.46065944  021.78702187 both 84 V_start
1201  61.46562142  021.78843822 both 85 V_stop
1201  61.46545851  021.78848298 both 86 V_stop
1201  61.46544619  021.78889472 both 87 V_stop
1201  61.46539987  021.78856761 both 88 V_stop
1201  61.46525474  021.78838816 both 89 V_stop
1201  61.46475512  021.78809274 both 90 V_stop
1201  61.46455540  021.78797953 both 91 V_stop
1201  61.46430490  021.78772951 both 92 V_stop
1201  61.46364526  021.78683593 both 93 V_stop
1201  61.46305152  021.78606830 both 94 V_stop
1201  61.46280407  021.78582530 both 95 V_stop
1201  61.46257201  021.78572374 both 96 V_stop
1201  61.46234890  021.78573956 both 97 V_stop
1201  61.46210809  021.78591256 both 98 V_stop
1201  61.46095916  021.78694412 both 99 V_stop
1201  61.46083144  021.78706290 both 100 V_start
1201  61.46334132  021.79491088 both 101 Y_stop
1201  61.46310090  021.79497739 both 102 Y_stop
1201  61.46308356  021.79566689 both 103 Y_stop
1201  61.46304564  021.79513973 both 104 Y_stop
1201  61.46289517  021.79476998 both 105 Y_stop
1201  61.46067498  021.78715435 both 106 Y_stop
1201  61.46050500  021.78764214 both 107 Y_stop
1201  61.46262201  021.79425114 both 108 Y_stop
1201  61.46140604  021.79192028 both 109 Y_stop
1201  61.46025751  021.78972559 both 110 Y_stop
1201  61.46016081  021.78948080 both 111 Y_stop
1201  61.46012874  021.78907228 both 112 Y_stop
1201  61.46019805  021.78872812 both 113 Y_stop
1201  61.46047246  021.78785618 both 114 Y_start
1201  61.46770989  021.78275423 both 115 W_stop
1201  61.46751392  021.78273607 both 116 W_stop
1201  61.46739974  021.78336441 both 117 W_stop
1201  61.46745319  021.78309138 both 118 W_stop
1201  61.46743823  021.78282283 both 119 W_stop
1201  61.46734415  021.78258114 both 120 W_stop
1201  61.46690659  021.78187824 both 121 W_stop
1201  61.46542439  021.77948272 both 122 W_stop
1201  61.46520882  021.77913334 both 123 W_start
1201  61.45686910  021.80006317 both 124 17/35_stop
1201  61.46402821  021.79845618 both 125 17/35_start
1201  61.46097050  021.80203453 both 126 12/30_stop
1201  61.45776304  021.81136238 both 127 12/30_stop
1201  61.46298623  021.79618793 both 128 12/30_stop
1201  61.46204896  021.79889936 both 129 12/30_stop(split)
1201  61.46352022  021.79464168 both 130 12/30_stop
1201  61.46325964  021.79539622 both 131 12/30_stop(split)
1201  61.46538955  021.78920560 both 132 12/30_stop
1201  61.46571646  021.78828002 both 133 12/30_stop
1201  61.46621034  021.78685707 both 134 12/30_stop
1202 1 0 twoway taxiway A
1204 departure 30
1204 arrival 12
1204 ils 30
1202 2 1 twoway taxiway A
1204 departure 30
1204 arrival 12
1204 ils 30
1202 3 2 twoway taxiway A
1204 departure 30
1204 arrival 12
1204 ils 30
1202 2 115 twoway taxiway W
1204 departure 12,30
1204 arrival 12,30
1204 ils 12,30
1202 4 3 twoway taxiway A
1204 departure 30
1204 arrival 12
1204 ils 30
1202 5 4 twoway taxiway A
1204 departure 30
1204 arrival 12
1204 ils 30
1202 6 5 twoway taxiway A
1202 7 6 twoway taxiway A
1202 8 7 twoway taxiway A
1202 9 8 twoway taxiway A
1202 10 9 twoway taxiway A
1202 11 10 twoway taxiway A
1202 12 11 twoway taxiway A
1202 13 12 twoway taxiway A
1202 78 13 twoway taxiway A
1202 74 78 twoway taxiway B
1202 14 133 twoway taxiway B
1204 departure 12,30
1204 arrival 12,30
1204 ils 30
1202 15 14 twoway taxiway B
1204 departure 12,30
1204 arrival 12,30
1204 ils 30
1202 19 15 twoway taxiway B
1204 departure 12,30
1204 arrival 12,30
1204 ils 30
1202 17 134 twoway taxiway B
1204 departure 12,30
1204 arrival 12,30
1204 ils 30
1202 18 17 twoway taxiway B
1204 departure 12,30
1204 arrival 12,30
1204 ils 30
1202 19 18 twoway taxiway B
1204 departure 12,30
1204 arrival 12,30
1204 ils 30
1202 16 19 twoway taxiway B
1204 departure 12,30
1204 arrival 12,30
1204 ils 30
1202 21 20 twoway taxiway B
1202 22 21 twoway taxiway B
1202 10 22 twoway taxiway B
1202 24 23 twoway taxiway B
1202 25 24 twoway taxiway B
1202 73 25 twoway taxiway B
1202 20 26 twoway taxiway B
1202 23 26 twoway taxiway B
1202 26 16 twoway taxiway B
1202 26 74 twoway taxiway B
1202 27 128 twoway taxiway C
1204 departure 12,30
1204 arrival 12,30
1204 ils 30
1202 28 27 twoway taxiway C
1204 departure 12,30
1204 arrival 12,30
1204 ils 30
1202 36 28 twoway taxiway C
1204 departure 12,30
1204 arrival 12,30
1204 ils 30
1202 29 68 twoway taxiway C
1204 departure 35
1204 arrival 17
1202 30 29 twoway taxiway C
1204 departure 35
1204 arrival 17
1202 32 30 twoway taxiway C
1204 departure 35
1204 arrival 17
1202 32 31 twoway taxiway C
1204 departure 35
1204 arrival 17
1202 33 32 twoway taxiway C
1204 departure 35
1204 arrival 17
1202 38 33 twoway taxiway C
1204 departure 35
1204 arrival 17
1202 34 130 twoway taxiway C
1204 departure 12,30
1204 arrival 12,30
1204 ils 30
1202 35 34 twoway taxiway C
1204 departure 12,30
1204 arrival 12,30
1204 ils 30
1202 36 35 twoway taxiway C
1204 departure 12,30
1204 arrival 12,30
1204 ils 30
1202 37 36 twoway taxiway C
1204 departure 12,30
1204 arrival 12,30
1204 ils 30
1202 31 37 twoway taxiway C
1202 69 38 twoway taxiway C
1204 departure 35
1204 arrival 17
1202 39 43 twoway taxiway D
1202 40 39 twoway taxiway D
1202 63 40 twoway taxiway D
1202 41 126 twoway taxiway D
1204 departure 12,30
1204 arrival 12,30
1204 ils 30
1202 42 41 twoway taxiway D
1204 departure 12,30
1204 arrival 12,30
1204 ils 30
1202 43 42 twoway taxiway D
1204 departure 12,30
1204 arrival 12,30
1204 ils 30
1202 44 48 twoway taxiway E
1204 departure 12,30
1204 arrival 12,30
1204 ils 12,30
1202 45 44 twoway taxiway E
1204 departure 12,30
1204 arrival 12,30
1204 ils 12,30
1202 127 45 twoway taxiway E
1204 departure 12,30
1204 arrival 12,30
1204 ils 12,30
1202 47 46 twoway taxiway E
1204 departure 12,30
1204 arrival 12,30
1204 ils 30
1202 48 47 twoway taxiway E
1204 departure 12
1204 arrival 30
1204 ils 30
1202 49 48 twoway taxiway E
1204 departure 12
1204 arrival 30
1204 ils 30
1202 50 49 twoway taxiway E
1204 departure 12
1204 arrival 30
1204 ils 30
1202 51 50 twoway taxiway E
1202 59 51 twoway taxiway E
1202 52 125 twoway taxiway T
1204 departure 17,35
1204 arrival 17,35
1202 53 52 twoway taxiway T
1204 departure 17,35
1204 arrival 17,35
1202 65 53 twoway taxiway T
1204 departure 17,35
1204 arrival 17,35
1202 54 71 twoway taxiway T
1202 55 54 twoway taxiway T
1202 56 55 twoway taxiway T
1202 56 72 twoway taxiway T
1202 57 56 twoway taxiway T
1202 58 57 twoway taxiway T
1202 60 59 twoway taxiway T
1202 61 60 twoway taxiway T
1202 62 61 twoway taxiway T
1202 63 62 twoway taxiway T
1202 64 63 twoway taxiway T
1202 65 64 twoway taxiway T
1204 departure 35
1204 arrival 17
1202 68 65 twoway taxiway T
1204 departure 35
1204 arrival 17
1202 69 68 twoway taxiway T
1204 departure 35
1204 arrival 17
1202 66 125 twoway taxiway T
1204 departure 17,35
1204 arrival 17,35
1202 67 66 twoway taxiway T
1204 departure 17,35
1204 arrival 17,35
1202 68 67 twoway taxiway T
1204 departure 17,35
1204 arrival 17,35
1202 70 69 twoway taxiway T
1204 departure 35
1204 arrival 17
1202 71 70 twoway taxiway T
1202 72 71 twoway taxiway T
1202 73 72 twoway taxiway T
1202 73 74 twoway taxiway T
1202 74 10 twoway taxiway T
1202 75 73 twoway taxiway T
1202 76 75 twoway taxiway T
1202 77 76 twoway taxiway T
1202 78 77 twoway taxiway T
1202 79 100 twoway taxiway V
1202 80 79 twoway taxiway V
1202 81 80 twoway taxiway V
1202 82 81 twoway taxiway V
1202 83 100 twoway taxiway V
1202 84 83 twoway taxiway V
1202 86 85 twoway taxiway V
1204 departure 12,30
1204 arrival 12,30
1204 ils 12,30
1202 89 86 twoway taxiway V
1204 departure 12,30
1204 arrival 12,30
1204 ils 12,30
1202 88 87 twoway taxiway V
1204 departure 12,30
1204 arrival 12,30
1204 ils 12,30
1202 89 88 twoway taxiway V
1204 departure 12,30
1204 arrival 12,30
1204 ils 12,30
1202 90 89 twoway taxiway V
1204 departure 12,30
1204 arrival 12,30
1204 ils 12,30
1202 91 90 twoway taxiway V
1202 92 91 twoway taxiway V
1202 93 92 twoway taxiway V
1202 94 93 twoway taxiway V
1202 95 94 twoway taxiway V
1202 96 95 twoway taxiway V
1202 97 96 twoway taxiway V
1202 98 97 twoway taxiway V
1202 99 98 twoway taxiway V
1202 100 99 twoway taxiway V
1202 133 85 twoway taxiway V
1204 departure 12,30
1204 arrival 12,30
1204 ils 12,30
1202 132 87 twoway taxiway V
1204 departure 12,30
1204 arrival 12,30
1204 ils 12,30
1202 102 101 twoway taxiway Y
1204 departure 12,30
1204 arrival 12,30
1204 ils 12,30
1202 105 102 twoway taxiway Y
1204 departure 12,30
1204 arrival 12,30
1204 ils 12,30
1202 104 103 twoway taxiway Y
1204 departure 12,30
1204 arrival 12,30
1204 ils 12,30
1202 105 104 twoway taxiway Y
1204 departure 12,30
1204 arrival 12,30
1204 ils 12,30
1202 108 105 twoway taxiway Y
1204 departure 12,30
1204 arrival 12,30
1204 ils 12,30
1202 80 114 twoway taxiway Y
1202 106 80 twoway taxiway Y
1202 84 106 twoway taxiway Y
1202 107 114 twoway taxiway Y
1202 82 107 twoway taxiway Y
1202 109 108 twoway taxiway Y
1202 110 109 twoway taxiway Y
1202 111 110 twoway taxiway Y
1202 112 111 twoway taxiway Y
1202 113 112 twoway taxiway Y
1202 114 113 twoway taxiway Y
1202 130 101 twoway taxiway Y
1204 departure 12,30
1204 arrival 12,30
1204 ils 12,30
1202 128 103 twoway taxiway Y
1204 departure 12,30
1204 arrival 12,30
1204 ils 12,30
1202 131 105 twoway taxiway Y
1204 departure 12,30
1204 arrival 12,30
1204 ils 12,30
1202 36 131 twoway taxiway Y
1204 departure 12,30
1204 arrival 12,30
1204 ils 12,30
1202 116 115 twoway taxiway W
1204 departure 30
1204 arrival 12
1204 ils 30
1202 116 120 twoway taxiway W
1204 departure 12,30
1204 arrival 12,30
1204 ils 12,30
1202 117 0 twoway taxiway W
1204 departure 30
1204 arrival 12
1204 ils 30
1202 118 117 twoway taxiway W
1204 departure 30
1204 arrival 12
1204 ils 30
1202 119 118 twoway taxiway W
1204 departure 30
1204 arrival 12
1204 ils 30
1202 120 119 twoway taxiway W
1204 departure 30
1204 arrival 12
1204 ils 30
1202 121 120 twoway taxiway W
1204 departure 30
1204 arrival 12
1204 ils 30
1202 122 121 twoway taxiway W
1202 123 122 twoway taxiway W
1202 129 124 twoway runway 17/35
1204 departure 12,17,30,35
1204 arrival 12,17,30,35
1204 ils 12,17,30,35
1202 125 129 twoway runway 17/35
1204 departure 12,17,30,35
1204 arrival 12,17,30,35
1204 ils 12,17,30,35
1202 126 46 twoway runway 12/30
1202 128 129 twoway runway 12/30
1202 129 126 twoway runway 12/30
1204 departure 12,30
1204 arrival 12,30
1204 ils 12,30
1202 130 131 twoway runway 12/30
1202 46 127 twoway runway 12/30
1204 departure 12,30
1204 arrival 12,30
1204 ils 12,30
1202 131 128 twoway runway 12/30
1204 departure 12,30
1204 arrival 12,30
1204 ils 12,30
1202 132 130 twoway runway 12/30
1202 133 132 twoway runway 12/30
1202 134 133 twoway runway 12/30
1202 0 134 twoway runway 12/30
99
