I
1130 Generated by WorldEditor 2.0.0r4

1    527 1 0 EFPY Pyhasalmi
1302 city Pyhäjärvi
1302 country Finland
1302 datum_lat 63.729166667
1302 datum_lon 25.931944444
1302 faa_code 
1302 iata_code 
1302 icao_code EFPY
1302 region_code EF
1302 state Oulu
1302 transition_alt 
1302 transition_level 
100 20.12 1 0 0.25 0 0 0 15  63.73339200  025.92828300    0   62 1 0 0 0 33  63.72551400  025.93631100    0  140 1 0 0 0
110 1 0.25 245.7300 New Taxiway 3
111  63.73308165  025.92840942
112  63.73304796  025.92838376  63.73304384  025.92837860
112  63.73302858  025.92834847  63.73302478  025.92833914
112  63.73301156  025.92829358  63.73300841  025.92827712
112  63.73284049  025.92742762  63.73283736  025.92741083
112  63.73284548  025.92738213  63.73284939  025.92736975
112  63.73286530  025.92735830  63.73287182  025.92735094
111  63.73301408  025.92718914
111  63.73297804  025.92701312
112  63.73279433  025.92722066  63.73278663  025.92722873
111  63.73278026  025.92720618
111  63.73267179  025.92732659
111  63.73283489  025.92815011
112  63.73289343  025.92845971  63.73289643  025.92847651
112  63.73289542  025.92851388  63.73289479  025.92852326
112  63.73289060  025.92856046  63.73288896  025.92856984
113  63.73287863  025.92861631
110 1 0.35 245.7300 New Taxiway 7
111  63.73278026  025.92720618
111  63.73276261  025.92716704
112  63.73273876  025.92709696  63.73273328  025.92707681
112  63.73269658  025.92691560  63.73269220  025.92689474
111  63.73261114  025.92645043
111  63.73258254  025.92629840
111  63.73252199  025.92636681
112  63.73258311  025.92668293  63.73258765  025.92670769
112  63.73259562  025.92678464  63.73259797  025.92680974
112  63.73260177  025.92689889  63.73260240  025.92692258
112  63.73259961  025.92698571  63.73259742  025.92700728
112  63.73258665  025.92704538  63.73258086  025.92706271
112  63.73256157  025.92709515  63.73255297  025.92710470
111  63.73219339  025.92747828
111  63.73229784  025.92800535
111  63.73238302  025.92791875
111  63.73240456  025.92794003
113  63.73274871  025.92761486
130 Airport Boundary 7
111  63.73297086  025.92446384
111  63.73281569  025.92521765
111  63.73226781  025.92575989
111  63.73242741  025.92686924
111  63.73207324  025.92730887
111  63.73215740  025.92861659
111  63.72472134  025.93614113
111  63.72353672  025.93747018
111  63.72371796  025.93848474
111  63.72553561  025.93685313
111  63.72587182  025.93679380
111  63.73217316  025.93041485
111  63.73255968  025.93089242
111  63.73308410  025.93034976
111  63.73301480  025.92959496
111  63.73405758  025.92840798
111  63.73541031  025.92717347
111  63.73483244  025.92608138
111  63.73404970  025.92479347
113  63.73323252  025.92370547
120 Linear Feature 6
111  63.73295711  025.92801797 4
115  63.73283388  025.92814479
120 Linear Feature 5
111  63.73278738  025.92753211 10
112  63.73295279  025.92837728  63.73295553  025.92839260 10
112  63.73296200  025.92846046  63.73296245  025.92847867 10
112  63.73296158  025.92855006  63.73296041  025.92856991 10
112  63.73295187  025.92863115  63.73294916  025.92864629 10
112  63.73293938  025.92868850  63.73293513  025.92870262 10
112  63.73292384  025.92873057  63.73291849  025.92874244 10
112  63.73290125  025.92876832  63.73289410  025.92877548 10
115  63.73284742  025.92882318
14  63.73241837  025.92755145  22.97 0 New Tower Viewpoint 7
1300  63.73259611  025.92656690 -115.00 tie_down turboprops|props Hangar
1301 A general_aviation 
1300  63.73253780  025.92749232 -295.00 tie_down turboprops|props|helos Apron
1301 A general_aviation 
19  63.73289928  025.93018924 0 WDI
1051 121600 Pyhasalmi AFIS
1200 
1201  63.73267911  025.92701040 both 0 _stop
1201  63.73260932  025.92749067 both 1 _stop
1201  63.73270481  025.92750188 both 2 _stop
1201  63.73278865  025.92753411 both 3 _stop
1201  63.72551297  025.93610727 both 4 _stop
1201  63.72558994  025.93602832 both 5 _stop
1201  63.73297777  025.92850858 both 6 _stop
1201  63.73289480  025.92807838 both 7 _start
1201  63.73293348  025.92875014 both 8 _start
1201  63.72566874  025.93615419 both 9 _start
1201  63.72554412  025.93627976 both 10 _start
1202 3 0 twoway taxiway_A 
1202 2 1 twoway taxiway_A 
1202 3 2 twoway taxiway_A 
1202 7 3 twoway taxiway_A 
1202 10 9 oneway taxiway_A 
1204 departure 15,33
1204 arrival 15,33
1202 4 10 oneway taxiway_A 
1204 departure 15,33
1204 arrival 15,33
1202 5 4 oneway taxiway_A 
1204 departure 15,33
1204 arrival 15,33
1202 9 5 oneway taxiway_A 
1204 departure 15,33
1204 arrival 15,33
1202 6 8 twoway taxiway_A 
1204 departure 15,33
1204 arrival 15,33
1202 7 6 twoway taxiway_A 
1204 departure 15,33
1204 arrival 15,33
1202 8 9 twoway runway 15/33
1204 departure 15,33
1204 arrival 15,33
1204 ils 15,33
99
