I
1130 Generated by WorldEditor 2.0.0r4

1    118 1 0 EFRH Raahe-Pattijoki
1302 city Raahe/Pattijoki
1302 country Finland
1302 datum_lat 64.688055556
1302 datum_lon 24.695833333
1302 faa_code 
1302 iata_code 
1302 icao_code EFRH
1302 region_code EF
1302 state Oulu
1302 transition_alt 
1302 transition_level 
100 15.00 1 0 0.25 0 0 0 10  64.68952616  024.68540734    0    0 1 0 0 0 28  64.68698538  024.70559982    0    0 1 0 0 0
110 1 0.25 106.4000 Taxiway
111  64.68824195  024.69518430
112  64.68820614  024.69521532  64.68819735  024.69521968
112  64.68817962  024.69522216  64.68817056  024.69522153
112  64.68814795  024.69521524  64.68814091  024.69521178
112  64.68811530  024.69519515  64.68810808  024.69518953
111  64.68785544  024.69496933
111  64.68785430  024.69490501
111  64.68733982  024.69447890
111  64.68727451  024.69498540
111  64.68743302  024.69508679
112  64.68745697  024.69505592  64.68746390  024.69504533
112  64.68747554  024.69500319  64.68747785  024.69498948
111  64.68748482  024.69493495
111  64.68774102  024.69507472
111  64.68808736  024.69535853
112  64.68815670  024.69541840  64.68816392  024.69542446
112  64.68817402  024.69545613  64.68817717  024.69546954
112  64.68818172  024.69549766  64.68818376  024.69551454
113  64.68819191  024.69559119
110 5 0.35 106.4000 New Taxiway 16
111  64.68747482  024.69489544
111  64.68745697  024.69505592
111  64.68747807  024.69506998
111  64.68740607  024.69555201
111  64.68732803  024.69589574
111  64.68729949  024.69598359
112  64.68727962  024.69600684  64.68727345  024.69600263
111  64.68721425  024.69595872
111  64.68698023  024.69756825
111  64.68706789  024.69763587
111  64.68718711  024.69680804
111  64.68725586  024.69642750
111  64.68731774  024.69612735
111  64.68737780  024.69585132
111  64.68744045  024.69558135
111  64.68764289  024.69572985
113  64.68774102  024.69507472
110 5 0.35 106.4000 New Taxiway 17
111  64.68785430  024.69490501
111  64.68785022  024.69416240
111  64.68764631  024.69411068
111  64.68739324  024.69404335
111  64.68727766  024.69401570
111  64.68726560  024.69445372
111  64.68720353  024.69487245
111  64.68728628  024.69493573
113  64.68750221  024.69475022
110 1 0.25 106.4000 New Taxiway 3
111  64.68739142  024.70277296
111  64.68762774  024.70266130
111  64.68781553  024.70132693
113  64.68766782  024.70064432
110 1 0.25 106.4000 Turn 10 N
111  64.68950846  024.68602886
111  64.68955559  024.68595477
111  64.68961666  024.68546958
113  64.68958121  024.68544508
110 1 0.25 106.4000 Turn 10 S
111  64.68946976  024.68536849
111  64.68937584  024.68530384
111  64.68932300  024.68572375
113  64.68935200  024.68629041
110 1 0.25 106.4000 Turn 28 N
111  64.68702184  024.70562498
111  64.68711578  024.70568938
111  64.68716843  024.70526939
113  64.68713918  024.70470284
110 1 0.25 106.4000 Turn 28 S
111  64.68699750  024.70497438
111  64.68695027  024.70504812
111  64.68688856  024.70553282
113  64.68692398  024.70555758
110 5 0.40 106.4000 New Taxiway 7
111  64.68689186  024.70550726
112  64.68686238  024.70573203  64.68685838  024.70576216
112  64.68685779  024.70588210  64.68686112  024.70592313
112  64.68687613  024.70599733  64.68688323  024.70602850
112  64.68690936  024.70611525  64.68691824  024.70613394
112  64.68695404  024.70618760  64.68696670  024.70619228
112  64.68702623  024.70618760  64.68704111  024.70618189
112  64.68708142  024.70614077  64.68709097  024.70612519
112  64.68711643  024.70604586  64.68712154  024.70601937
111  64.68713394  024.70591559
111  64.68714269  024.70579277
112  64.68714508  024.70561411  64.68714446  024.70558814
113  64.68713553  024.70546709
110 5 0.40 106.4000 New Taxiway 6
111  64.68896318  024.68944050
112  64.68885046  024.68940560  64.68884065  024.68940387
112  64.68879133  024.68939914  64.68878337  024.68939957
112  64.68876149  024.68940431  64.68875409  024.68940821
112  64.68873926  024.68941961  64.68873451  024.68942592
112  64.68872226  024.68945213  64.68871853  024.68946566
112  64.68870679  024.68959560  64.68870614  024.68961453
112  64.68870237  024.68973906  64.68870288  024.68976070
112  64.68871066  024.68984246  64.68871310  024.68985959
111  64.68873963  024.68998865
111  64.68878636  024.69020952
112  64.68881399  024.69032713  64.68881699  024.69033765
111  64.68884106  024.69036590
111  64.68886482  024.69018108
112  64.68883304  024.69016528  64.68882801  024.69015977
112  64.68880707  024.69010195  64.68880353  024.69008918
111  64.68878691  024.69000660
112  64.68876204  024.68985667  64.68875927  024.68983359
112  64.68875265  024.68973389  64.68875280  024.68970972
112  64.68875902  024.68963789  64.68876180  024.68961769
112  64.68877475  024.68956199  64.68878154  024.68954468
112  64.68880183  024.68952580  64.68880908  024.68952111
112  64.68884825  024.68950125  64.68885657  024.68949908
111  64.68888416  024.68950642
113  64.68895158  024.68952580
110 5 0.40 106.4000 New Taxiway 5
111  64.68958785  024.68557721
111  64.68968970  024.68557721
112  64.68973346  024.68557535  64.68973912  024.68557535
112  64.68975256  024.68553254  64.68975656  024.68550346
112  64.68977564  024.68533712  64.68977874  024.68530647
112  64.68978439  024.68517520  64.68978439  024.68514507
112  64.68977245  024.68507841  64.68976735  024.68505400
112  64.68973346  024.68499466  64.68972369  024.68498531
112  64.68954408  024.68480668  64.68953653  024.68479993
112  64.68951524  024.68479591  64.68950902  024.68479487
112  64.68949714  024.68481227  64.68949447  024.68483045
113  64.68942950  024.68537620
130 Airport Boundary 20
111  64.68938490  024.68450701
111  64.68922977  024.68505676
111  64.68872682  024.68905790
111  64.68862760  024.68931398
111  64.68861088  024.69013962
111  64.68820141  024.69318404
111  64.68775799  024.69311289
111  64.68730904  024.69319882
111  64.68725404  024.69409389
111  64.68706842  024.69415553
111  64.68705086  024.69578257
111  64.68678694  024.69765398
111  64.68674377  024.69840578
111  64.68705984  024.69846792
111  64.68712142  024.69783420
111  64.68748111  024.69608709
111  64.68784939  024.69625843
111  64.68753061  024.69889800
111  64.68712866  024.70192993
111  64.68675850  024.70482677
111  64.68662645  024.70594282
111  64.68674622  024.70610963
111  64.68683862  024.70664602
111  64.68697392  024.70675793
111  64.68716880  024.70626328
111  64.68731421  024.70568315
111  64.68759077  024.70314259
111  64.68770482  024.70299589
111  64.68792721  024.70131549
111  64.68789300  024.70092206
111  64.68829786  024.69777462
111  64.68851740  024.69726782
111  64.68895078  024.69718780
111  64.68901351  024.69658764
111  64.68860009  024.69619420
111  64.68899828  024.69244538
111  64.68920699  024.69041278
111  64.68972704  024.68614752
111  64.68986048  024.68490713
113  64.68970651  024.68467506
120 Linear Feature 11
111  64.68793691  024.69504027 4
115  64.68791095  024.69521372
14  64.68777786  024.69542207  16.40 0 New Tower Viewpoint 98
1300  64.68737942  024.69477719 -252.00 tie_down props Main Hangar
1301 A general_aviation 
1300  64.68766296  024.69452825   6.50 tie_down props Tin Hangar
1301 A general_aviation 
1300  64.68763578  024.69553134 -252.00 misc props Fuel
1301 A none 
19  64.68889658  024.69683588 0 WDI
1051 123500 Raahe-Pattijoki AFIS
1200 
1201  64.68750637  024.69480606 both 0 _stop
1201  64.68770715  024.69494604 both 1 _stop
1201  64.68775637  024.69498628 both 2 _stop
1201  64.68792351  024.69512925 both 3 _stop
1201  64.68939159  024.68540004 both 4 _stop
1201  64.68934710  024.68574617 both 5 _stop
1201  64.68710009  024.70558744 both 6 _stop
1201  64.68714016  024.70525789 both 7 _stop
1201  64.68951537  024.68549155 both 8 _start
1201  64.68941944  024.68626083 both 9 _start
1201  64.68826814  024.69541097 both 10 _start
1201  64.68707891  024.70485833 both 11 _start
1201  64.68699649  024.70551421 both 12 _start
1202 1 0 twoway taxiway_A 
1202 2 1 twoway taxiway_A 
1202 3 2 twoway taxiway_A 
1202 10 3 twoway taxiway_A 
1204 departure 10,28
1204 arrival 10,28
1202 4 8 oneway taxiway_A 
1204 departure 10,28
1204 arrival 10,28
1202 5 4 oneway taxiway_A 
1204 departure 10,28
1204 arrival 10,28
1202 9 5 oneway taxiway_A 
1204 departure 10,28
1204 arrival 10,28
1202 6 12 oneway taxiway_A 
1204 departure 10,28
1204 arrival 10,28
1202 7 6 oneway taxiway_A 
1204 departure 10,28
1204 arrival 10,28
1202 11 7 oneway taxiway_A 
1204 departure 10,28
1204 arrival 10,28
1202 8 9 twoway runway 10/28
1204 departure 10,28
1204 arrival 10,28
1204 ils 10,28
1202 9 10 twoway runway 10/28
1204 departure 10,28
1204 arrival 10,28
1204 ils 10,28
1202 10 11 twoway runway 10/28
1204 departure 10,28
1204 arrival 10,28
1204 ils 10,28
1202 11 12 twoway runway 10/28
1204 departure 10,28
1204 arrival 10,28
1204 ils 10,28
99
