I
1000 Generated by WorldEditor

1    645 1 0 EFRO Rovaniemi
100 60.05 1 1 0.25 1 3 1 03  66.55410110  025.80998522    0   58 3 1 1 0 21  66.57554290  025.85085274    0   74 3 2 1 0
102 H1  66.55970600  025.83549400  32.00 34.10 34.10 1 0 0 0.25 0
110 1 0.00 0.0000 Apron
111  66.55771869  025.82368982
111  66.55756075  025.82335073
111  66.55773185  025.82279660
111  66.55748836  025.82289584
111  66.55671509  025.82142368
111  66.55641894  025.82147330
111  66.55660837  025.82364847
111  66.55699759  025.82388935
113  66.55743161  025.82466132
110 1 0.25 37.2100 Taxiway
112  66.57458000  025.85268000  66.57454100  025.85275400 53 102
112  66.57445300  025.85283300  66.57440800  025.85286100 53 102
112  66.57427900  025.85286400  66.57420900  025.85285600 53 102
112  66.57405600  025.85275200  66.57397700  025.85268500 53 102
112  66.57367600  025.85214800  66.57350200  025.85181300 53 102
112  66.57140000  025.84776200  66.57122600  025.84742700 53 102
112  66.57118600  025.84723600  66.57121700  025.84722100 53 102
112  66.57134600  025.84706500  66.57142100  025.84696700 53 102
112  66.57156100  025.84670400  66.57162900  025.84656200 53 102
112  66.57170800  025.84632000  66.57173900  025.84620700 53 102
112  66.57179000  025.84592100  66.57181400  025.84576800 53 102
112  66.57184500  025.84548600  66.57185700  025.84534900 53 102
111  66.57186400  025.84487300 53 102
111  66.57186200  025.84472200 53 102
111  66.57189600  025.84476400 53 102
111  66.57256200  025.84433100
112  66.57256200  025.84433100  66.57227500  025.84378500 53 102
112  66.57214900  025.84350700  66.57216000  025.84350400 53 102
112  66.57226200  025.84343300  66.57232500  025.84338800 53 102
111  66.57235700  025.84336600 53 102
112  66.57242400  025.84330600  66.57246900  025.84326600 53 102
112  66.57260300  025.84304600  66.57267800  025.84291300 53 102
112  66.57277100  025.84257400  66.57280800  025.84239200 53 102
111  66.57282600  025.84230000 53 102
112  66.57287300  025.84202200  66.57290400  025.84183600 53 102
112  66.57296300  025.84099900  66.57299200  025.84050300 53 102
111  66.57300700  025.84025400 53 102
111  66.57333000  025.83487800
111  66.57300500  025.83475500 53 102
111  66.57268100  025.84013200 53 102
112  66.57264000  025.84082600  66.57261300  025.84128800 53 102
112  66.57256400  025.84173500  66.57254100  025.84187900 53 102
111  66.57252800  025.84195200 53 102
112  66.57249400  025.84212100  66.57247100  025.84223300 53 102
112  66.57239800  025.84239800  66.57235700  025.84247100 53 102
112  66.57229700  025.84254300  66.57227000  025.84256800 53 102
111  66.57225700  025.84258000 53 102
112  66.57217900  025.84263500  66.57212700  025.84267100 53 102
112  66.57192800  025.84274300  66.57181300  025.84277900 53 102
112  66.57132600  025.84197800  66.57103900  025.84143100
111  66.57132600  025.84197800
111  66.57103300  025.84312300
112  66.57103300  025.84312300  66.57132000  025.84367000 53 102
112  66.57149800  025.84426200  66.57152100  025.84447500 53 102
112  66.57153400  025.84488500  66.57153500  025.84508800 53 102
112  66.57152300  025.84531800  66.57151500  025.84540300 53 102
112  66.57148600  025.84560300  66.57146900  025.84570800 53 102
112  66.57143900  025.84584500  66.57142400  025.84590200 53 102
112  66.57134600  025.84607700  66.57129900  025.84617500 53 102
112  66.57119900  025.84632500  66.57114800  025.84639100 53 102
112  66.57095700  025.84650700  66.57084600  025.84656200 53 102
112  66.57053000  025.84608600  66.57035600  025.84575100 53 102
112  66.56591700  025.83720000  66.56574300  025.83686500 53 102
112  66.56585900  025.83604700  66.56599400  025.83561400 53 102
111  66.56610400  025.83526200 53 102
111  66.56621100  025.83489700 53 102
112  66.56630400  025.83458700  66.56636500  025.83438000 53 102
112  66.56682600  025.83509700  66.56711300  025.83564400
111  66.56682600  025.83509700
111  66.56755000  025.83477300
112  66.56755000  025.83477300  66.56726300  025.83422600 53 102
112  66.56737300  025.83397300  66.56754200  025.83398600 53 102
112  66.56769400  025.83398000  66.56774000  025.83397100 53 102
112  66.56783600  025.83393200  66.56788500  025.83390900 53 102
111  66.56791100  025.83389800 53 102
112  66.56949100  025.83325100  66.56970800  025.83316200 53 102
112  66.56956100  025.83259700  66.56939100  025.83225000 53 102
111  66.56854300  025.83052000 59 102
111  66.56668500  025.82673000 53 102
111  66.56411600  025.82168600 53 102
112  66.56161200  025.81645200  66.56144300  025.81610000 53 102
112  66.56105300  025.81561900  66.56084900  025.81541600 53 102
111  66.55963700  025.81420700 53 102
112  66.55951000  025.81411300  66.55942500  025.81405100 53 102
112  66.55925800  025.81398600  66.55917500  025.81396300 53 102
112  66.55902100  025.81399500  66.55894700  025.81402400 53 102
111  66.55890900  025.81404000 53 102
112  66.55880600  025.81410700  66.55873700  025.81415100 53 102
112  66.55859500  025.81432800  66.55852300  025.81443100 53 102
112  66.55834600  025.81490500  66.55825100  025.81518700 53 102
111  66.55820400  025.81532700 53 102
111  66.55815000  025.81548200 53 102
112  66.55801300  025.81590100  66.55792200  025.81618000 53 102
112  66.55744600  025.81550000  66.55715900  025.81495300
111  66.55744600  025.81550000
111  66.55767200  025.81763300
111  66.55856800  025.81763800
112  66.55856800  025.81763800  66.55828100  025.81709200 53 102
112  66.55827000  025.81641800  66.55835800  025.81615100 53 102
111  66.55840200  025.81601600 53 102
111  66.55845400  025.81586500 53 102
112  66.55857800  025.81549500  66.55866100  025.81524900 53 102
112  66.55876500  025.81503600  66.55880700  025.81497600 53 102
112  66.55890200  025.81489700  66.55895100  025.81486500 53 102
111  66.55897500  025.81484800 53 102
112  66.55905700  025.81481600  66.55911200  025.81479500 53 102
112  66.55923000  025.81481000  66.55929000  025.81482700 53 102
112  66.55942500  025.81491000  66.55949600  025.81496100 53 102
111  66.55953100  025.81498700 53 102
112  66.56088300  025.81633900  66.56108700  025.81654200 53 102
112  66.56144200  025.81717200  66.56161100  025.81752400 53 102
112  66.56357900  025.82164000  66.56374800  025.82199200 53 102
112  66.56370400  025.82261500  66.56361900  025.82291300 53
112  66.56293800  025.82529200  66.56285300  025.82559000 53
112  66.56238100  025.82491600  66.56209500  025.82436700
111  66.56238100  025.82491600
111  66.56207500  025.82603500
112  66.56207500  025.82603500  66.56236100  025.82658400 53
112  66.56238400  025.82732000  66.56230400  025.82762800 53
112  66.56197500  025.82889800  66.56189500  025.82920600 53 102
112  66.56172200  025.82910600  66.56163300  025.82893700 53 102
111  66.56158800  025.82885100 53 102
112  66.55991500  025.82569600  66.55974000  025.82536500 53 102
112  66.55984300  025.82455900  66.55997000  025.82413200 53 102
111  66.56003500  025.82391900 53 102
111  66.56012300  025.82363300 53 102
112  66.56024500  025.82319900  66.56032600  025.82290900 53 102
112  66.56079600  025.82358700  66.56108200  025.82413600
111  66.56079600  025.82358700
111  66.56055500  025.82141900
111  66.55967500  025.82144500
112  66.55967500  025.82144500  66.55996200  025.82199100 53 102
112  66.55998200  025.82270200  66.55990000  025.82299400 53 102
111  66.55985900  025.82314100 53 102
111  66.55977300  025.82341700 53 102
112  66.55958000  025.82406400  66.55945100  025.82449500 53 102
112  66.55930800  025.82456800  66.55925500  025.82447300 53 102
111  66.55922800  025.82442600 53 102
111  66.55902400  025.82402100 53 102
111  66.55810900  025.82230400 53 102
111  66.55673200  025.81971700 53 102
111  66.55563200  025.81764600 53 102
111  66.55389900  025.81441500 53 102
112  66.55379300  025.81418600  66.55372200  025.81403400 53 102
112  66.55362700  025.81378300  66.55358800  025.81366600 53 102
112  66.55352300  025.81339300  66.55349400  025.81324900 53 102
112  66.55348900  025.81294000  66.55349500  025.81278200 53 102
112  66.55352400  025.81249500  66.55354100  025.81235600 53 102
112  66.55359600  025.81208700  66.55362700  025.81195400 53 102
112  66.55369900  025.81176300  66.55373600  025.81168000 53 102
112  66.55379900  025.81155800  66.55382900  025.81150500 53 102
112  66.55404300  025.81128700  66.55417500  025.81116000 53 102
112  66.55467100  025.81191600  66.55495800  025.81246300
111  66.55467100  025.81191600
111  66.55454700  025.80997600
111  66.55393000  025.81051100 53 102
112  66.55380900  025.81062800  66.55372900  025.81070500 53 102
112  66.55361800  025.81086800  66.55357100  025.81095100 53 102
112  66.55346800  025.81117500  66.55341500  025.81129700 53 102
112  66.55331600  025.81165300  66.55326800  025.81185000 53 102
112  66.55321000  025.81224600  66.55318600  025.81244500 53 102
112  66.55316200  025.81286300  66.55315300  025.81307600 53 102
112  66.55301600  025.81326600  66.55292700  025.81332200 53 102
112  66.55183600  025.81401700  66.55174700  025.81407300 53 102
111  66.55164900  025.81408200 53 102
111  66.55159500  025.81406200
111  66.55146900  025.81402300
111  66.55150900  025.81437900
111  66.55161000  025.81441500
112  66.55161000  025.81441500  66.55167700  025.81443900 53 102
112  66.55184400  025.81436700  66.55193300  025.81431100 53 102
112  66.55304700  025.81360100  66.55313600  025.81354500 53 102
112  66.55323500  025.81379300  66.55327200  025.81397700 53 102
112  66.55337100  025.81430700  66.55342500  025.81446500 53 102
112  66.55357300  025.81480200  66.55365400  025.81497400 53 102
111  66.55369500  025.81506100 53 102
112  66.55508600  025.81765600  66.55526200  025.81798500 53 102
112  66.55522200  025.81859700  66.55513700  025.81889600 53 102
111  66.55516000  025.81881700
111  66.55503200  025.81926500
111  66.55511400  025.81992100
111  66.55524200  025.81947300
112  66.55524200  025.81947300  66.55532700  025.81917400 53 102
112  66.55539800  025.81892600  66.55548300  025.81862700 53 102
112  66.55578900  025.81897400  66.55596400  025.81930500 53 102
112  66.55614000  025.81963600  66.55631500  025.81996700 53 102
111  66.55630500  025.82046600
111  66.55622300  025.82074200
111  66.55622200  025.82073900
111  66.55620700  025.82079900
111  66.55623300  025.82091800
111  66.55630000  025.82196100
111  66.55638800  025.82161500
111  66.55647700  025.82126900 53 102
112  66.55657200  025.82094800  66.55663500  025.82073400 53 102
112  66.55693000  025.82112200  66.55710500  025.82145200 53 102
111  66.55791300  025.82296600
111  66.55844000  025.82395600
111  66.55870400  025.82445000
111  66.55892000  025.82486800
111  66.55913900  025.82528200
111  66.55924500  025.82547100
111  66.55935000  025.82566000
111  66.55963600  025.82620200
111  66.55989900  025.82669800
111  66.56139000  025.82951100 59 102
111  66.56153200  025.82978200
111  66.56167400  025.83005300
111  66.56184900  025.83038800
111  66.56211000  025.83089200 53 102
111  66.56532400  025.83709900 53 102
111  66.57065000  025.84735800 53 102
112  66.57352000  025.85288800  66.57369400  025.85322300 53 102
112  66.57394800  025.85353200  66.57405900  025.85362600 53 102
112  66.57426500  025.85369000  66.57436500  025.85370100 53 102
112  66.57454000  025.85363100  66.57462300  025.85358100 53 102
112  66.57477300  025.85335000  66.57484600  025.85321300 53 102
112  66.57501000  025.85264900  66.57509400  025.85231900 53 102
111  66.57513600  025.85215300 53 102
111  66.57518000  025.85197800 53 102
112  66.57526100  025.85165000  66.57531500  025.85143100 53 102
112  66.57536100  025.85135800  66.57537400  025.85138200
111  66.57536100  025.85135800
111  66.57551700  025.84995300
111  66.57464900  025.85000200
112  66.57464900  025.85000200  66.57493600  025.85054800 53 102
112  66.57499000  025.85118000  66.57493100  025.85141900 53 102
111  66.57490000  025.85154000 53 102
111  66.57485800  025.85171100 53 102
114  66.57474900  025.85214100  66.57467600  025.85242700 53 102
112  66.56766800  025.83315600  66.56763400  025.83316300 53 102
112  66.56728800  025.83314000  66.56706900  025.83312300 53 102
112  66.56699600  025.83311700  66.56677700  025.83310000 53 102
112  66.56623700  025.83227100  66.56595000  025.83172400
111  66.56623700  025.83227100
111  66.56570400  025.83295800
112  66.56570400  025.83295800  66.56599100  025.83350500 53 102
112  66.56604000  025.83409000  66.56597700  025.83429800 53 102
111  66.56594700  025.83440300 53 102
111  66.56584200  025.83476200 53 102
112  66.56559800  025.83554400  66.56546300  025.83597700 53 102
112  66.56513400  025.83569000  66.56496000  025.83535400 53 102
112  66.56229100  025.83019900  66.56211700  025.82986300 53 102
112  66.56215000  025.82923300  66.56223000  025.82892500 53
112  66.56255900  025.82765400  66.56263900  025.82734600 53
112  66.56310900  025.82801200  66.56339600  025.82855900
111  66.56310900  025.82801200
111  66.56341400  025.82689200
112  66.56341400  025.82689200  66.56312700  025.82634500 53
112  66.56311200  025.82562500  66.56319700  025.82532700 53
112  66.56387500  025.82296000  66.56396000  025.82266200 53 102
112  66.56426200  025.82302200  66.56443500  025.82336100 53 102
111  66.56648100  025.82737600 53 102
111  66.56833500  025.83116200 53 102
112  66.56878300  025.83207700  66.56895300  025.83242400 53 102
112  66.56871300  025.83273100  66.56849600  025.83282000 53 102
111  66.56785500  025.83308400 53 102
114  66.56778700  025.83311500  66.56774200  025.83313600 53 102
110 15 0.25 37.2100 Apron path
112  66.56081900  025.83430900  66.56090000  025.83400200 53
112  66.56172800  025.83084800  66.56180900  025.83054100 53 102
112  66.56211000  025.83089200  66.56228400  025.83122800
111  66.56211000  025.83089200
111  66.56185300  025.82987400
111  66.56153200  025.82978200
112  66.56153200  025.82978200  66.56162700  025.82996300 59 102
112  66.56155300  025.83051300  66.56147200  025.83082000 59 102
112  66.56070900  025.83372700  66.56062800  025.83403400
112  66.56054700  025.83417600  66.56052000  025.83416900
114  66.56051800  025.83472200  66.56063800  025.83475300 53
110 1 0.25 37.2100 Apron
111  66.55555800  025.81841200
111  66.55537300  025.81807700
111  66.55511000  025.81897600
111  66.55455305  025.81797094
111  66.55431710  025.81883457
113  66.55507200  025.82003900
110 1 0.25 37.2100 Apron
111  66.57330531  025.83498800
111  66.57335331  025.83411100
111  66.57343331  025.83285200
111  66.57345831  025.83207800
111  66.57347531  025.83080700
111  66.57337431  025.82936100
111  66.57224231  025.82975900
111  66.57226831  025.83024700
111  66.57067631  025.83088600
111  66.57027731  025.83099300
111  66.56941831  025.83132500
111  66.56931031  025.83134600
111  66.56922731  025.83126200
111  66.56866131  025.82994500
111  66.56831931  025.83094900
111  66.56898731  025.83233200
111  66.56945531  025.83322800
111  66.56966831  025.83322800
111  66.56979331  025.83333200
111  66.56991031  025.83356200
111  66.57008531  025.83385600
111  66.57262431  025.83288100
111  66.57280831  025.83285200
111  66.57292531  025.83283100
111  66.57302031  025.83295800
111  66.57307531  025.83322800
113  66.57298331  025.83485900
110 1 0.25 37.2100 Apron
111  66.56681100  025.82779300
111  66.56688200  025.82771800
111  66.56707800  025.82773500
111  66.56852300  025.83078800
111  66.56943500  025.82746700
111  66.56768200  025.82401200
111  66.56763500  025.82419600
111  66.56672800  025.82412600
111  66.56676700  025.82608600
113  66.56656800  025.82730300
110 1 0.25 37.2100 Apron
111  66.55633800  025.82045400
111  66.55519043  025.82091789
111  66.55536662  025.82320851
113  66.55651878  025.82257406
110 1 0.25 37.2100 Apron
111  66.55150600  025.81197900
111  66.55119900  025.81144500
111  66.55105700  025.81189800
111  66.55134700  025.81243400
111  66.55097000  025.81352500
111  66.55151900  025.81448800
113  66.55205900  025.81293400
110 1 0.25 37.2100 Apron
111  66.55902106  025.83508000
111  66.55907906  025.83533500
111  66.55914506  025.83547800
111  66.55922506  025.83566000
111  66.55932906  025.83590200
111  66.55991706  025.83702500
111  66.56011406  025.83733900
111  66.56077806  025.83489400
111  66.56179506  025.83102600
111  66.56185306  025.83083000
111  66.56193406  025.83072600
111  66.56205506  025.83075800
111  66.56211306  025.83051700
111  66.56171706  025.82972600
111  66.56131506  025.82893900
111  66.55797406  025.82274800
111  66.55774206  025.82345500
111  66.55778506  025.82355000
111  66.55780406  025.82375900
111  66.55738206  025.82520100
111  66.55745706  025.82538700
111  66.55769006  025.82592400
111  66.55774906  025.82605800
111  66.55775706  025.82617800
111  66.55773306  025.82628300
111  66.55766206  025.82652800
111  66.55786206  025.82686200
111  66.55791606  025.82676000
111  66.55842306  025.82811200
111  66.55823406  025.82856200
111  66.55835106  025.82885300
111  66.55839906  025.82901900
111  66.55844506  025.82917200
111  66.55848606  025.82935100
111  66.55851506  025.82957300
111  66.55882906  025.82932300
111  66.55914706  025.83341300
111  66.55916206  025.83363900
111  66.55913206  025.83382400
111  66.55908006  025.83398400
111  66.55899206  025.83410200
111  66.55900206  025.83440800
113  66.55900106  025.83467200
110 1 0.00 0.0000 New Taxiway 2
111  66.55907906  025.83533500
111  66.55900684  025.83545313
111  66.55898137  025.83707529
111  66.55822565  025.83999938
111  66.55865446  025.84084246
112  66.55782656  025.84430001  66.55750955  025.84558113
111  66.55713515  025.84526769
112  66.55647221  025.84394789  66.55592676  025.84386772
111  66.55647221  025.84394789
112  66.55647221  025.84394789  66.55609449  025.84396929
112  66.55580140  025.84559120  66.55579502  025.84630474
112  66.55638305  025.84728787  66.55674253  025.84735749
111  66.55638305  025.84728787
112  66.55638305  025.84728787  66.55704972  025.84734399
111  66.55713453  025.84578328
111  66.55729586  025.84591134
111  66.55674818  025.84810966
111  66.55718972  025.84876063
113  66.56011406  025.83733900
112  66.55688052  025.84563276  66.55687762  025.84644214
112  66.55641773  025.84669067  66.55622709  025.84668376
112  66.55602723  025.84557595  66.55603868  025.84501663
114  66.55643565  025.84453766  66.55663745  025.84453075
110 1 0.00 0.0000 New Taxiway 1
111  66.56376695  025.82097697
111  66.56436317  025.82220427
111  66.56605906  025.81556015
113  66.56545494  025.81443392
110 4 0.00 0.0000 dirt
111  66.55703530  025.79587207
111  66.55791765  025.80010773
111  66.55835001  025.79968638
111  66.55857942  025.80066215
111  66.55914412  025.80192622
111  66.56008824  025.80321248
111  66.55984118  025.80452111
111  66.56017648  025.80729361
111  66.56134118  025.80884621
111  66.56191471  025.80576319
111  66.56203824  025.80571883
111  66.56239118  025.80576319
111  66.56239118  025.80775939
111  66.56385588  025.80773721
111  66.56382941  025.80551921
111  66.56203824  025.80525301
111  66.56098824  025.80361177
111  66.56149118  025.80086165
111  66.55992059  025.79868829
111  66.55946177  025.80061770
111  66.55929412  025.79899877
111  66.55932942  025.79746855
113  66.55851765  025.79394238
110 1 0.00 0.0000 Parking
112  66.55712491  025.82550481  66.55692904  025.82527562
111  66.55645530  025.82505908
111  66.55623088  025.82694222
112  66.55720537  025.82782714  66.55777373  025.82862005
111  66.55822164  025.83042674
111  66.55855076  025.82989683
112  66.55807023  025.82817106  66.55770206  025.82715165
111  66.55741170  025.82681192
111  66.55743016  025.82671915
111  66.55755817  025.82694527
113  66.55770349  025.82631620
110 1 0.00 0.0000 New Taxiway 13
111  66.56487523  025.83621689
111  66.56428294  025.83821747
111  66.56368503  025.83701460
111  66.56329609  025.83850663
111  66.56298883  025.83797024
111  66.56282667  025.83837789
111  66.56319367  025.83936484
111  66.56307418  025.84045907
111  66.56331316  025.84112419
111  66.56367161  025.84022306
111  66.56385938  025.84048053
113  66.56507131  025.83655418
130 Airport Boundary 12
111  66.55049957  025.81380174
111  66.55135403  025.81557821
111  66.55400581  025.81957526
111  66.55595393  025.82755105
111  66.55785243  025.83056523
111  66.55836799  025.83521604
111  66.55515191  025.84661728
111  66.55696383  025.85019087
111  66.55866115  025.84696457
111  66.55969239  025.84370707
111  66.56402363  025.84333690
111  66.56496648  025.83970706
111  66.57493867  025.85623172
111  66.57637592  025.85104393
111  66.57606390  025.83987426
111  66.57298703  025.82715331
111  66.57028867  025.82855000
111  66.56715097  025.82297552
111  66.56606383  025.81400239
111  66.55820710  025.81304961
111  66.55619750  025.80641555
111  66.55395822  025.80771352
113  66.55160411  025.80324274
120 Linear Feature 10
111  66.55846918  025.82975337 20
112  66.55767139  025.82736947  66.55720720  025.82652707 20
115  66.55635898  025.82586049
120 Linear Feature 10
111  66.55829400  025.83015367 20
112  66.55749620  025.82776977  66.55703202  025.82692737 20
115  66.55628333  025.82641090
120 Linear Feature 10
111  66.55838557  025.82996353 20
112  66.55758778  025.82757963  66.55712359  025.82673723 20
115  66.55631519  025.82615070
120 Linear Feature 7
111  66.55764627  025.82350767 20
112  66.55777499  025.82350254  66.55786521  025.82371007
111  66.55777499  025.82350254
112  66.55777499  025.82350254  66.55782607  025.82360011 20
112  66.55781490  025.82377814  66.55781163  025.82386031
111  66.55781490  025.82377814
112  66.55781490  025.82377814  66.55779638  025.82385073 20
111  66.55749916  025.82483267 20
112  66.55746392  025.82507717  66.55746273  025.82519271 20
112  66.55752978  025.82542643  66.55757132  025.82554163 20
112  66.55775356  025.82587388  66.55779002  025.82594642 20
111  66.55788532  025.82616794 20
115  66.55797726  025.82645040
120 Linear Feature 8
111  66.55771370  025.82330116 22
112  66.55785315  025.82356207  66.55787307  025.82372547 22
111  66.55782379  025.82387832 22
112  66.55750716  025.82495358  66.55746627  025.82514333 22
111  66.55753232  025.82533308 22
115  66.55759942  025.82549911
120 Linear Feature 6
111  66.56154580  025.83163954 20
112  66.56130867  025.83123585  66.56125789  025.83113765 20
112  66.56110802  025.83014666  66.56103966  025.83001082 20
111  66.56016760  025.82833771 20
111  66.55793913  025.82405190 20
112  66.55789415  025.82372431  66.55791376  025.82348660 20
111  66.55787224  025.82341702 20
112  66.55779958  025.82326338  66.55776037  025.82320540 20
115  66.55768886  025.82315901
120 Linear Feature 7
111  66.56150054  025.83177408 20
112  66.56126341  025.83137040  66.56121263  025.83127220 20
112  66.56106276  025.83028120  66.56099440  025.83014536 20
111  66.56012234  025.82847226 20
111  66.55789387  025.82418645 20
112  66.55777367  025.82418684  66.55771192  025.82430796 20
112  66.55753839  025.82497151  66.55752120  025.82505251 20
112  66.55757233  025.82534099  66.55763593  025.82551058
111  66.55757233  025.82534099
112  66.55757233  025.82534099  66.55759494  025.82540267 20
112  66.55785892  025.82591229  66.55798617  025.82620622 20
115  66.55808937  025.82656177
120 Linear Feature 7
111  66.56152267  025.83170218 22
112  66.56128554  025.83129849  66.56123476  025.83120030 22
112  66.56108489  025.83020930  66.56101653  025.83007346 22
111  66.56014447  025.82840036 22
115  66.55790447  025.82409346
120 Linear Feature 5
111  66.56142460  025.82970313 20
112  66.56019498  025.82740745  66.56008661  025.82720787
111  66.56019498  025.82740745
112  66.56019498  025.82740745  66.56015703  025.82740125 20
112  66.56010589  025.82758701  66.56007870  025.82773889 20
112  66.56016760  025.82833771  66.56023709  025.82848959
111  66.56016760  025.82833771
112  66.56016760  025.82833771  66.56020234  025.82841365 20
111  66.56110802  025.83014666 20
112  66.56122537  025.83037338  66.56126948  025.83046458
111  66.56122537  025.83037338
112  66.56122537  025.83037338  66.56131358  025.83055577 20
111  66.56125976  025.83082779 20
112  66.56080057  025.83257396  66.56070406  025.83292550 20
112  66.56098307  025.83286992  66.56107179  025.83253794 20
112  66.56144815  025.83106455  66.56151830  025.83079482 20
114  66.56148347  025.82996950  66.56145665  025.82977757 20
120 Centreline for Taxi G
111  66.57314300  025.83522500 51
112  66.57289322  025.83937527  66.57286041  025.83992042 51
112  66.57280150  025.84091200  66.57277317  025.84139133 51
112  66.57271800  025.84187850  66.57269067  025.84204350 51
112  66.57263200  025.84234700  66.57260200  025.84249433 51
112  66.57250050  025.84272200  66.57244283  025.84282467 51
112  66.57236050  025.84292450  66.57232483  025.84295683 51
112  66.57222050  025.84303400  66.57216283  025.84307467 51
112  66.57184700  025.84318550  66.57165567  025.84324583 51
116  66.57199051  025.84409504  66.57227752  025.84464106
120 Centreline for Path
111  66.55849400  025.82679500 51
112  66.55896011  025.82529832  66.55907270  025.82493677 51
116  66.55902650  025.82455200  66.55895817  025.82441600
120 Centreline for Path
111  66.55874600  025.82769700 51
112  66.55940929  025.82735629  66.55955243  025.82728276 51
112  66.55967003  025.82778463  66.55970072  025.82814371 51
112  66.55973497  025.82854437  66.55976566  025.82890346 51
112  66.55981950  025.82961500  66.55984517  025.82996967 51
112  66.55989450  025.83064700  66.55991883  025.83098033 51
112  66.55996950  025.83164300  66.55999517  025.83197367 51
112  66.56004300  025.83262200  66.56006633  025.83294400 51
112  66.56011113  025.83364960  66.56013321  025.83401266 51
112  66.56011987  025.83379340  66.56014196  025.83415647 51
112  66.56025200  025.83437000  66.56031800  025.83439133 51
112  66.56049700  025.83444000  66.56059433  025.83446533 51
112  66.56076381  025.83401832  66.56084435  025.83371187 51
112  66.56173219  025.83033368  66.56181273  025.83002723 51
116  66.56167100  025.82952750  66.56154967  025.82929650
120 Centreline for Path
111  66.55115100  025.81347700 51
112  66.55122648  025.81373742  66.55126949  025.81388581 51
112  66.55138800  025.81407800  66.55145267  025.81415667 51
112  66.55155186  025.81397782  66.55159643  025.81383237 51
115  66.55170900  025.81346500
120 Centreline for Path
111  66.55154500  025.81315300 51
112  66.55135898  025.81374403  66.55131366  025.81388801 51
116  66.55122648  025.81373742  66.55118347  025.81358904
120 Centreline for Path
111  66.55481700  025.81913100 51
112  66.55493945  025.81935199  66.55502848  025.81951266 51
116  66.55520070  025.81914536  66.55528583  025.81884693
120 Centreline for Path
111  66.55617000  025.82208200 51
112  66.55619564  025.82187577  66.55623921  025.82152526 51
116  66.55630150  025.82119200  66.55632850  025.82108667
120 Centreline for Path
111  66.55916200  025.82941900 51
112  66.55956679  025.82919928  66.55970960  025.82912176 51
116  66.55973497  025.82854437  66.55970428  025.82818529
120 Centreline for Path
111  66.55923100  025.83052000 51
112  66.55964474  025.83027387  66.55978691  025.83018929 51
112  66.56007284  025.83003820  66.56021606  025.82996567 51
115  66.56055700  025.82979300
120 Centreline for Path
111  66.55940300  025.83239900 51
112  66.55979198  025.83223183  66.55993599  025.83216994 51
112  66.56021912  025.83199119  66.56035986  025.83189265 51
115  66.56071500  025.83164400
120 Centreline for Path
111  66.56058700  025.83293300 51
112  66.56043307  025.83389115  66.56037836  025.83423172 51
116  66.56025200  025.83437000  66.56018600  025.83434867
120 Centreline for Path
111  66.55932300  025.83146600 51
112  66.55971647  025.83125956  66.55985949  025.83118452 51
112  66.56014474  025.83102538  66.56028724  025.83094429 51
115  66.56064100  025.83074300
120 Centreline for Path
111  66.55948400  025.83344100 51
112  66.55986419  025.83322594  66.56000673  025.83314531 51
116  66.56004300  025.83262200  66.56001967  025.83230000
120 Centreline for Path
111  66.55826000  025.82614600 51
112  66.55844152  025.82566946  66.55856784  025.82533782 51
112  66.55877750  025.82476000  66.55887517  025.82448533 51
116  66.55902650  025.82455200  66.55909483  025.82468800
120 Centreline for Taxi Q
112  66.55636991  025.81955223  66.55654530  025.81988274 51
112  66.55648750  025.82054100  66.55639050  025.82086967 51
116  66.55630150  025.82119200  66.55627450  025.82129733
120 Centreline for Taxi P
112  66.55526993  025.81748458  66.55544598  025.81781286 51
112  66.55540630  025.81842464  66.55532117  025.81872307 51
116  66.55520070  025.81914536  66.55511557  025.81944379
120 Centreline for Taxi M
112  66.55332400  025.81294000  66.55331600  025.81315067 51
112  66.55317919  025.81334040  66.55309065  025.81339667 51
112  66.55183981  025.81419160  66.55175127  025.81424787 51
112  66.55159600  025.81423600  66.55152200  025.81420933 51
116  66.55138800  025.81407800  66.55132333  025.81399933
120 Centreline for Taxi A
112  66.55481415  025.81133666  66.55452738  025.81079022 51
112  66.55407694  025.81081261  66.55387223  025.81100969 51
112  66.55407406  025.81081539  66.55386935  025.81101246 51
112  66.55370900  025.81121300  66.55367033  025.81128100 51
112  66.55358350  025.81146900  66.55353850  025.81157167 51
112  66.55345650  025.81187000  66.55341683  025.81203467 51
112  66.55336650  025.81237050  66.55334617  025.81253950 51
112  66.55332400  025.81294000  66.55331600  025.81315067 51
112  66.55337050  025.81354750  66.55340950  025.81374183 51
112  66.55349900  025.81404500  66.55354567  025.81418233 51
112  66.55368300  025.81449450  66.55375900  025.81465683 51
116  66.55406107  025.81523042  66.55423712  025.81555870
120 Centreline for Taxi T
112  66.55406107  025.81523042  66.55423712  025.81555870 51
112  66.55526993  025.81748458  66.55544598  025.81781286 51
112  66.55579709  025.81847277  66.55597248  025.81880329 51
112  66.55636991  025.81955223  66.55654530  025.81988274 51
112  66.55689645  025.82054259  66.55707208  025.82087231 51
112  66.55774755  025.82214041  66.55792318  025.82247014 51
112  66.55827451  025.82312941  66.55845018  025.82345901 51
112  66.55866049  025.82385359  66.55883616  025.82418320 51
112  66.55902650  025.82455200  66.55909483  025.82468800 51
112  66.55927550  025.82501900  66.55937317  025.82519433 51
112  66.55968501  025.82577812  66.55986035  025.82610887 51
112  66.56122599  025.82868488  66.56140133  025.82901563 51
112  66.56167100  025.82952750  66.56179233  025.82975850 51
112  66.56211376  025.83037763  66.56228760  025.83071339 51
112  66.56516324  025.83626737  66.56533708  025.83660312 51
112  66.56568504  025.83727382  66.56585906  025.83760903 51
112  66.57048896  025.84652718  66.57066299  025.84686239 51
112  66.57101102  025.84753297  66.57118503  025.84786829 51
112  66.57359798  025.85251803  66.57377199  025.85285334 51
116  66.57400200  025.85314200  66.57409733  025.85322267
120 Centreline for Taxi E
112  66.57400200  025.85314200  66.57409733  025.85322267 51
112  66.57427250  025.85327700  66.57435750  025.85328633 51
112  66.57449600  025.85323200  66.57456000  025.85319267 51
112  66.57467700  025.85301500  66.57473367  025.85290967 51
112  66.57487950  025.85239450  66.57495783  025.85208617 51
112  66.57501850  025.85184550  66.57503283  025.85178783 51
112  66.57519700  025.85112650  66.57530167  025.85070483 51
116  66.57492349  025.84967496  66.57463648  025.84912894
120 Centreline for Taxi C
112  66.56516324  025.83626737  66.56533708  025.83660312 51
112  66.56562700  025.83612058  66.56576234  025.83568696 51
112  66.56577000  025.83566242  66.56590533  025.83522881 51
112  66.56602600  025.83483100  66.56606133  025.83471033 51
112  66.56625300  025.83406750  66.56636900  025.83367917 51
116  66.56685707  025.83430534  66.56714379  025.83485224
120 Centreline for Taxi J
112  66.56685707  025.83430534  66.56657036  025.83375845 51
112  66.56675565  025.83351115  66.56697475  025.83352858 51
112  66.56729235  025.83355385  66.56751145  025.83357128 51
112  66.56768100  025.83356800  66.56772100  025.83356000 51
112  66.56781200  025.83352350  66.56785933  025.83350183 51
112  66.56820753  025.83335795  66.56842389  025.83326925 51
112  66.56910247  025.83299105  66.56931882  025.83290235 51
116  66.56917171  025.83233683  66.56900152  025.83198938
120 Centreline for Taxi B
112  66.55996162  025.82113999  66.56024854  025.82168600 51
112  66.56020237  025.82263430  66.56007594  025.82308450 51
112  66.56018063  025.82271170  66.56005421  025.82316190 51
112  66.55994750  025.82352750  66.55991850  025.82362117 51
112  66.55970659  025.82432905  66.55957498  025.82476975 51
112  66.55961941  025.82462095  66.55948780  025.82506165 51
116  66.55927550  025.82501900  66.55917783  025.82484367
120 Centreline for Taxi L
112  66.55826538  025.81791201  66.55797846  025.81736600 51
112  66.55804422  025.81645536  66.55818371  025.81603027 51
112  66.55806678  025.81638664  66.55820626  025.81596155 51
112  66.55830250  025.81567250  66.55832017  025.81562150 51
112  66.55846200  025.81520000  66.55855067  025.81493600 51
112  66.55868050  025.81468150  66.55873750  025.81459983 51
112  66.55885400  025.81450150  66.55891267  025.81446317 51
112  66.55903900  025.81440600  66.55910367  025.81438067 51
112  66.55924350  025.81439750  66.55931517  025.81441717 51
112  66.55946750  025.81451200  66.55954517  025.81456867 51
112  66.55988961  025.81490206  66.56009334  025.81510544 51
112  66.56096839  025.81597894  66.56117213  025.81618231 51
112  66.56152687  025.81681245  66.56169545  025.81716474 51
112  66.56376013  025.82147955  66.56392871  025.82183185 51
116  66.56388493  025.82245513  66.56379956  025.82275321
120 Centreline for Path
112  66.55927550  025.82501900  66.55937317  025.82519433 51
112  66.55947998  025.82581328  66.55951863  025.82616747 51
112  66.55948602  025.82586872  66.55952467  025.82622291 51
112  66.55958400  025.82682300  66.55961067  025.82710500 51
116  66.55967003  025.82778463  66.55970072  025.82814371
120 Centreline for Taxi
112  66.56173219  025.83033368  66.56181273  025.83002723 51
112  66.56197265  025.82941240  66.56205242  025.82910466 51
112  66.56261935  025.82691760  66.56269912  025.82660987 51
116  66.56316917  025.82727587  66.56345595  025.82782245
120 Centreline for Taxi K
112  66.56917171  025.83233683  66.56900152  025.83198938 51
112  66.56869429  025.83136217  66.56852410  025.83101472 51
112  66.56818369  025.83031993  66.56801348  025.82997254 51
112  66.56683831  025.82757407  66.56666810  025.82722669 51
112  66.56632382  025.82654421  66.56615103  025.82620502 51
112  66.56427218  025.82251679  66.56409939  025.82217760 51
116  66.56376013  025.82147955  66.56359155  025.82112726
120 Centreline for Taxi D
112  66.57048896  025.84652718  66.57066299  025.84686239 51
112  66.57096400  025.84692400  66.57110667  025.84685333 51
112  66.57127250  025.84669450  66.57133550  025.84661217 51
112  66.57145300  025.84639050  66.57151033  025.84627017 51
112  66.57157350  025.84608250  66.57159650  025.84599750 51
112  66.57163850  025.84576200  66.57165883  025.84563333 51
112  66.57168400  025.84540200  66.57169400  025.84529067 51
112  66.57169850  025.84487900  66.57169817  025.84464167 51
112  66.57162900  025.84389950  66.57158300  025.84348383 51
116  66.57199051  025.84409504  66.57227752  025.84464106
120 Centreline for Taxi D
112  66.57112993  025.84245566  66.57141664  025.84300255 51
116  66.57162900  025.84389950  66.57167500  025.84431517
120 Centreline for Taxi G
112  66.57112993  025.84245566  66.57141664  025.84300255 51
116  66.57184700  025.84318550  66.57203833  025.84312517
120 Centreline for Taxi join
112  66.57162900  025.84389950  66.57158300  025.84348383 51
116  66.57184700  025.84318550  66.57203833  025.84312517
120 Centreline for Taxi join
112  66.56625300  025.83406750  66.56636900  025.83367917 51
116  66.56675565  025.83351115  66.56697475  025.83352858
120 Centreline for Taxi C
112  66.56625300  025.83406750  66.56636900  025.83367917 51
116  66.56599683  025.83266513  66.56571005  025.83211855
120 Centreline for Taxi J
112  66.56675565  025.83351115  66.56653655  025.83349372 51
116  66.56599683  025.83266513  66.56571005  025.83211855
120 Centreline for Taxi B
112  66.56020237  025.82263430  66.56032879  025.82218410 51
116  66.56082132  025.82278160  66.56110753  025.82332999
120 Centreline for Taxi L
112  66.55740485  025.81627334  66.55769162  025.81681978 51
116  66.55804422  025.81645536  66.55818371  025.81603027
120 Centreline for Taxi join
112  66.56173219  025.83033368  66.56181273  025.83002723 51
116  66.56211376  025.83037763  66.56228760  025.83071339
120 Centreline for Taxi join
112  66.56167100  025.82952750  66.56179233  025.82975850 51
116  66.56197265  025.82941240  66.56205242  025.82910466
120 Centreline for Taxi join
112  66.56211376  025.83037763  66.56193992  025.83004188 51
116  66.56197265  025.82941240  66.56205242  025.82910466
120 Centreline for Taxi join
112  66.55648750  025.82054100  66.55658450  025.82021233 51
116  66.55689645  025.82054259  66.55707208  025.82087231
120 Centreline for Taxi join
112  66.55540630  025.81842464  66.55549143  025.81812621 51
116  66.55579709  025.81847277  66.55597248  025.81880329
120 Centreline for Taxi join
112  66.55317919  025.81334040  66.55326773  025.81328413 51
116  66.55337050  025.81354750  66.55340950  025.81374183
120 Centreline for Taxi join
112  66.55159600  025.81423600  66.55152200  025.81420933 51
116  66.55155186  025.81397782  66.55159643  025.81383237
120 Centreline for Taxi join
112  66.55877750  025.82476000  66.55887517  025.82448533 51
116  66.55866049  025.82385359  66.55848482  025.82352399
120 Centreline for Taxi join
112  66.55927550  025.82501900  66.55917783  025.82484367 51
116  66.55896011  025.82529832  66.55884751  025.82565986
120 Centreline for Taxi join
112  66.55968501  025.82577812  66.55950967  025.82544737 51
116  66.55961941  025.82462095  66.55975102  025.82418025
120 Centreline for Taxi join
112  66.55968501  025.82577812  66.55950967  025.82544737 51
116  66.55947998  025.82581328  66.55951863  025.82616747
120 Centreline for Taxi join
112  66.55961941  025.82462095  66.55948780  025.82506165 51
116  66.55947998  025.82581328  66.55951863  025.82616747
120 Centreline for Taxi join
112  66.56568504  025.83727382  66.56551101  025.83693861 51
116  66.56562700  025.83612058  66.56576234  025.83568696
120 Centreline for Taxi join
112  66.57101102  025.84753297  66.57083701  025.84719766 51
116  66.57096400  025.84692400  66.57110667  025.84685333
120 Centreline for Taxi join
112  66.56388493  025.82245513  66.56397031  025.82215704 51
116  66.56427218  025.82251679  66.56444497  025.82285598
120 Centreline for Path
112  66.55940929  025.82735629  66.55955243  025.82728276 51
116  66.55958400  025.82682300  66.55955733  025.82654100
120 Centreline for Path
112  66.55981950  025.82961500  66.55979383  025.82926033 51
116  66.55956679  025.82919928  66.55942398  025.82927680
120 Centreline for Path
112  66.55981950  025.82961500  66.55984517  025.82996967 51
116  66.55964474  025.83027387  66.55950256  025.83035845
120 Centreline for Path
112  66.55981950  025.82961500  66.55984517  025.82996967 51
116  66.56007284  025.83003820  66.56021606  025.82996567
120 Centreline for Path
112  66.55989450  025.83064700  66.55987017  025.83031367 51
116  66.55964474  025.83027387  66.55950256  025.83035845
120 Centreline for Path
112  66.55989450  025.83064700  66.55987017  025.83031367 51
116  66.56007284  025.83003820  66.56021606  025.82996567
120 Centreline for Path
112  66.55989450  025.83064700  66.55991883  025.83098033 51
116  66.55971647  025.83125956  66.55957345  025.83133459
120 Centreline for Path
112  66.55989450  025.83064700  66.55991883  025.83098033 51
116  66.56014474  025.83102538  66.56028724  025.83094429
120 Centreline for Path
112  66.55996950  025.83164300  66.55994383  025.83131233 51
116  66.55971647  025.83125956  66.55957345  025.83133459
120 Centreline for Path
112  66.55996950  025.83164300  66.55994383  025.83131233 51
116  66.56014474  025.83102538  66.56028724  025.83094429
120 Centreline for Path
112  66.55996950  025.83164300  66.55999517  025.83197367 51
116  66.55979198  025.83223183  66.55964797  025.83229372
120 Centreline for Path
112  66.55996950  025.83164300  66.55999517  025.83197367 51
116  66.56021912  025.83199119  66.56035986  025.83189265
120 Centreline for Path
112  66.56004300  025.83262200  66.56001967  025.83230000 51
116  66.55979198  025.83223183  66.55964797  025.83229372
120 Centreline for Path
112  66.56004300  025.83262200  66.56001967  025.83230000 51
116  66.56021912  025.83199119  66.56035986  025.83189265
120 Centreline for Path
112  66.56011113  025.83364960  66.56008904  025.83328653 51
116  66.55986419  025.83322594  66.55972166  025.83330657
120 Centreline for Path
112  66.56049700  025.83444000  66.56039967  025.83441467 51
116  66.56043307  025.83389115  66.56048778  025.83355059
120 Centreline for Path
112  66.55138800  025.81407800  66.55132333  025.81399933 51
116  66.55135898  025.81374403  66.55140430  025.81360004
120 Centreline for Taxi
112  66.56230968  025.82563340  66.56259589  025.82618180 51
116  66.56261935  025.82691760  66.56253958  025.82722534
120 Centreline for Taxi
112  66.56261935  025.82691760  66.56269912  025.82660987 51
116  66.56286707  025.82600887  66.56295244  025.82571079
120 Taxi G hold short
111  66.57235022  025.84336002 54
115  66.57226378  025.84258598
120 Taxi A hold short
111  66.55367522  025.81078192 54
115  66.55385878  025.81144008
120 Taxi E hold short
111  66.57490421  025.85154609 54
115  66.57517579  025.85197191
120 Taxi C hold short
111  66.56595100  025.83440866 54
115  66.56620700  025.83489134
120 Taxi J hold short
111  66.56763369  025.83398061 54
115  66.56760831  025.83317939
120 Taxi D hold short
111  66.57154285  025.84514643 54
115  66.57185515  025.84532357
120 Taxi B hold short
111  66.55986467  025.82314024 54
115  66.56011733  025.82363376
120 Taxi L hold short
111  66.55839673  025.81601281 54
115  66.55815527  025.81548519
120 Taxi E hold short
111  66.57486126  025.85171889 56 103
115  66.57513274  025.85214511
120 Taxi G hold short
111  66.57246828  025.84325414 56 103
115  66.57235972  025.84249786
120 Taxi D hold short
111  66.57181776  025.84571746 56 103
115  66.57152024  025.84542054
120 Taxi C hold short
111  66.56584409  025.83477374 56 103
115  66.56610191  025.83525026
120 Taxi J hold short
111  66.56771233  025.83316062 56 103
115  66.56776967  025.83395138
120 Taxi B hold short
111  66.56003202  025.82390919 56 103
115  66.55977598  025.82342681
120 Taxi L hold short
111  66.55820668  025.81533685 56 103
115  66.55845132  025.81585515
120 Taxi A hold short
111  66.55375860  025.81161239 56 103
115  66.55354340  025.81101761
120 9
111  66.55821047  025.82602700 51
115  66.55830953  025.82626500
120 8
111  66.55844001  025.82668893 51
115  66.55854799  025.82690107
120 7
111  66.55873502  025.82756215 51
115  66.55875698  025.82783185
120 GA Ramp  1
111  66.55117317  025.81343649 51
115  66.55112883  025.81351751
120 GA Ramp  2
111  66.55173073  025.81350698 51
115  66.55168727  025.81342302
120 GA Ramp  3
111  66.55156651  025.81319568 51
115  66.55152349  025.81311032
120 GA Ramp  4
111  66.55484100  025.81904714 51
115  66.55479300  025.81921486
120 GA Ramp  5
111  66.55611765  025.82204095 51
115  66.55622235  025.82212305
120 GA Ramp  6
111  66.55915042  025.82928446 51
115  66.55917358  025.82955354
120 GA Ramp  7
111  66.55921837  025.83038606 51
115  66.55924363  025.83065394
120 GA Ramp  8
111  66.56056783  025.82992793 51
115  66.56054617  025.82965807
120 GA Ramp  9
111  66.55939376  025.83226333 51
115  66.55941224  025.83253467
120 GA Ramp 10
111  66.56072971  025.83177660 51
115  66.56070029  025.83151140
120 GA Ramp 11
111  66.56063785  025.83298454 51
115  66.56053615  025.83288146
120 GA Ramp 13
111  66.55931179  025.83133127 51
115  66.55933421  025.83160073
120 GA Ramp 14
111  66.56065311  025.83087725 51
115  66.56062889  025.83060875
120 GA Ramp 15
111  66.55947196  025.83330672 51
115  66.55949604  025.83357528
120 Apron edge
111  66.55132700  025.81247000 102
111  66.55096700  025.81354600 102
115  66.55149000  025.81449100
120 Apron edge
111  66.55170700  025.81399900 102
115  66.55204800  025.81296200
120 Apron edge
111  66.55478735  025.81842322 102
111  66.55510000  025.81898400 102
115  66.55521400  025.81863200
120 Apron edge
111  66.55525900  025.81945500 102
111  66.55508600  025.82003900 102
115  66.55455472  025.81923348
120 Apron edge
111  66.55519043  025.82091789 102
111  66.55581116  025.82066993 102
115  66.55630500  025.82046600
120 Apron edge
111  66.55647100  025.82130700 102
115  66.55642000  025.82147600
120 Apron edge
111  66.55786206  025.82686200 102
111  66.55766700  025.82652600 102
111  66.55771800  025.82632100 102
111  66.55775800  025.82614800 102
111  66.55772500  025.82601400 102
111  66.55737500  025.82516400 102
111  66.55779900  025.82373600 102
111  66.55776900  025.82353100 102
111  66.55773000  025.82347600 102
115  66.55789800  025.82296200
120 Apron edge
111  66.55982400  025.83682400 102
111  66.55996900  025.83693400 102
111  66.56012200  025.83689500 102
111  66.56026000  025.83666400 102
111  66.56045200  025.83602900 102
111  66.56181500  025.83090800 102
111  66.56186900  025.83078400 102
111  66.56197500  025.83070900 102
115  66.56205200  025.83079700
120 Apron edge
111  66.55899900  025.83414800 102
111  66.55902800  025.83504500 102
111  66.55908500  025.83534900 102
111  66.55919800  025.83567400 102
111  66.55927100  025.83581600 102
115  66.55981600  025.83685300
120 Apron edge
111  66.56666500  025.82666500 102
111  66.56675500  025.82604500 102
111  66.56674600  025.82414300 102
115  66.56765500  025.82417400
120 Apron edge
111  66.56947500  025.83326400 102
111  66.56963600  025.83327800 102
111  66.56972100  025.83330600 102
111  66.56980600  025.83340500 102
111  66.57007800  025.83388100 102
111  66.57235400  025.83304000 102
111  66.57275900  025.83288200 102
111  66.57290000  025.83289500 102
111  66.57300700  025.83300900 102
111  66.57305200  025.83320700 102
111  66.57305800  025.83353300 102
115  66.57300000  025.83469600
120 Apron edge
111  66.57337600  025.82937400 102
111  66.57348900  025.83087900 102
111  66.57344700  025.83299500 102
115  66.57332700  025.83486200
120 Apron edge
111  66.57143900  025.83054500 102
111  66.56945700  025.83131100 102
111  66.56938300  025.83130800 102
111  66.56932300  025.83132600 102
111  66.56925100  025.83126500 102
111  66.56871700  025.83005400 102
115  66.56941500  025.82750600
21  66.55600042  025.81224482 2 37.2100 3.0 03 PAPI4
21  66.57364358  025.84859318 2 217.2100 3.0 21 PAPI4
20  66.57523456  025.85200936 320.1600 0 3 {@Y}{^l}E
20  66.57486600  025.85062800 37.0000 0 3 {@Y}E{^r}
20  66.57202700  025.84529000 217.0000 0 3 {@Y}{^l}D
20  66.57247300  025.84391800 217.0000 0 3 {@Y}G{^r}
20  66.57159600  025.84227000 37.0000 0 3 {@Y}{^l}G
20  66.57118100  025.84371900 37.0000 0 3 {@Y}D{^r}
20  66.56677400  025.83524200 217.0000 0 3 {@Y}{^l}C
20  66.56760800  025.83472600 217.0000 0 3 {@Y}J{^rd}
20  66.56663300  025.83268200 37.0000 0 3 {@Y}{^lu}J
20  66.56582900  025.83348300 37.0000 0 3 {@Y}C{^r}
20  66.56057000  025.82343000 217.0000 0 3 {@Y}{^l}B
20  66.55982400  025.82197300 37.0000 0 3 {@Y}B{^r}
20  66.55844300  025.81712600 217.0000 0 3 {@Y}L{^r}
20  66.55761600  025.81552900 37.0000 0 3 {@Y}{^l}L
20  66.55427700  025.81151900 217.0000 0 3 {@Y}{^lu}A
20  66.55622000  025.82037500 307.0000 0 3 {@L}Q{@Y}{^l}T{^r}
20  66.55545100  025.81900400 304.0000 0 3 {@L}P{@Y}{^l}T{^r}
20  66.55307200  025.81294900 344.0600 0 3 {@L}M{@Y}{^l}A{^r}
20  66.55362900  025.81066100 332.0000 0 3 {@L}A{@R}3
20  66.55355400  025.81317900 85.0000 0 3 {@L}A{@Y}M{^r}
20  66.55318600  025.81376500 244.0000 0 3 {@L}A{@Y}{^l}M
20  66.55390800  025.81423500 48.0800 0 3 {@L}A{@Y}{^lu}T
20  66.55362900  025.81514400 217.0000 0 3 {@L}T{@Y}A{^ru}
20  66.55567800  025.81761200 37.0000 0 3 {@L}T{@Y}P{^r}
20  66.55559800  025.81901700 217.0000 0 3 {@L}T{@Y}{^l}P
20  66.55672702  025.81960731 37.0000 0 3 {@L}T{@Y}Q{^r}
20  66.55666600  025.82109100 217.0000 0 3 {@L}T{@Y}{^l}Q
20  66.55932000  025.82452000 37.0000 0 3 {@L}T{@Y}{^l}B
20  66.56046800  025.82662900 219.0000 0 3 {@L}T{@Y}B{^r}
20  66.56534800  025.83565600 37.0000 0 3 {@L}T{@Y}{^l}C
20  66.56533900  025.83713900 217.0000 0 3 {@L}T{@Y}C{^r}
20  66.57071300  025.84624400 37.0000 0 3 {@L}T{@Y}{^lu}D
20  66.57107300  025.84886900 217.0000 0 3 {@L}T{@Y}D{^rd}
20  66.57392100  025.85231600 37.0000 0 3 {@L}T{@Y}{^lu}E
20  66.57365200  025.85322900 194.0000 0 3 {@L}E{@Y}T{^ru}
20  66.57485900  025.85148000 302.0000 0 3 {@L}E{@R}21
20  66.56588000  025.83648200 128.0000 0 3 {@L}C{@Y}{^l}T{^r}
20  66.56588800  025.83428700 308.0000 0 3 {@L}C{@R}3-21
20  66.56767700  025.83411000 169.0000 0 3 {@L}J{@R}21-3
20  66.56919900  025.83356900 349.0000 0 3 {@L}J{@Y}{^ld}K
20  66.57233700  025.84347800 156.9500 0 3 {@L}G{@R}21-3
20  66.56925100  025.83114300 38.0000 0 3 {@L}K{@Y}J{^rd}
20  66.57146800  025.84517900 275.4900 0 3 {@L}D{@R}3-21
20  66.57139600  025.84724300 172.0000 0 3 {@L}D{@Y}{^ld}T{^ru}
20  66.55981400  025.82304700 307.0000 0 3 {@L}B{@R}3-21
20  66.55983000  025.82522900 127.0000 0 3 {@L}B{@Y}{^l}T{^r}
20  66.55842500  025.81620400 130.0000 0 3 {@L}L{@R}21-3
14  66.56275900  025.83666400   6.56 0 Rovaniemi Tower
1300  66.55874600  025.82769700 171.25 gate jets|turboprops|props 7
1300  66.55849400  025.82679500 141.32 gate jets|turboprops|props 8
1300  66.55826000  025.82614600 127.61 gate jets|turboprops|props 9
1300  66.55115100  025.81347700 243.68 misc props|helos GA Ramp  1
1300  66.55170900  025.81346500 309.17 misc props|helos GA Ramp  2
1300  66.55154500  025.81315300 309.17 misc props|helos GA Ramp  3
1300  66.55481700  025.81913100 212.58 misc props|helos GA Ramp  4
1300  66.55617000  025.82208200  87.83 misc turboprops|props GA Ramp  5
1300  66.55916200  025.82941900 173.73 misc turboprops|props GA Ramp  6
1300  66.55923100  025.83052000 173.73 misc turboprops|props GA Ramp  7
1300  66.56055700  025.82979300 353.02 misc turboprops|props GA Ramp  8
1300  66.55940300  025.83239900 173.73 misc turboprops|props GA Ramp  9
1300  66.56071500  025.83164400 347.76 misc turboprops|props GA Ramp 10
1300  66.56058700  025.83293300 277.87 misc turboprops|props GA Ramp 11
1300  66.55932300  025.83146600 173.73 misc turboprops|props GA Ramp 13
1300  66.56064100  025.83074300 353.02 misc turboprops|props GA Ramp 14
1300  66.55948400  025.83344100 173.73 misc turboprops|props GA Ramp 15
53 11852 GND
54 11870 TWR
55 11860 APP
99
