I
1130 Generated by WorldEditor 2.0.0r4

1    541 0 0 EFRU Ranua
1302 city Ranua
1302 country Finland
1302 datum_lat 65.973055556
1302 datum_lon 26.365277778
1302 faa_code 
1302 iata_code 
1302 icao_code EFRU
1302 region_code EF
1302 state Lapland
1302 transition_alt 
1302 transition_level 
100 22.86 1 0 0.25 0 0 0 15  65.97691600  026.36066800    0    0 1 0 0 0 33  65.96640600  026.37049400    0    0 1 0 0 0
110 1 0.25 249.2000 main taxiway & apron
111  65.97609510  026.36167345
112  65.97613922  026.36170259  65.97614610  026.36170833
112  65.97617399  026.36173783  65.97618087  026.36174568
112  65.97621432  026.36179962  65.97621899  026.36180898
112  65.97625237  026.36188217  65.97625692  026.36189455
112  65.97629232  026.36200367  65.97629724  026.36202209
112  65.97634353  026.36220333  65.97634698  026.36222446
111  65.97646667  026.36295923
111  65.97652827  026.36336786
111  65.97661344  026.36401253
112  65.97680899  026.36566256  65.97681145  026.36568319
112  65.97680154  026.36577223  65.97679912  026.36578603
112  65.97678234  026.36583420  65.97677792  026.36584597
111  65.97675677  026.36588579
112  65.97672298  026.36594635  65.97671659  026.36595963
112  65.97668920  026.36605626  65.97668374  026.36607872
112  65.97667002  026.36620206  65.97667002  026.36624563
112  65.97667002  026.36657665  65.97666967  026.36660881
112  65.97665632  026.36674263  65.97665349  026.36677002
112  65.97659268  026.36717320  65.97658936  026.36719494
112  65.97656833  026.36724797  65.97656440  026.36726427
112  65.97655539  026.36736199  65.97655514  026.36739893
111  65.97655996  026.36779472
111  65.97688857  026.36777260
112  65.97689025  026.36747294  65.97689033  026.36745764
112  65.97689481  026.36739872  65.97689626  026.36738530
112  65.97690552  026.36733362  65.97690799  026.36732105
112  65.97691834  026.36728795  65.97692175  026.36727726
112  65.97693893  026.36724991  65.97694405  026.36724299
112  65.97697020  026.36722934  65.97697964  026.36722753
111  65.97725289  026.36718177
111  65.97724007  026.36670706
111  65.97710955  026.36672901
111  65.97710029  026.36653835
111  65.97748230  026.36635142
111  65.97746480  026.36613646
111  65.97738489  026.36617727
111  65.97729271  026.36529701
112  65.97693733  026.36552880  65.97692459  026.36553619
112  65.97687695  026.36549841  65.97686739  026.36548841
112  65.97683460  026.36539421  65.97683071  026.36536030
111  65.97666642  026.36396988
111  65.97658195  026.36332313
111  65.97652108  026.36290817
111  65.97639820  026.36214774
112  65.97633302  026.36177455  65.97633046  026.36175794
112  65.97632245  026.36166854  65.97632122  026.36165194
112  65.97632025  026.36155821  65.97632055  026.36153756
113  65.97633655  026.36145112
110 1 0.25 159.2000 embarkment rwy 33
111  65.96635772  026.37018469
111  65.96645373  026.37080410
111  65.96981806  026.36766059
113  65.96972203  026.36704096
110 5 0.40 159.2000 extension rwy 33
111  65.96638583  026.37015842
111  65.96584952  026.37065957
111  65.96594558  026.37127910
113  65.96648341  026.37077625
110 5 0.40 159.2000 extension rwy 15
111  65.97694859  026.36090787
111  65.97702464  026.36083687
111  65.97695145  026.36036462
113  65.97687439  026.36043657
110 2 0.20 159.2000 New Taxiway 4
111  65.97434666  026.36375782
111  65.97437580  026.36394766
111  65.97445309  026.36387608
113  65.97442395  026.36368624
130 Airport Boundary 25
111  65.97053204  026.36578083
111  65.96584378  026.37011420
111  65.96578881  026.37076973
111  65.96584378  026.37132886
111  65.96611759  026.37163558
111  65.97020757  026.36788415
111  65.97446610  026.36396154
111  65.97627294  026.36226843
111  65.97667922  026.36559705
111  65.97656252  026.36655502
111  65.97643436  026.36789452
111  65.97699061  026.36786773
111  65.97698843  026.36750206
111  65.97727637  026.36742169
111  65.97752178  026.36666621
111  65.97750542  026.36580624
111  65.97732218  026.36510702
111  65.97692953  026.36537224
111  65.97652707  026.36209315
111  65.97723711  026.36132964
113  65.97705715  026.35958561
120 rwy hold
111  65.97634293  026.36219942 4
115  65.97639732  026.36214357
120 Linear Feature 10
111  65.97637261  026.36218072 1
111  65.97643474  026.36256300 1
111  65.97648299  026.36286364 1
111  65.97652713  026.36316274 1
111  65.97657930  026.36353132 1
111  65.97663721  026.36397627 1
111  65.97669795  026.36448504 1
111  65.97675964  026.36500504 1
115  65.97679976  026.36535552
120 Linear Feature 9
111  65.97542464  026.36207578 1
112  65.97596334  026.36157199  65.97598066  026.36155601 1
112  65.97602205  026.36154119  65.97603410  026.36153787 1
112  65.97608964  026.36153894  65.97610193  026.36154105 1
112  65.97614408  026.36157049  65.97615342  026.36157773 1
112  65.97620096  026.36162457  65.97620882  026.36163483 1
112  65.97624377  026.36169518  65.97624955  026.36170605 1
112  65.97627436  026.36176279  65.97627964  026.36177577 1
112  65.97630463  026.36184467  65.97630979  026.36186187 1
116  65.97634088  026.36200210  65.97634331  026.36201637
120 Linear Feature 8
112  65.97636668  026.36119577  65.97635648  026.36120483 1
112  65.97632705  026.36126608  65.97632127  026.36128027 1
112  65.97629732  026.36135713  65.97629265  026.36137554 1
112  65.97628448  026.36142834  65.97628263  026.36145098 1
112  65.97627958  026.36150917  65.97627909  026.36152879 1
112  65.97628007  026.36158158  65.97628069  026.36160271 1
112  65.97628484  026.36166181  65.97628743  026.36168747 1
112  65.97630197  026.36178861  65.97630627  026.36181578 1
111  65.97634088  026.36200210 1
115  65.97636897  026.36215957
14  65.97709799  026.36647764  32.81 0 New Tower Viewpoint 31
1300  65.97702872  026.36598681 255.00 misc props Hangar
1301 A none 
1300  65.97697944  026.36558086  75.00 misc props Parking 1
1301 A none 
1300  65.97675263  026.36646308  -3.00 misc props Parking 2
1301 A none 
1300  65.97671866  026.36690182  -3.00 misc props Parking 3
1301 A none 
19  65.97439929  026.36381728 0 WDI
1051 123500 Ranua AFIS
99
