I
1130 Generated by WorldEditor 2.0.0r4

1    515 0 0 EFRV Kiuruvesi
1302 city Kiuruvesi
1302 country Finland
1302 datum_lat 63.705555556
1302 datum_lon 26.616388889
1302 faa_code 
1302 iata_code 
1302 icao_code EFRV
1302 region_code EF
1302 state Eastern Finland
1302 transition_alt 
1302 transition_level 
100 17.98 1 0 0.25 0 0 0 15  63.70775600  026.61384800  170    0 2 0 0 0 33  63.70088900  026.62063900  180    0 2 0 0 0
110 1 0.25 60.0000 New Taxiway 1
111  63.70095733  026.62040552
112  63.70094034  026.62038434  63.70093773  026.62038087
112  63.70092670  026.62035758  63.70092352  026.62034719
111  63.70078288  026.61984284
111  63.70087091  026.61972063
111  63.70068117  026.61901767
111  63.70040284  026.61939586
111  63.70057893  026.62007318
111  63.70071264  026.61992218
112  63.70083600  026.62036454  63.70083998  026.62038517
113  63.70086399  026.62051010
130 Airport Boundary 7
111  63.70170448  026.61916365
111  63.70149493  026.61822094
111  63.70086155  026.61867237
111  63.70029742  026.61933793
111  63.70042819  026.61995139
111  63.70068257  026.62127592
111  63.70643407  026.61574500
111  63.70810014  026.61405089
113  63.70795085  026.61312916
120 Linear Feature 3
111  63.70081300  026.61995088 4
115  63.70074742  026.62004532
120 Linear Feature 5
111  63.70078436  026.62000770 10
112  63.70089187  026.62041429  63.70089622  026.62043010 10
112  63.70091782  026.62048291  63.70092520  026.62049572 10
112  63.70094414  026.62051869  63.70095166  026.62052534 10
112  63.70096144  026.62052806  63.70096778  026.62052872 10
112  63.70097349  026.62052886  63.70097968  026.62052720 10
112  63.70098471  026.62052505  63.70099100  026.62052205 10
112  63.70101086  026.62050570  63.70101713  026.62049937 10
115  63.70107738  026.62043986
120 Linear Feature 4
111  63.70072307  026.61978219 10
115  63.70077823  026.61998522
14  63.70095721  026.61997254  16.40 0 New Tower Viewpoint 5
1300  63.70056954  026.61992969 -211.50 misc props 1
1301 A none 
1300  63.70081170  026.61951013 -53.00 misc props 2
1301 A none 
1051 123500 Kiuruvesi Radio
99
