I
1130 Generated by WorldEditor 2.1.0r1

1    407 0 0 EFRY Rayskala
1302 city Loppi
1302 country Finland
1302 datum_lat 60.744722222
1302 datum_lon 24.107777778
1302 faa_code 
1302 gui_label 3D
1302 iata_code 
1302 icao_code EFRY
1302 region_code EF
1302 state Southern Finland
1302 transition_alt 
1302 transition_level 
1302 flatten 1
100 17.98 1 0 0.25 0 0 0 08R  60.74140012  024.09964499  160    0 1 0 0 0 26L  60.74266912  024.11816199  250    0 1 0 0 0
100 10.06 1 0 0.25 0 0 0 08L  60.74252545  024.09993609    0    0 2 0 0 0 26R  60.74357214  024.11581118    0    0 2 0 0 0
100 17.98 1 0 0.25 0 0 0 12L  60.74965609  024.10079780  230    0 1 0 0 0 30R  60.74248609  024.11889480  370    0 1 0 0 0
100 10.06 1 0 0.25 0 0 0 12R  60.74539974  024.10797287    0    0 2 0 0 0 30L  60.74272224  024.11490338    0    0 2 0 0 0
110 1 0.10 40.0000 Taxiway 1
111  60.74440138  024.11433923
111  60.74572657  024.11656733
111  60.74554109  024.11706528
111  60.74557284  024.11738826
111  60.74574715  024.11723655
111  60.74586515  024.11690849
111  60.74585565  024.11675001
111  60.74588934  024.11664963
111  60.74658598  024.11716383
111  60.74677579  024.11756389
111  60.74685227  024.11739668
111  60.74648151  024.11661370
111  60.74640233  024.11678009
111  60.74594530  024.11654976
111  60.74617964  024.11597926
111  60.74609564  024.11583652
112  60.74581902  024.11648958  60.74579472  024.11648721
111  60.74581902  024.11648958
112  60.74581902  024.11648958  60.74581310  024.11648900
112  60.74560596  024.11614521  60.74548258  024.11593835
111  60.74560596  024.11614521
112  60.74560596  024.11614521  60.74556863  024.11608262
112  60.74548415  024.11594007  60.74544063  024.11586652
111  60.74548415  024.11594007
112  60.74548415  024.11594007  60.74508073  024.11525823
113  60.74445687  024.11418439
110 1 0.05 40.0000 Fueling Station
111  60.74545439  024.11610455
111  60.74532942  024.11642894
111  60.74528197  024.11635080
111  60.74521255  024.11653786
111  60.74554099  024.11706627
111  60.74560598  024.11689067
111  60.74539885  024.11655444
113  60.74552961  024.11622057
110 4 0.10 310.0000 Taxiway 2
111  60.74671475  024.11481128
112  60.74579073  024.11314825  60.74577940  024.11307093
111  60.74577930  024.11299012
111  60.74564015  024.11334128
112  60.74574467  024.11332851  60.74578219  024.11333844
111  60.74623633  024.11414549
112  60.74623411  024.11421637  60.74622801  024.11424446
111  60.74623411  024.11421637
112  60.74623411  024.11421637  60.74622495  024.11427623
112  60.74555091  024.11591723  60.74553174  024.11593836
111  60.74555091  024.11591723
112  60.74555091  024.11591723  60.74552973  024.11594057
111  60.74548415  024.11594007
111  60.74560596  024.11614521
112  60.74560455  024.11601963  60.74560373  024.11597962
112  60.74629279  024.11429175  60.74630908  024.11425507
111  60.74633226  024.11428857
113  60.74667867  024.11490944
110 1 0.05 310.0000 Taxiway 3
111  60.74495844  024.11506125
112  60.74564015  024.11334128  60.74605720  024.11228883
111  60.74564015  024.11334128
112  60.74564015  024.11334128  60.74568483  024.11322853
112  60.74577930  024.11299012  60.74582734  024.11286888
111  60.74577930  024.11299012
112  60.74577930  024.11299012  60.74581501  024.11289998
112  60.74588906  024.11271310  60.74592650  024.11261861
111  60.74588906  024.11271310
112  60.74588906  024.11271310  60.74590859  024.11266382
112  60.74594831  024.11256356  60.74596828  024.11251315
111  60.74594831  024.11256356
112  60.74594831  024.11256356  60.74762077  024.10834234
112  60.75084199  024.10016383  60.75085687  024.10008357
111  60.75084199  024.10016383
112  60.75084199  024.10016383  60.75086212  024.10005523
112  60.75086621  024.09968780  60.75085857  024.09954717
111  60.75086621  024.09968780
112  60.75086621  024.09968780  60.75086386  024.09953093
112  60.75074308  024.09919555  60.75068780  024.09908262
111  60.75074308  024.09919555
112  60.75074308  024.09919555  60.75069164  024.09909038
112  60.75051759  024.09902347  60.75039513  024.09898951
111  60.75051759  024.09902347
112  60.75051759  024.09902347  60.75041491  024.09900012
112  60.75026909  024.09916124  60.75020945  024.09921090
111  60.75026909  024.09916124
112  60.75026909  024.09916124  60.75020505  024.09923238
111  60.74963545  024.10077630
111  60.74968388  024.10085680
112  60.75030579  024.09929883  60.75035337  024.09922019
111  60.75030579  024.09929883
112  60.75030579  024.09929883  60.75038571  024.09920118
112  60.75050844  024.09919521  60.75055139  024.09920008
111  60.75050844  024.09919521
112  60.75050844  024.09919521  60.75056025  024.09921056
112  60.75068830  024.09930652  60.75074203  024.09938547
111  60.75068830  024.09930652
112  60.75068830  024.09930652  60.75072100  024.09935519
112  60.75079021  024.09968032  60.75079737  024.09983069
111  60.75079021  024.09968032
112  60.75079021  024.09968032  60.75080814  024.09980661
112  60.75077903  024.10009888  60.75076806  024.10018875
112  60.74495844  024.11481152  60.74494540  024.11482486
113  60.74484698  024.11487787
110 1 0.05 310.0000 Taxiway 4
111  60.74485530  024.11508914
112  60.74439434  024.11630567  60.74439346  024.11634539
112  60.74450589  024.11812009  60.74449706  024.11818148
111  60.74450589  024.11812009
112  60.74450589  024.11812009  60.74450497  024.11812648
112  60.74447835  024.11831095  60.74444794  024.11836957
111  60.74447835  024.11831095
112  60.74447835  024.11831095  60.74444192  024.11840865
112  60.74300022  024.12092218  60.74297596  024.12092970
112  60.74287243  024.12084275  60.74285037  024.12076000
111  60.74270232  024.11814005
111  60.74258899  024.11817125
111  60.74260277  024.11834645
111  60.74265030  024.11873248
112  60.74280721  024.12093632  60.74281677  024.12097394
112  60.74285375  024.12105337  60.74286919  024.12106540
112  60.74301684  024.12108120  60.74303817  024.12106315
112  60.74455221  024.11835688  60.74457162  024.11827202
112  60.74457714  024.11814357  60.74457802  024.11801537
112  60.74447978  024.11637818  60.74447802  024.11634207
113  60.74491317  024.11518588
110 1 0.05 74.0000 Taxiway 5
111  60.74567567  024.11302308
112  60.74471868  024.11131922  60.74471209  024.11122038
111  60.74471868  024.11131922
112  60.74471868  024.11131922  60.74471254  024.11122721
112  60.74206132  024.09206872  60.74173278  024.08975193
111  60.74206132  024.09206872
112  60.74206132  024.09206872  60.74203693  024.09189679
111  60.74193746  024.09183274
112  60.74181227  024.09174825  60.74176044  024.09174118
112  60.74102947  024.09195406  60.74098456  024.09200355
112  60.74094460  024.09215011  60.74092386  024.09222787
112  60.74089144  024.09239181  60.74088798  024.09250491
111  60.74135511  024.09967481
111  60.74144456  024.09965819
111  60.74097384  024.09238963
112  60.74108086  024.09211774  60.74113269  024.09211067
112  60.74180311  024.09194482  60.74184457  024.09195189
112  60.74197534  024.09209581  60.74200954  024.09217992
112  60.74463995  024.11143718  60.74467289  024.11158544
113  60.74562492  024.11314859
110 1 0.05 350.0000 Taxiway 6
111  60.74256669  024.09993536
111  60.74305825  024.09979558
111  60.74303092  024.09958216
111  60.74249512  024.09973357
113  60.74250959  024.09994849
110 1 0.05 40.0000 Taxiway 7
111  60.74543440  024.10803290
111  60.74548076  024.10793189
111  60.74550429  024.10790540
111  60.74615022  024.10777029
111  60.74617726  024.10778102
111  60.74638037  024.10811338
111  60.74633383  024.10893202
111  60.74680241  024.10774510
111  60.74643064  024.10798763
111  60.74619625  024.10762272
111  60.74614993  024.10761388
111  60.74546809  024.10775053
111  60.74542875  024.10778944
113  60.74537033  024.10792984
110 1 0.05 40.0000 Taxiway 8
111  60.74610269  024.10950476
111  60.74580715  024.10900560
111  60.74572757  024.10922081
113  60.74602271  024.10971343
110 1 0.05 40.0000 Taxiway 9
111  60.74667715  024.10854131
111  60.74713880  024.10935621
111  60.74720530  024.10917496
113  60.74674299  024.10837431
110 1 0.00 130.0000 Taxiway 11
111  60.74268868  024.11484200
111  60.74220395  024.11603009
111  60.74227644  024.11615380
113  60.74275900  024.11495739
110 1 0.00 260.0000 Taxiway 10
111  60.74352670  024.11601422
111  60.74358894  024.11586464
111  60.74361547  024.11579800
113  60.74352760  024.11582242
110 1 0.08 38.0000 Hangar 3 Ramp
111  60.74615749  024.11248915
111  60.74608049  024.11268394
111  60.74594831  024.11256356
111  60.74588906  024.11271310
111  60.74603484  024.11283637
111  60.74624741  024.11318824
113  60.74637889  024.11285565
130 Airport Boundary
111  60.74805042  024.10220305
111  60.74385797  024.10296189
111  60.74210584  024.09130345
111  60.73975922  024.09164430
111  60.74050521  024.11112266
111  60.74155514  024.11880401
111  60.74283395  024.12149991
111  60.74386193  024.12021376
111  60.74451565  024.11914004
111  60.74562547  024.11796956
111  60.74685506  024.11929758
111  60.74798466  024.11716443
111  60.74643573  024.11160706
111  60.75006728  024.10250110
111  60.75124786  024.09961192
111  60.75077816  024.09729131
113  60.75026891  024.09705555
14  60.74483824  024.11635184  82.02 0 Räyskälä Tower
1300  60.74572474  024.11688839 294.11 hangar props GA 1
1301 B none 
1300  60.74609918  024.11280798 -151.51 hangar props GA 2
1301 A none 
19  60.74208899  024.10023414 1 WS
19  60.74562551  024.10878670 1 WS
19  60.74993113  024.10148663 1 WS
19  60.74342113  024.11856031 1 WS
19  60.74311464  024.11556896 1 WS
1050 122625 ATIS
99
