I
1100 Generated by WorldEditor 1.6.1r1

1    602 0 0 EFSO Sodankyla
1302 city Sodankyla
1302 country Finland
1302 datum_lat 67.396666667
1302 datum_lon 26.618055556
1302 faa_code 
1302 iata_code SOT
1302 icao_code EFSO
1302 region_code EF
1302 state Lapland
1302 transition_alt 5000
1302 transition_level 
100 29.87 1 2 0.25 1 3 0 16  67.40154200  026.61471400    0    0 2 0 0 0 34  67.38852500  026.62355300    0    0 2 0 0 0
102 H5  67.39548251  026.61339497 347.04 20.00 20.00 2 0 2 0.00 1
110 1 0.35 255.3700 xxx
111  67.39551430  026.61845050 1 102
112  67.39526700  026.61802727  67.39522484  026.61763398 1 102
112  67.39492789  026.61462668  67.39491647  026.61446132 1 102
111  67.39496691  026.61425774
111  67.39468251  026.61446720 1 102
112  67.39470882  026.61449783  67.39472414  026.61451792
111  67.39470882  026.61449783
112  67.39470882  026.61449783  67.39473863  026.61453694 1 102
112  67.39479800  026.61471660  67.39481122  026.61482093
111  67.39479800  026.61471660
112  67.39479800  026.61471660  67.39481800  026.61487453 1 102
112  67.39512962  026.61803670  67.39516973  026.61855307 1 102
113  67.39502671  026.61878397
110 1 0.35 165.3700 xxx
111  67.39506444  026.61307366
111  67.39393264  026.61388047
111  67.39382705  026.61395712
112  67.39380141  026.61404698  67.39380887  026.61411343
112  67.39385374  026.61445634  67.39385888  026.61449201
112  67.39390188  026.61452567  67.39393016  026.61450115
112  67.39425416  026.61423962  67.39427975  026.61421639
112  67.39432366  026.61431641  67.39433707  026.61441798
111  67.39432366  026.61431641
112  67.39432366  026.61431641  67.39433552  026.61441835
112  67.39436167  026.61462153  67.39436572  026.61466282
111  67.39436167  026.61462153
112  67.39436167  026.61462153  67.39436704  026.61467637
112  67.39441329  026.61465628  67.39444139  026.61464338
111  67.39468251  026.61446720
111  67.39496691  026.61425774
113  67.39516836  026.61410937
130 Airport Boundary 1
111  67.40292442  026.61142795
111  67.40144715  026.61233917
111  67.40130070  026.61078181
111  67.39600505  026.61248270
111  67.39558240  026.61161187
111  67.39372934  026.61248854
111  67.39361931  026.61474964
111  67.38997729  026.61675218
111  67.38677538  026.62095768
111  67.38665435  026.62587817
111  67.38711648  026.62891088
111  67.39012032  026.62765207
111  67.39426849  026.62536285
111  67.39880417  026.62473612
111  67.39971681  026.62408345
111  67.40046974  026.62117611
111  67.40056100  026.61826876
113  67.40256881  026.61595475
120 Linear Feature 3
111  67.39482808  026.61435483 1 101
112  67.39469068  026.61414423  67.39459780  026.61421979
111  67.39469068  026.61414423
112  67.39469068  026.61414423  67.39466810  026.61415828 1 101
112  67.39458477  026.61420986  67.39455304  026.61423414
111  67.39458477  026.61420986
112  67.39458477  026.61420986  67.39452255  026.61425356 1 101
112  67.39444438  026.61401977  67.39440207  026.61404405 1 101
115  67.39435442  026.61407657
120 Linear Feature 2
111  67.39511981  026.61725469 1 101
115  67.39482808  026.61435483
120 Linear Feature 1
111  67.39523732  026.61844250 1 101
112  67.39550073  026.61879958  67.39570975  026.61864855 1 101
115  67.39593823  026.61850241
120 Linear Feature 13
111  67.39464556  026.61939022 1 101
112  67.39509516  026.61907123  67.39520446  026.61899431 1 101
112  67.39523732  026.61844250  67.39522682  026.61822471 1 101
115  67.39512004  026.61725438
120 Linear Feature 7
112  67.39487623  026.61407562  67.39490215  026.61397715 1 101
112  67.39494957  026.61346007  67.39499974  026.61340180
111  67.39494957  026.61346007
112  67.39494957  026.61346007  67.39498630  026.61342511 1 101
115  67.39501497  026.61341112
120 Linear Feature 6
111  67.39482808  026.61435483 1 101
112  67.39487623  026.61407562  67.39493346  026.61391934
111  67.39487623  026.61407562
112  67.39487623  026.61407562  67.39489286  026.61402655 1 101
112  67.39493219  026.61395877  67.39495595  026.61392842 1 101
115  67.39505102  026.61386651
120 Linear Feature 5
111  67.39431204  026.61409372 1 101
112  67.39409889  026.61423949  67.39407999  026.61424886 1 101
112  67.39403536  026.61421025  67.39400056  026.61416654
111  67.39403536  026.61421025
112  67.39403536  026.61421025  67.39400146  026.61415717 1 101
115  67.39395330  026.61401031
120 Linear Feature 4
111  67.39435442  026.61407657 1 101
112  67.39431266  026.61409588  67.39429821  026.61410191 1 101
112  67.39426693  026.61407059  67.39425318  026.61404418 1 101
115  67.39416601  026.61385254
120 Linear Feature 9
111  67.39380369  026.61404521 1 102
112  67.39385615  026.61445606  67.39386379  026.61451162 1 102
112  67.39390085  026.61452159  67.39392359  026.61450487 1 102
111  67.39425390  026.61423641 1 102
112  67.39428260  026.61422526  67.39429318  026.61422778 1 102
112  67.39430841  026.61424932  67.39431621  026.61426445 1 102
112  67.39432444  026.61431500  67.39432900  026.61434488 1 102
112  67.39436370  026.61462051  67.39436822  026.61466026 1 102
112  67.39441369  026.61465243  67.39444894  026.61463256 1 102
115  67.39468251  026.61446720
120 Linear Feature 10
111  67.39496691  026.61425774 1 102
115  67.39516836  026.61410937
21  67.39988449  026.61673406 2 165.3700 3.00 16  PAPI-4L
21  67.39018262  026.62153453 2 345.3800 3.00 34  PAPI-4L
14  67.39392199  026.61370627  65.62 0 Tower Viewpoint
1300  67.39505957  026.61385978 -14.83 misc props|fighters New Ramp Start 4
1301 A none 
1300  67.39501811  026.61341288 -15.40 misc props|fighters New Ramp Start 3
1301 A none 
1300  67.39415603  026.61383236 -165.85 misc jets|turboprops|props|fighters New Ramp Start 2
1301 A none 
1300  67.39395584  026.61402009 -135.00 misc jets|turboprops|props|fighters New Ramp Start 1
1301 A none 
18  67.39527202  026.62150375 1 BCN
19  67.39582961  026.62038502 1 WS
54 12340 AFIS
54 11970 AFIS
99
