I
1130 Generated by WorldEditor 2.0.0r4

1    541 0 0 EFSU Suomussalmi
1302 city Suomussalmi
1302 country Finland
1302 datum_lat 64.821944444
1302 datum_lon 28.710277778
1302 faa_code 
1302 iata_code 
1302 icao_code EFSU
1302 region_code EF
1302 state Oulu
1302 transition_alt 
1302 transition_level 
100 10.00 1 0 0.25 0 0 0 05  64.82003831  028.70031686    0    0 1 0 0 0 23  64.82396831  028.71610584    0    0 1 0 0 0
110 1 0.25 149.6700 New Taxiway 3
111  64.82279309  028.71153424
112  64.82278216  028.71161371  64.82277934  028.71162787
112  64.82276575  028.71167098  64.82276061  028.71168155
112  64.82273592  028.71171889  64.82272973  028.71172682
112  64.82190853  028.71283458  64.82190479  028.71283943
112  64.82189510  028.71283575  64.82189153  028.71283470
112  64.82188416  028.71281355  64.82188098  028.71280199
111  64.82183841  028.71263992
111  64.82172320  028.71278933
111  64.82180959  028.71316308
111  64.82188416  028.71306670
112  64.82189361  028.71301338  64.82189562  028.71300253
112  64.82190505  028.71296430  64.82190739  028.71295518
112  64.82192278  028.71291256  64.82192914  028.71290386
112  64.82274607  028.71180239  64.82275313  028.71179342
112  64.82278535  028.71177785  64.82279125  028.71177486
112  64.82281846  028.71177736  64.82282355  028.71177871
113  64.82285993  028.71180122
110 5 0.40 59.6700 New Taxiway 1
111  64.82002917  028.69983091
111  64.81962641  028.70031698
111  64.81981817  028.70112531
111  64.82001611  028.70087816
111  64.82401857  028.71688439
113  64.82421640  028.71662823
110 1 0.30 59.6700 New Taxiway 2
111  64.82190652  028.71031810 24
111  64.82193949  028.71048339 24
111  64.82200981  028.71040591 24
113  64.82197684  028.71024062 24
110 5 0.40 149.6700 New Taxiway 11
111  64.82314580  028.71241748
111  64.82334739  028.71217825
111  64.82328741  028.71190606
113  64.82308254  028.71215732
130 Airport Boundary 21
111  64.81844839  028.69689648
111  64.81984558  028.70283694
111  64.82094862  028.70886970
111  64.82161747  028.71242356
111  64.82136196  028.71293728
111  64.82165422  028.71361642
111  64.82194679  028.71340384
111  64.82311664  028.71580244
111  64.82421203  028.71913332
111  64.82444183  028.71884524
111  64.82503165  028.71879123
111  64.82488801  028.71736756
111  64.82392045  028.71330630
113  64.81959890  028.69530380
120 Linear Feature 10
111  64.82252047  028.71200931 4
115  64.82253831  028.71208223
120 Linear Feature 9
112  64.82280983  028.71167219  64.82281368  028.71166721 1
112  64.82282519  028.71165619  64.82282837  028.71165370 1
112  64.82283228  028.71165289  64.82283535  028.71165211 1
112  64.82283957  028.71165263  64.82284280  028.71165394 1
112  64.82284669  028.71165789  64.82284925  028.71166064 1
112  64.82285374  028.71166930  64.82285597  028.71167428 1
112  64.82285957  028.71168874  64.82286119  028.71169555 1
115  64.82314689  028.71284273
120 Linear Feature 8
111  64.82253430  028.71203916 1
112  64.82280983  028.71167219  64.82281327  028.71166804 1
112  64.82282330  028.71164190  64.82282558  028.71163425 1
112  64.82282714  028.71162011  64.82282793  028.71161224 1
112  64.82282826  028.71159756  64.82282840  028.71158882 1
112  64.82282770  028.71157108  64.82282705  028.71156344 1
112  64.82282401  028.71154586  64.82282243  028.71153919 1
115  64.82254929  028.71044224
14  64.82177920  028.71255143  16.40 0 New Tower Viewpoint 18
1300  64.82185736  028.71294969 -209.00 misc props Apron
1301 A none 
19  64.82183569  028.71055344 0 WDI
1051 123500 Suomussalmi Radio
99
