I
1130 Generated by WorldEditor 2.0.0r4

1    161 1 0 EFTU Turku
1302 city Turku
1302 country Finland
1302 datum_lat 60.514722222
1302 datum_lon 22.261666667
1302 faa_code 
1302 iata_code TKU
1302 icao_code EFTU
1302 region_code EF
1302 state Western Finland
1302 transition_alt 5000
1302 transition_level 
100 60.05 1 0 0.25 0 3 1 08  60.51310993  022.24018665    0    0 3 10 0 0 26  60.51512888  022.28548041    0    0 3 3 0 0
102 H  60.51294854  022.28091643  85.30 21.00 21.00 2 0 0 0.20 1
110 2 0.21 150.0000 New Taxiway 2
111  60.51196422  022.27288873
111  60.51163763  022.27328895
111  60.51176616  022.27372183
113  60.51209276  022.27332161
110 2 0.21 150.0000 New Taxiway 2
111  60.51147916  022.27232826
111  60.51115257  022.27272847
111  60.51128110  022.27316134
113  60.51160770  022.27276113
110 2 0.21 150.0000 New Taxiway 2
111  60.51098075  022.27176779
111  60.51065416  022.27216799
111  60.51078269  022.27260086
113  60.51110929  022.27220065
110 4 0.00 0.0000 PAPI 08 service road
111  60.51476285  022.24566399
111  60.51417403  022.24582150
111  60.51408287  022.24598244
111  60.51408915  022.24612271
111  60.51417872  022.24593295
111  60.51425785  022.24588962
111  60.51429976  022.24898028
112  60.51427461  022.24910800  60.51426833  022.24912502
112  60.51429347  022.24921868  60.51431443  022.24925274
112  60.51437310  022.24919740  60.51437729  022.24917185
111  60.51438285  022.24904940
111  60.51435203  022.24897752
111  60.51431652  022.24730298
111  60.51429138  022.24588961
111  60.51475866  022.24576616
114  60.51477362  022.24571837  60.51477254  022.24568316
110 1 0.15 355.0000 Frontier Guard APN
111  60.51375617  022.28529208 3 102
112  60.51372158  022.28538473  60.51370028  022.28543025 3 102
112  60.51362610  022.28546543  60.51356861  022.28548961
111  60.51362610  022.28546543
112  60.51362610  022.28546543  60.51351659  022.28551149 3 102
112  60.51333709  022.28554080  60.51330449  022.28554298
111  60.51333709  022.28554080
111  60.51324959  022.28574175
112  60.51324959  022.28574175  60.51329322  022.28577986 3 102
111  60.51306840  022.28618271 3 102
111  60.51218677  022.28641234
111  60.51222080  022.28713493
111  60.51276755  022.28700278
111  60.51278983  022.28744192
111  60.51258930  022.28749391
111  60.51266449  022.28917983
111  60.51241408  022.28922925
111  60.51266449  022.28917983
111  60.51270390  022.28978037
111  60.51309280  022.28968930 102
111  60.51357810  022.28957566 3 102
112  60.51340254  022.28605576  60.51339608  022.28589449 3 102
112  60.51358465  022.28573735  60.51370292  022.28574579 3 102
111  60.51379557  022.28574403
114  60.51381852  022.28547665  60.51379902  022.28532259
110 1 0.15 30.0000 Frontier Guard APN
111  60.51333709  022.28554080
112  60.51333709  022.28554080  60.51330449  022.28554298 3 102
112  60.51312156  022.28538449  60.51307630  022.28533252 3 102
111  60.51266356  022.28483946
111  60.51261026  022.28504403
112  60.51261026  022.28504403  60.51269247  022.28513986 3 102
112  60.51324959  022.28574175  60.51329322  022.28577986
113  60.51324959  022.28574175
110 1 0.15 355.0000 Frontier Guard APN
111  60.51266356  022.28483946
111  60.51245984  022.28470623
111  60.51192786  022.28481426
111  60.51201394  022.28540373
111  60.51213470  022.28582053 102
111  60.51252927  022.28574038 102
111  60.51250032  022.28523257 102
112  60.51261026  022.28504403  60.51269885  022.28505886
113  60.51261026  022.28504403
110 1 0.00 0.0000 East Road
111  60.51509865  022.29110175
111  60.51303132  022.29038467
111  60.51300034  022.28968628
112  60.51297469  022.28968026  60.51294505  022.28968660
111  60.51295234  022.28969873
111  60.51299417  022.29037523
111  60.51247872  022.29015826
111  60.51246014  022.29027147
111  60.51510869  022.29122413
114  60.51513579  022.29117301  60.51513579  022.29112349
110 1 0.15 45.0000 Frontier Guard taxiway centre
111  60.51373949  022.28338056
112  60.51346079  022.28312307  60.51333982  022.28304482
111  60.51346079  022.28312307
111  60.51339265  022.28326392
112  60.51339265  022.28326392  60.51348168  022.28325072
112  60.51360523  022.28357622  60.51362917  022.28365022
111  60.51376433  022.28395142
114  60.51376644  022.28366552  60.51375084  022.28343416
110 1 0.15 0.0000 Frontier Guard taxiway centre
111  60.51346079  022.28312307
112  60.51346079  022.28312307  60.51333982  022.28304482
112  60.51301621  022.28310056  60.51293373  022.28311948
111  60.51301621  022.28310056
112  60.51301621  022.28310056  60.51296605  022.28311207
112  60.51277162  022.28322042  60.51268509  022.28329362
111  60.51277162  022.28322042
111  60.51279990  022.28340586
112  60.51279990  022.28340586  60.51282357  022.28339193
112  60.51287073  022.28338131  60.51289307  022.28337802
111  60.51287073  022.28338131
112  60.51287073  022.28338131  60.51287152  022.28343319
112  60.51287152  022.28343319  60.51287231  022.28348506
111  60.51287152  022.28343319
112  60.51287152  022.28343319  60.51303560  022.28339419
112  60.51303560  022.28339419  60.51319968  022.28335519
111  60.51303560  022.28339419
112  60.51303560  022.28339419  60.51307180  022.28338457
112  60.51320716  022.28334204  60.51325376  022.28332683
111  60.51320716  022.28334204
112  60.51320716  022.28334204  60.51320704  022.28329262
112  60.51320727  022.28329197  60.51320738  022.28324190
111  60.51320727  022.28329197
112  60.51320727  022.28329197  60.51321583  022.28328709
112  60.51323017  022.28327936  60.51323823  022.28327591
111  60.51323017  022.28327936
112  60.51323017  022.28327936  60.51329666  022.28325097
112  60.51339265  022.28326392  60.51343919  022.28325702
113  60.51339265  022.28326392
110 1 0.15 130.0000 Frontier Guard taxiway centre
111  60.51277162  022.28322042
112  60.51277162  022.28322042  60.51271586  022.28326759
112  60.51264235  022.28340130  60.51260844  022.28346314
111  60.51264235  022.28340130
112  60.51264235  022.28340130  60.51255583  022.28355909
112  60.51254384  022.28379419  60.51254384  022.28394013
111  60.51254384  022.28379419
111  60.51265413  022.28378172
112  60.51265413  022.28378172  60.51266488  022.28369338
112  60.51272709  022.28348691  60.51276803  022.28340115
111  60.51272709  022.28348691
112  60.51272709  022.28348691  60.51274572  022.28344789
112  60.51279990  022.28340586  60.51282781  022.28338943
113  60.51279990  022.28340586
110 1 0.15 90.0000 Frontier Guard taxiway centre
111  60.51254384  022.28379419
112  60.51254384  022.28379419  60.51254384  022.28387838
112  60.51255052  022.28428256  60.51255045  022.28438423
111  60.51255052  022.28428256
112  60.51255052  022.28428256  60.51255050  022.28451016
111  60.51245984  022.28470623
112  60.51252405  022.28485813  60.51261463  022.28496985
111  60.51266356  022.28483946
112  60.51270555  022.28449985  60.51276786  022.28439203
111  60.51270555  022.28449985
111  60.51265145  022.28418035
111  60.51264388  022.28389752
112  60.51265413  022.28378172  60.51266232  022.28371444
113  60.51265413  022.28378172
110 1 0.15 5.0000 Frontier Guard taxiway centre
111  60.51270555  022.28449985
112  60.51270555  022.28449985  60.51276786  022.28439203
112  60.51288843  022.28453833  60.51291689  022.28457583
111  60.51288843  022.28453833
111  60.51296100  022.28430524
111  60.51283418  022.28424806
113  60.51265145  022.28418035
110 1 0.15 30.0000 Frontier Guard taxiway centre
111  60.51288843  022.28453833
112  60.51288843  022.28453833  60.51291689  022.28457583
112  60.51314572  022.28485170  60.51318879  022.28490014
112  60.51323998  022.28484152  60.51327536  022.28488215
111  60.51323998  022.28484152
112  60.51323998  022.28484152  60.51325098  022.28485415
112  60.51330178  022.28491050  60.51336357  022.28497947
111  60.51330178  022.28491050
112  60.51330178  022.28491050  60.51345410  022.28507043
112  60.51345410  022.28507043  60.51360643  022.28523037
111  60.51345410  022.28507043
112  60.51345410  022.28507043  60.51351059  022.28513144
111  60.51375617  022.28529208
112  60.51382355  022.28536663  60.51384668  022.28535855
111  60.51382355  022.28536663
112  60.51382355  022.28536663  60.51384769  022.28535820
112  60.51385371  022.28522138  60.51385658  022.28518447
111  60.51385371  022.28522138
112  60.51385371  022.28522138  60.51385933  022.28514912
112  60.51380655  022.28498233  60.51379181  022.28496471
112  60.51363478  022.28499718  60.51356889  022.28496853
111  60.51363478  022.28499718
112  60.51363478  022.28499718  60.51357729  022.28497218
112  60.51345266  022.28489971  60.51339746  022.28484292
111  60.51345266  022.28489971
112  60.51345266  022.28489971  60.51333421  022.28477783
111  60.51314014  022.28453651
113  60.51296100  022.28430524
110 1 0.30 355.0000 Cargo Terminal ground
111  60.51221344  022.26034327
112  60.51195278  022.26070166  60.51174226  022.26071827
111  60.51106561  022.26088136
111  60.51080820  022.26089611
111  60.51071130  022.25949238
111  60.51070793  022.25931557
111  60.50963778  022.25952429
111  60.50969427  022.26100288
111  60.50949438  022.26172545
111  60.50961926  022.26202405
111  60.50955566  022.26223423
111  60.50964648  022.26407747
111  60.50972929  022.26407241
111  60.50985427  022.26654226
111  60.51041892  022.26650446
111  60.51092710  022.26674441
111  60.51082230  022.26405911
111  60.51087273  022.26358090
111  60.51084201  022.26287351
111  60.51098015  022.26201464
111  60.51112893  022.26104349
112  60.51208293  022.26087628  60.51216999  022.26085910
111  60.51208293  022.26087628
112  60.51208293  022.26087628  60.51210621  022.26088216
112  60.51225739  022.26111853  60.51231317  022.26131275
111  60.51225739  022.26111853
112  60.51225739  022.26111853  60.51224984  022.26101297
114  60.51223172  022.26075252  60.51222390  022.26061711
111  60.51105441  022.26105919
111  60.51097822  022.26159516
111  60.51088830  022.26198967
111  60.51078760  022.26213579
111  60.51075344  022.26118239
113  60.51075344  022.26112394
110 1 0.20 355.0000 Hangars
111  60.51346057  022.27746447
112  60.51334865  022.27747914  60.51329415  022.27741163
112  60.51308843  022.27692445  60.51307968  022.27682183
111  60.51305428  022.27621264
111  60.51295542  022.27621844
111  60.51296076  022.27600045
111  60.51286301  022.27602213
111  60.51287521  022.27623927
111  60.51283510  022.27637022
111  60.51263602  022.27640660
111  60.51273162  022.27964246
111  60.51324694  022.27954306
111  60.51322932  022.27907658
111  60.51333545  022.27893765
112  60.51352873  022.27883908  60.51358660  022.27886219
111  60.51352873  022.27883908
112  60.51352873  022.27883908  60.51360070  022.27890402
112  60.51350524  022.27844014  60.51349193  022.27857977
111  60.51325019  022.27874949
111  60.51321467  022.27878224
112  60.51320152  022.27838365  60.51322413  022.27838094
111  60.51350538  022.27838762
112  60.51351111  022.27830022  60.51350461  022.27821042
111  60.51349450  022.27820374
111  60.51319091  022.27826712
112  60.51320570  022.27779004  60.51327097  022.27774547
112  60.51332851  022.27776767  60.51334754  022.27777234
112  60.51347753  022.27786017  60.51353237  022.27795678
111  60.51347753  022.27786017
112  60.51347753  022.27786017  60.51347521  022.27779488
114  60.51350906  022.27765575  60.51350512  022.27752491
110 1 0.30 265.0000 New Taxiway 22
111  60.51101400  022.23777282
111  60.51097223  022.23823740
111  60.51090644  022.23890564
112  60.51088973  022.23919628  60.51087302  022.23948691
111  60.51088555  022.23995149
111  60.51093254  022.24101855
111  60.51099520  022.24240595
111  60.51106099  022.24392063
111  60.51113200  022.24546925
111  60.51119362  022.24685665
111  60.51125105  022.24809980
111  60.51130744  022.24922415
111  60.51135966  022.25032940
111  60.51139621  022.25107827
111  60.51145365  022.25236597
111  60.51151944  022.25380642
111  60.51158314  022.25502200
111  60.51164019  022.25635162
112  60.51167405  022.25641163  60.51169411  022.25640526
111  60.51169399  022.25631913
111  60.51167229  022.25591454
111  60.51164760  022.25535910
111  60.51160963  022.25472459
111  60.51157165  022.25386444
111  60.51153178  022.25302743
111  60.51148052  022.25196670
111  60.51142830  022.25078448
111  60.51138368  022.24992433
111  60.51132767  022.24870932
111  60.51127830  022.24760810
111  60.51122609  022.24647216
111  60.51115204  022.24482516
111  60.51109508  022.24354459
111  60.51104096  022.24232766
111  60.51099444  022.24138652
111  60.51094982  022.24036246
112  60.51093748  022.23967589  60.51092704  022.23921111
111  60.51096217  022.23900090
112  60.51107213  022.23840005  60.51109801  022.23824234
113  60.51106849  022.23778784
110 1 0.00 0.0000 Road West
111  60.51106978  022.23779156
112  60.51110473  022.23724753  60.51114992  022.23697866
111  60.51128551  022.23674258
112  60.51154523  022.23642035  60.51171251  022.23628323
111  60.51195022  022.23601197
112  60.51228624  022.23569599  60.51242124  022.23561849
111  60.51254156  022.23554396
112  60.51288493  022.23546944  60.51306981  022.23546944
111  60.51311970  022.23546049
112  60.51327818  022.23560060  60.51334861  022.23578244
111  60.51337356  022.23590764
111  60.51348361  022.23625046
111  60.51363034  022.23675127
111  60.51374333  022.23705237
111  60.51384604  022.23724614
111  60.51414098  022.23803613
112  60.51437723  022.23876650  60.51440511  022.23897220
112  60.51446527  022.23935378  60.51448581  022.23969661
111  60.51449902  022.23988144
111  60.51454891  022.24107092
111  60.51461641  022.24250485
111  60.51466776  022.24360788
111  60.51471765  022.24465427
111  60.51473820  022.24523858
111  60.51475581  022.24565296
111  60.51477488  022.24604052
111  60.51483945  022.24748042
111  60.51488261  022.24816833
111  60.51491964  022.24816266
111  60.51481010  022.24565295
111  60.51471179  022.24357208
111  60.51461200  022.24145246
111  60.51453423  022.23962799
112  60.51439777  022.23862632  60.51429799  022.23826858
111  60.51422609  022.23806586
111  60.51405441  022.23759185
112  60.51385045  022.23715661  60.51379909  022.23704929
112  60.51362741  022.23653058  60.51351002  022.23612217
111  60.51344105  022.23589859
111  60.51329725  022.23550210
112  60.51306835  022.23537094  60.51290107  022.23543056
111  60.51281596  022.23537094
111  60.51261347  022.23538880
111  60.51235228  022.23552889
111  60.51206614  022.23576736
111  60.51179908  022.23602966
111  60.51140143  022.23644400
112  60.51120040  022.23673612  60.51110796  022.23691199
111  60.51106981  022.23711170
112  60.51102538  022.23757056  60.51101436  022.23776349
111  60.51101400  022.23777282
114  60.51103786  022.23780943  60.51105953  022.23781603
110 1 0.30 110.0000 Road near Cargo Terminal
111  60.51165789  022.25656860
112  60.51166443  022.25690550  60.51166443  022.25692266
112  60.51161882  022.25734129  60.51156308  022.25767414
111  60.51147524  022.25815797
111  60.51133335  022.25911191
111  60.51119484  022.26007614
111  60.51109687  022.26076585
112  60.51101916  022.26094085  60.51100299  022.26094540
111  60.51101916  022.26094085
112  60.51101916  022.26094085  60.51100981  022.26094348
112  60.51107859  022.26097798  60.51111245  022.26097136
111  60.51107859  022.26097798
112  60.51107859  022.26097798  60.51110329  022.26097315
111  60.51116517  022.26093499
111  60.51136350  022.25948869
111  60.51163418  022.25784435
111  60.51173920  022.25714218
112  60.51172583  022.25655276  60.51169542  022.25612726
111  60.51172583  022.25655276
112  60.51172583  022.25655276  60.51171852  022.25652151
112  60.51167421  022.25648416  60.51165729  022.25648788
111  60.51167421  022.25648416
114  60.51167421  022.25648416  60.51163830  022.25649416
110 1 0.10 20.0000 Taxiways ABCDEF and T, Cargo APN, APN
111  60.51286368  022.24015064 3 102
112  60.51229625  022.24022672  60.51196803  022.24023983
111  60.51229625  022.24022672
111  60.51220451  022.24075436
112  60.51220451  022.24075436  60.51280926  022.24067707 3 102
111  60.51290135  022.24159539
114  60.51296478  022.24082229  60.51295512  022.24019445
110 1 0.10 330.0000 Taxiways ABCDEF and T, Cargo APN, APN
111  60.51229625  022.24022672
112  60.51229625  022.24022672  60.51196803  022.24023983 3 102
112  60.51170588  022.24062032  60.51159218  022.24077862
111  60.51170588  022.24062032
111  60.51171621  022.24136334
112  60.51171621  022.24136334  60.51179540  022.24106378 3 102
112  60.51220451  022.24075436  60.51246888  022.24072058
113  60.51220451  022.24075436
110 1 0.10 265.0000 Taxiways ABCDEF and T, Cargo APN, APN
111  60.51170588  022.24062032
112  60.51170588  022.24062032  60.51159218  022.24077862
112  60.51154427  022.24096015  60.51147576  022.24114786 3 102
112  60.51137574  022.24213256  60.51139462  022.24264248 3 102
111  60.51201408  022.25600699
111  60.51204711  022.25676134 3 102
111  60.51219703  022.26040254 2
112  60.51222603  022.26100889  60.51226450  022.26148640 3 102
112  60.51253244  022.26249163  60.51270007  022.26315665 3 102
112  60.51277801  022.26368007  60.51280554  022.26384225 3 102
112  60.51275200  022.26453525  60.51264746  022.26481467 3 102
111  60.51256492  022.26438995 3 102
111  60.51240891  022.26358544 3
111  60.51231210  022.26320282 3
111  60.51216575  022.26326072 3
111  60.51217755  022.26365577 3 102
111  60.51079720  022.26391696
111  60.51082230  022.26405911
111  60.51092710  022.26687495
111  60.51097766  022.26667732 3 102
111  60.51248813  022.26656748 3
112  60.51261514  022.26981109  60.51261514  022.26996940 3 102
111  60.51198660  022.27163373 3 102
111  60.51101120  022.27048596 3
111  60.51092303  022.27038221 3 102
111  60.51088802  022.27034102 3 102
111  60.51029549  022.27252534 102
112  60.51092893  022.27326000  60.51129619  022.27364725
111  60.51092893  022.27326000
112  60.51092893  022.27326000  60.51112370  022.27347577
112  60.51156558  022.27394021  60.51178189  022.27417065
111  60.51156558  022.27394021
112  60.51156558  022.27394021  60.51164714  022.27402710
112  60.51180565  022.27420222  60.51188352  022.27428988
111  60.51180565  022.27420222
112  60.51180565  022.27420222  60.51224349  022.27469510 102
112  60.51257369  022.27502154  60.51258731  022.27506949
111  60.51257369  022.27502154
112  60.51257369  022.27502154  60.51257810  022.27503706
112  60.51260054  022.27530347  60.51260461  022.27534720
111  60.51260054  022.27530347
112  60.51260054  022.27530347  60.51270262  022.27533438
112  60.51271507  022.27533140  60.51281715  022.27536231
111  60.51271507  022.27533140
112  60.51271507  022.27533140  60.51272910  022.27558885
112  60.51272910  022.27558885  60.51272977  022.27562947
111  60.51272910  022.27558885
112  60.51272910  022.27558885  60.51273140  022.27572894
111  60.51275051  022.27603517 3
111  60.51286301  022.27602213 3
111  60.51296076  022.27600045 3 102
112  60.51318381  022.27598362  60.51320468  022.27598362 3 102
112  60.51340922  022.27634112  60.51342816  022.27665527
111  60.51340922  022.27634112
112  60.51340922  022.27634112  60.51343651  022.27681825 3 102
111  60.51345746  022.27732786 3
111  60.51347753  022.27786017 3 102
111  60.51349450  022.27820374 3
111  60.51350524  022.27844014 3
111  60.51352873  022.27883908 3 102
111  60.51373949  022.28338056 2
111  60.51376433  022.28395142 3 102
111  60.51380655  022.28498233
111  60.51377094  022.28519158
111  60.51379557  022.28574403 3 102
111  60.51419571  022.28567608
111  60.51415946  022.28488365
112  60.51415946  022.28488365  60.51402667  022.28461602 3 102
112  60.51395660  022.28413412  60.51394934  022.28405543
111  60.51395660  022.28413412
112  60.51395660  022.28413412  60.51394533  022.28401197 3 102
112  60.51376715  022.27981348  60.51373797  022.27909844
111  60.51376715  022.27981348
111  60.51364149  022.27734064
112  60.51364149  022.27734064  60.51360766  022.27666117 3 102
111  60.51353250  022.27487469 3 102
111  60.51342352  022.27229421 3 102
111  60.51337466  022.27121011
111  60.51330108  022.26961013 3 102
111  60.51323542  022.26803054
111  60.51318874  022.26661432
112  60.51318874  022.26661432  60.51316774  022.26624212 3 102
112  60.51314795  022.26578433  60.51312816  022.26532653 3 102
112  60.51307943  022.26442611  60.51303071  022.26352568 3 102
112  60.51282545  022.26278489  60.51269881  022.26215293 3 102
112  60.51240576  022.26039736  60.51237543  022.25968446 3 102
112  60.51214038  022.25430190  60.51211648  022.25351165
111  60.51214038  022.25430190
111  60.51208792  022.25308815
112  60.51208792  022.25308815  60.51207262  022.25272696 3 102
111  60.51162099  022.24217439 3 102
112  60.51171621  022.24136334  60.51181816  022.24097766
113  60.51171621  022.24136334
110 1 0.00 0.0000 Road near TWY F
111  60.51132219  022.23903772
111  60.51107344  022.23760052
111  60.51096084  022.23900662
111  60.51119130  022.23905026
113  60.51123817  022.23912962
110 1 0.30 355.0000 GA APN
111  60.51127238  022.25600104
111  60.51131335  022.25678290
111  60.51160030  022.25675314
111  60.51160398  022.25622363
113  60.51158881  022.25592187
110 1 0.25 0.0000 TWY Y
112  60.51201408  022.25600699  60.51200980  022.25609755 3 102
112  60.51190280  022.25628216  60.51186960  022.25629009
111  60.51190280  022.25628216
112  60.51190280  022.25628216  60.51188057  022.25628747 3 102
112  60.51169399  022.25631913  60.51162447  022.25633264
111  60.51169399  022.25631913
112  60.51169399  022.25631913  60.51165967  022.25632580 3
112  60.51164669  022.25632813  60.51159217  022.25633860
111  60.51164669  022.25632813
112  60.51164669  022.25632813  60.51163057  022.25629745 3 102
112  60.51160398  022.25622363  60.51159050  022.25618821
111  60.51160398  022.25622363
112  60.51160398  022.25622363  60.51159523  022.25620064
112  60.51154640  022.25650406  60.51155306  022.25665171
111  60.51154640  022.25650406
112  60.51154640  022.25650406  60.51155300  022.25665042
111  60.51160030  022.25675314 3 102
112  60.51165789  022.25656860  60.51170644  022.25652610
111  60.51165789  022.25656860
112  60.51165789  022.25656860  60.51168739  022.25655850 3
112  60.51172583  022.25655276  60.51175489  022.25654685
111  60.51172583  022.25655276
112  60.51172583  022.25655276  60.51179614  022.25653293 3 102
112  60.51192433  022.25651521  60.51192433  022.25651918 3 102
114  60.51204711  022.25676134  60.51208472  022.25683391
110 1 0.20 355.0000 GA Parking
111  60.51129509  022.25642927
111  60.51097776  022.25648980
111  60.51096871  022.25632280
111  60.51092747  022.25633219
111  60.51090547  022.25597791
111  60.51064814  022.25604814
111  60.51067124  022.25640521
111  60.51062515  022.25641715
111  60.51065109  022.25680057
111  60.51126819  022.25665850
111  60.51129823  022.25664762
114  60.51131865  022.25655690  60.51131735  022.25649088
110 1 0.00 355.0000 Terminal 2 ground
111  60.51098466  022.26975930
111  60.51097246  022.27005498
111  60.51092265  022.27043815
112  60.51094499  022.27053253  60.51096978  022.27055561
111  60.51100048  022.27049705
111  60.51103421  022.27012259
112  60.51107037  022.26980260  60.51109665  022.26979892
112  60.51170501  022.27056865  60.51177749  022.27066253
112  60.51188295  022.27073315  60.51194276  022.27069265
111  60.51203992  022.27048433
112  60.51234514  022.26979412  60.51238411  022.26971497
111  60.51259547  022.26958485
112  60.51248452  022.26674513  60.51247158  022.26654524
112  60.51222042  022.26660942  60.51205210  022.26662520
111  60.51222042  022.26660942
112  60.51222042  022.26660942  60.51208525  022.26662210
112  60.51099692  022.26670445  60.51067725  022.26672009
111  60.51099692  022.26670445
112  60.51099692  022.26670445  60.51091852  022.26670829
111  60.51081432  022.26668483
111  60.51095198  022.26902980
111  60.51080031  022.26920081
111  60.51081836  022.26936488
111  60.51096522  022.26918334
111  60.51098129  022.26958130
111  60.51082519  022.26958512
113  60.51081702  022.26976834
112  60.51148642  022.26852847  60.51150001  022.26853920
111  60.51149550  022.26856215
112  60.51148871  022.26863636  60.51147663  022.26865630
111  60.51138605  022.26871816
111  60.51108229  022.26889389
112  60.51103644  022.26891252  60.51102813  022.26889258
112  60.51101997  022.26879524  60.51101771  022.26876763
114  60.51101144  022.26861764  60.51102428  022.26860843
110 4 0.00 0.0000 Small road E
111  60.51404585  022.28569311
112  60.51414804  022.28770018  60.51415680  022.28789000
111  60.51419476  022.28810948
112  60.51439915  022.28854845  60.51450426  022.28860776
111  60.51457142  022.28874420
112  60.51476121  022.28907639  60.51485172  022.28915351
111  60.51491012  022.28925435
112  60.51495975  022.28938486  60.51506779  022.28958061
111  60.51507655  022.29016194
111  60.51510866  022.29115258
111  60.51516998  022.29115258
111  60.51511742  022.29016194
112  60.51505611  022.28953907  60.51505027  022.28953314
112  60.51484588  022.28907638  60.51472325  022.28899333
111  60.51464733  022.28881538
111  60.51455098  022.28860776
112  60.51435827  022.28837641  60.51420644  022.28824591
111  60.51419476  022.28789591
112  60.51409549  022.28568347  60.51408699  022.28550391
111  60.51409549  022.28568347
112  60.51409549  022.28568347  60.51409585  022.28568085
114  60.51407333  022.28567410  60.51406026  022.28567640
110 1 0.00 0.0000 Road segment North
111  60.51488261  022.24816833
112  60.51500723  022.24897572  60.51507937  022.24937352
111  60.51512574  022.24953055
111  60.51524082  022.25006095
112  60.51530093  022.25051459  60.51530437  022.25068907
111  60.51526658  022.25086354
111  60.51520475  022.25123343
111  60.51512831  022.25175342
112  60.51515019  022.25178918  60.51516012  022.25178918
111  60.51517151  022.25177458
111  60.51532154  022.25068907
112  60.51529750  022.25024241  60.51525112  022.25005049
111  60.51519960  022.24973643
111  60.51508452  022.24918160
111  60.51498662  022.24868958
112  60.51493427  022.24832627  60.51492218  022.24817539
111  60.51491964  022.24816266
114  60.51490007  022.24815363  60.51488929  022.24815422
110 1 0.00 0.0000 Road North
111  60.51488261  022.24816833
111  60.51490516  022.24856146
111  60.51496851  022.24944331
111  60.51506588  022.25081613
111  60.51512831  022.25175342
111  60.51515346  022.25246403
111  60.51521290  022.25395027
112  60.51530434  022.25586846  60.51532263  022.25622609
111  60.51540035  022.25676950
111  60.51550323  022.25750800
111  60.51574326  022.25921256
112  60.51590329  022.26075457  60.51594672  022.26136301
111  60.51591929  022.26165562
112  60.51575698  022.26330446  60.51563353  022.26431233
111  60.51563810  022.26522732
111  60.51569983  022.26652315
111  60.51578441  022.26863644
111  60.51596501  022.27223600
111  60.51608846  022.27512030
111  60.51620504  022.27781883
111  60.51628048  022.27897534
112  60.51639936  022.27992749  60.51649309  022.28058703
111  60.51647708  022.28088429
112  60.51663939  022.28436315  60.51667140  022.28506915
111  60.51678341  022.28588197
112  60.51692743  022.28773056  60.51688857  022.28867343
111  60.51668969  022.28904501
111  60.51627134  022.29053128
112  60.51601301  022.29114902  60.51580727  022.29139518
111  60.51565425  022.29131257
111  60.51509865  022.29110175
111  60.51510869  022.29122413
111  60.51532660  022.29131167
112  60.51565496  022.29140034  60.51582538  022.29145101
112  60.51598540  022.29131588  60.51608100  022.29125255
111  60.51624310  022.29082607
111  60.51641559  022.29022226
112  60.51672308  022.28918679  60.51691385  022.28847955
112  60.51697075  022.28794910  60.51700088  022.28771789
111  60.51696741  022.28694264
112  60.51680340  022.28560296  60.51673312  022.28530375
111  60.51664944  022.28367847
111  60.51653795  022.28118328
111  60.51648687  022.28006980
111  60.51642263  022.27963988
112  60.51635273  022.27915621  60.51629038  022.27872245
111  60.51627715  022.27816969
111  60.51622614  022.27704498
111  60.51613923  022.27525620
111  60.51605422  022.27332923
111  60.51598242  022.27170936
111  60.51592763  022.27040808
111  60.51585962  022.26914904
111  60.51581050  022.26811263
111  60.51576704  022.26716835
111  60.51574815  022.26640448
112  60.51570645  022.26560146  60.51569502  022.26547606
112  60.51568359  022.26505340  60.51567444  022.26490013
111  60.51570873  022.26447282
111  60.51576360  022.26382722
111  60.51583675  022.26306551
112  60.51593277  022.26218303  60.51597849  022.26183468
112  60.51596934  022.26124946  60.51596934  022.26121230
112  60.51589162  022.26006973  60.51587790  022.25997219
111  60.51576588  022.25894573
111  60.51560357  022.25777529
112  60.51543212  022.25660951  60.51539554  022.25642372
112  60.51537497  022.25607074  60.51535897  022.25595927
111  60.51533153  022.25526259
111  60.51526981  022.25392032
111  60.51520123  022.25248054
111  60.51517151  022.25177458
111  60.51513722  022.25130084
111  60.51502749  022.24983784
111  60.51493166  022.24829177
114  60.51490951  022.24821594  60.51490165  022.24819690
110 1 0.00 0.0000 Road North around some facility
111  60.51593330  022.28017798
111  60.51595342  022.28033126
111  60.51604395  022.28037213
111  60.51607412  022.28017287
112  60.51643875  022.28021375  60.51667513  022.28032615
111  60.51687881  022.28007580
111  60.51695174  022.28013200
111  60.51734654  022.28001960
111  60.51740941  022.27985612
111  60.51735157  022.27853283
112  60.51718812  022.27818540  60.51704729  022.27821095
111  60.51674051  022.27826204
111  60.51638091  022.27830802
111  60.51627027  022.27815986
112  60.51625830  022.27826811  60.51626090  022.27840017
111  60.51627781  022.27838466
111  60.51664998  022.27836422
111  60.51717554  022.27826204
112  60.51731636  022.27856859  60.51734654  022.27885981
111  60.51736163  022.27965683
112  60.51722584  022.27998892  60.51705987  022.28002980
111  60.51692911  022.28002469
111  60.51689047  022.27984157
111  60.51684267  022.27988801
111  60.51681595  022.27997360
112  60.51671536  022.28011154  60.51664244  022.28011154
111  60.51650162  022.28011665
111  60.51615208  022.28002469
111  60.51605652  022.28000425
113  60.51596070  022.28006205
110 1 0.00 0.0000 Road North connecting to RWY
111  60.51455965  022.26691471
111  60.51457099  022.26705673
111  60.51558743  022.26645027
111  60.51569701  022.26650017
111  60.51599741  022.26631209
111  60.51596718  022.26612784
113  60.51558554  022.26630825
110 1 0.00 0.0000 New Taxiway 7
111  60.51689005  022.27915562
111  60.51696490  022.27894849
111  60.51705781  022.27885673
111  60.51717911  022.27891179
111  60.51726686  022.27901666
111  60.51730557  022.27923690
111  60.51722685  022.27949646
111  60.51712233  022.27957512
111  60.51700103  022.27951219
111  60.51690812  022.27929720
112  60.51688628  022.27941976  60.51688238  022.27950164
111  60.51689522  022.27957250
111  60.51700103  022.27964591
111  60.51711330  022.27968523
111  60.51727589  022.27957250
112  60.51736626  022.27929468  60.51736884  022.27928944
111  60.51733658  022.27871263
112  60.51723718  022.27883313  60.51721395  022.27883051
111  60.51705265  022.27878069
112  60.51686425  022.27890917  60.51684102  022.27890917
111  60.51686425  022.27890917
112  60.51686425  022.27890917  60.51685303  022.27890917
112  60.51684409  022.27902610  60.51685292  022.27908555
111  60.51684409  022.27902610
114  60.51684409  022.27902610  60.51685354  022.27908974
110 1 0.00 0.0000 New Taxiway 6
111  60.51689047  022.27984157
111  60.51689462  022.27960933
112  60.51691125  022.27925465  60.51690917  022.27926309
111  60.51684682  022.27881973
111  60.51680526  022.27849460
111  60.51684474  022.27829615
112  60.51674666  022.27829147  60.51669206  022.27829940
111  60.51663692  022.27832571
112  60.51675746  022.27852416  60.51677824  022.27867195
111  60.51683228  022.27926309
111  60.51685098  022.27943621
111  60.51684267  022.27988801
114  60.51687226  022.27992146  60.51689483  022.27991413
110 1 0.00 260.0000 New Taxiway 7
111  60.51282607  022.24025796
111  60.51345254  022.24016283
111  60.51339946  022.23896836
113  60.51276884  022.23907829
110 1 0.00 265.0000 New Taxiway 2
111  60.51484305  022.28568022
111  60.51487518  022.28662741
111  60.51550191  022.28650969
111  60.51545871  022.28534759
111  60.51487993  022.28544456
113  60.51481929  022.28557058
110 1 0.25 270.0000 Supply taxiway
111  60.51312864  022.27948839
111  60.51307227  022.27949220
111  60.51303846  022.27957618
111  60.51285884  022.28004303
111  60.51267399  022.28036392
111  60.51223267  022.28044425
111  60.51221689  022.28003580
111  60.51208588  022.28005243
111  60.51208770  022.28011160
111  60.51201985  022.28012021
111  60.51200640  022.27968282
111  60.51189635  022.27969214
111  60.51190586  022.28023716
111  60.51195478  022.28023719
111  60.51196242  022.28049097
111  60.51190821  022.28115742
111  60.51182469  022.28145025
111  60.51160110  022.28195026
111  60.51150303  022.28205161
111  60.51147317  022.28223882
111  60.51144625  022.28257527
111  60.51150521  022.28334655
111  60.51156279  022.28384010
111  60.51170698  022.28466568
111  60.51172751  022.28481709
111  60.51145830  022.28487777
111  60.51145642  022.28493884
111  60.51125162  022.28499991
111  60.51127417  022.28551137
111  60.51165558  022.28543121
111  60.51167249  022.28570984
111  60.51178335  022.28564877
111  60.51177020  022.28548847
111  60.51177583  022.28543121
111  60.51180778  022.28542358
111  60.51186790  022.28540450
111  60.51189045  022.28544266
111  60.51195245  022.28581290
111  60.51200506  022.28619459
111  60.51206894  022.28761066
111  60.51215913  022.28938552
111  60.51241654  022.28932826
111  60.51241278  022.28923284
111  60.51242781  022.28921376
111  60.51245787  022.28916795
111  60.51237896  022.28795036
111  60.51229253  022.28793128
111  60.51221925  022.28794273
111  60.51219483  022.28791219
111  60.51217792  022.28779769
111  60.51217040  022.28760684
111  60.51216477  022.28754195
111  60.51216289  022.28731676
111  60.51220986  022.28729004
111  60.51224556  022.28728241
111  60.51222489  022.28708011
111  60.51217792  022.28708774
111  60.51213846  022.28707629
111  60.51213846  022.28693507
111  60.51219295  022.28686636
111  60.51224368  022.28684728
111  60.51223241  022.28674041
111  60.51213095  022.28678621
111  60.51211591  022.28674422
111  60.51208961  022.28650758
111  60.51206894  022.28630910
111  60.51209712  022.28621749
111  60.51213283  022.28615261
111  60.51218543  022.28616024
111  60.51251236  022.28608772
111  60.51251612  022.28609535
111  60.51253491  022.28641216
111  60.51261382  022.28634727
111  60.51258752  022.28607245
111  60.51252927  022.28574038
111  60.51213470  022.28582053
111  60.51206894  022.28581290
111  60.51202009  022.28576710
111  60.51199191  022.28563350
111  60.51192239  022.28522891
111  60.51188857  022.28502661
111  60.51192802  022.28495028
111  60.51196748  022.28489302
111  60.51196185  022.28485104
111  60.51192802  022.28481287
111  60.51184159  022.28472889
111  60.51179086  022.28445025
111  60.51167197  022.28344161
111  60.51158396  022.28256524
111  60.51157506  022.28238713
111  60.51165062  022.28218637
111  60.51177413  022.28187966
111  60.51213528  022.28098950
111  60.51227235  022.28074411
111  60.51259128  022.28061426
111  60.51273741  022.28046221
111  60.51278856  022.28039287
111  60.51297019  022.28009007
113  60.51317881  022.27952150
110 1 0.25 55.0000 Supply taxiway
111  60.51273741  022.28046221
112  60.51285221  022.28085807  60.51286155  022.28093394
112  60.51291254  022.28073097  60.51288570  022.28073097
113  60.51278856  022.28039287
110 1 0.10 355.0000 Taxiways ABCDEF and T, Cargo APN, APN
111  60.51337466  022.27121011 3 102
112  60.51356257  022.27075204  60.51376540  022.27062453 3 102
111  60.51401353  022.27066042 3 102
112  60.51416759  022.27092574  60.51421121  022.27109297 3 102
111  60.51421856  022.27121870
112  60.51426438  022.27038473  60.51426438  022.27015336
111  60.51415145  022.26964526 3 102
112  60.51392890  022.27021419  60.51372316  022.27024068 3 102
111  60.51357174  022.27025935 3 102
112  60.51338216  022.27004058  60.51330328  022.26986245 3 102
111  60.51330108  022.26961013
113  60.51330662  022.27046927
110 1 0.10 355.0000 Taxiways ABCDEF and T, Cargo APN, APN
111  60.51323542  022.26803054 3 102
112  60.51338327  022.26756266  60.51352984  022.26748038 3 102
111  60.51384754  022.26745777 3 102
112  60.51403014  022.26769229  60.51407797  022.26788072 3 102
111  60.51407262  022.26791610
112  60.51411341  022.26730793  60.51409943  022.26680639
111  60.51401381  022.26661147 3 102
112  60.51372147  022.26706868  60.51342855  022.26709655 3 102
112  60.51339566  022.26710609  60.51334556  022.26710291 3 102
112  60.51318874  022.26661432  60.51316774  022.26624212
111  60.51318874  022.26661432
114  60.51319439  022.26728294  60.51320057  022.26750564
110 1 0.10 355.0000 Taxiways ABCDEF and T, Cargo APN, APN
111  60.51376715  022.27981348
112  60.51376715  022.27981348  60.51373797  022.27909844 3 102
112  60.51420011  022.27876977  60.51446457  022.27872751 3 102
112  60.51457763  022.27914345  60.51459912  022.27925178
111  60.51457763  022.27914345
112  60.51457763  022.27914345  60.51458743  022.27919287
112  60.51461772  022.27849382  60.51460431  022.27813035
111  60.51461772  022.27849382
112  60.51461772  022.27849382  60.51460173  022.27806062
112  60.51451451  022.27774331  60.51450275  022.27789480
111  60.51451451  022.27774331
112  60.51451451  022.27774331  60.51449288  022.27802189 3 102
112  60.51418530  022.27828847  60.51387311  022.27835642 3 102
112  60.51364149  022.27734064  60.51360766  022.27666117
111  60.51364149  022.27734064
114  60.51369003  022.27868458  60.51371669  022.27912926
110 1 0.10 355.0000 Taxiways ABCDEF and T, Cargo APN, APN
111  60.51419571  022.28567608 3 102
111  60.51462275  022.28560357 3 102
111  60.51481929  022.28557058
111  60.51487993  022.28544456
112  60.51490705  022.28496977  60.51488647  022.28466823
111  60.51482556  022.28432996 3 102
112  60.51444590  022.28512555  60.51411299  022.28516030
111  60.51444590  022.28512555
112  60.51444590  022.28512555  60.51432747  022.28513791 3 102
112  60.51415946  022.28488365  60.51408613  022.28473585
111  60.51415946  022.28488365
114  60.51413740  022.28533047  60.51413453  022.28563811
110 1 0.10 340.0000 Taxiways ABCDEF and T, Cargo APN, APN
111  60.51214038  022.25430190
112  60.51214038  022.25430190  60.51210518  022.25333272 3 102
112  60.51277847  022.25280803  60.51310876  022.25274088
111  60.51277847  022.25280803
112  60.51277847  022.25280803  60.51296593  022.25280492 3 102
112  60.51329590  022.25324827  60.51342219  022.25354458
111  60.51329590  022.25324827
112  60.51329590  022.25324827  60.51339769  022.25348710 3 102
111  60.51345725  022.25389259
112  60.51350123  022.25325139  60.51348611  022.25293173
111  60.51350123  022.25325139
112  60.51350123  022.25325139  60.51348735  022.25295809
112  60.51339565  022.25257916  60.51338173  022.25270224 3 102
112  60.51320256  022.25253155  60.51301073  022.25232828 3 102
112  60.51265469  022.25233545  60.51249533  022.25237551 3 102
112  60.51208792  022.25308815  60.51195281  022.25351624
111  60.51208792  022.25308815
114  60.51204776  022.25353647  60.51206211  022.25386335
110 1 0.30 70.0000 Road near TWY F
111  60.51170588  022.24062032
112  60.51156276  022.24039009  60.51150027  022.24011236
111  60.51135249  022.23921281
111  60.51132219  022.23903772
111  60.51123817  022.23912962
111  60.51152163  022.24060571
111  60.51154793  022.24101349
114  60.51163172  022.24086673  60.51168226  022.24079828
110 1 0.15 260.0000 New Taxiway 2
111  60.51156420  022.28675771
111  60.51154807  022.28649964
111  60.51147245  022.28652626
111  60.51150595  022.28700114
111  60.51158502  022.28698503
112  60.51160007  022.28734687  60.51160258  022.28748447
112  60.51153234  022.28753033  60.51146711  022.28757620
112  60.51102556  022.28780553  60.51090514  022.28787688
111  60.51088758  022.28776986
112  60.51088005  022.28818776  60.51088256  022.28811641
111  60.51091266  022.28806545
112  60.51114598  022.28791765  60.51114849  022.28790746
112  60.51129651  022.28781573  60.51129902  022.28781573
111  60.51151478  022.28772399
111  60.51166583  022.28770156
111  60.51186859  022.28765317
112  60.51200570  022.28762354  60.51202855  022.28761959
112  60.51205286  022.28763835  60.51206745  022.28765218
111  60.51207669  022.28765317
112  60.51210878  022.28762156  60.51212045  022.28758501
112  60.51210343  022.28746253  60.51209954  022.28732128
111  60.51208204  022.28728770
112  60.51205140  022.28731437  60.51203828  022.28732721
111  60.51199354  022.28737166
112  60.51186080  022.28745364  60.51182093  022.28746747
111  60.51182191  022.28740820
112  60.51181705  022.28729165  60.51181315  022.28717509
111  60.51185059  022.28716423
111  60.51193277  022.28713756
111  60.51192450  022.28680271
111  60.51185351  022.28681555
113  60.51184671  022.28668122
110 1 0.15 300.0000 New Taxiway 13
111  60.51146763  022.27383446
112  60.51142474  022.27400035  60.51142442  022.27400035
111  60.51160840  022.27421917
111  60.51163636  022.27411719
111  60.51166909  022.27411396
111  60.51170277  022.27415914
111  60.51170213  022.27421078
111  60.51167893  022.27429470
111  60.51167798  022.27430761
111  60.51174948  022.27438959
111  60.51173486  022.27442638
111  60.51182192  022.27452643
113  60.51187785  022.27428114
110 1 0.15 260.0000 New Taxiway 5
112  60.51108521  022.27749312  60.51106634  022.27752851
112  60.51102859  022.27772907  60.51103149  022.27778216
112  60.51105908  022.27789128  60.51106779  022.27785884
112  60.51109682  022.27779395  60.51112441  022.27774676
112  60.51115925  022.27777921  60.51117958  022.27779690
112  60.51130154  022.27793552  60.51134945  022.27798861
112  60.51162965  022.27813313  60.51169789  022.27815672
112  60.51194470  022.27808004  60.51201730  022.27805350
112  60.51217991  022.27782640  60.51221039  022.27778511
112  60.51233235  022.27749312  60.51236429  022.27740759
112  60.51246011  022.27687965  60.51248770  022.27661420
112  60.51244559  022.27630746  60.51244269  022.27621603
112  60.51242962  022.27607446  60.51242236  022.27602432
111  60.51228912  022.27567522
111  60.51225395  022.27583560
112  60.51225395  022.27583560  60.51231783  022.27599782
112  60.51236865  022.27641368  60.51238462  022.27666733
112  60.51236429  022.27691508  60.51235122  022.27708614
112  60.51225685  022.27738402  60.51218281  022.27763471
112  60.51194616  022.27785886  60.51184453  022.27794439
112  60.51160497  022.27792375  60.51152077  022.27790900
111  60.51129835  022.27768422
113  60.51118633  022.27755336
110 1 0.15 210.0000 New Taxiway 5
111  60.51228912  022.27567522
111  60.51212119  022.27528726
111  60.51172522  022.27473128
111  60.51168912  022.27462879
111  60.51135497  022.27424680
111  60.51134463  022.27429503
111  60.51081324  022.27368251
112  60.51066272  022.27361474  60.51061336  022.27355281
112  60.51035493  022.27339650  60.51027362  022.27335817
112  60.51019813  022.27333457  60.51006165  022.27328444
112  60.50982355  022.27335521  60.50971611  022.27339060
112  60.50945623  022.27365308  60.50940106  022.27372091
111  60.50945623  022.27365308
111  60.50942139  022.27389492
112  60.50942139  022.27389492  60.50945768  022.27383299
112  60.50971611  022.27358231  60.50982646  022.27352038
112  60.50989324  022.27349678  60.51006746  022.27342010
112  60.51024023  022.27352333  60.51036074  022.27355282
111  60.51051841  022.27369498
111  60.51072370  022.27392266
111  60.51093335  022.27417630
111  60.51117813  022.27445236
111  60.51162385  022.27498324
112  60.51202746  022.27549643  60.51208263  022.27556426
112  60.51225395  022.27583560  60.51231783  022.27599782
113  60.51225395  022.27583560
110 1 0.15 120.0000 New Taxiway 5
111  60.50945623  022.27365308
112  60.50945623  022.27365308  60.50940106  022.27372091
112  60.50920797  022.27408366  60.50916731  022.27416918
112  60.50899890  022.27470297  60.50898293  022.27476196
112  60.50895825  022.27484748  60.50893066  022.27492416
111  60.50889582  022.27487402
112  60.50889394  022.27497724  60.50894185  022.27505097
112  60.50897072  022.27507334  60.50901718  022.27514707
112  60.50903229  022.27498317  60.50903084  022.27493598
112  60.50906133  022.27481212  60.50907585  022.27475314
112  60.50912231  022.27459683  60.50914408  022.27452015
112  60.50922684  022.27429306  60.50925878  022.27420754
112  60.50942139  022.27389492  60.50945768  022.27383299
113  60.50942139  022.27389492
110 2 0.20 355.0000 HEMS ramp
111  60.51269476  022.27954197
111  60.51259907  022.27954635
111  60.51259973  022.27947191
111  60.51213689  022.27954881
111  60.51213862  022.27966603
111  60.51214011  022.27971422
111  60.51232394  022.27969120
111  60.51233381  022.28002095
111  60.51221693  022.28003620
111  60.51223267  022.28044425
111  60.51267399  022.28036392
111  60.51285884  022.28004303
112  60.51281935  022.28000378  60.51278742  022.27996964
111  60.51275885  022.27974604
113  60.51273953  022.27951561
110 1 0.15 300.0000 New Taxiway 3
111  60.51118633  022.27755336
111  60.51127231  022.27715494
112  60.51141459  022.27672730  60.51143201  022.27666536
111  60.51169625  022.27568914
112  60.51173255  022.27539716  60.51172093  022.27525264
111  60.51173255  022.27539716
111  60.51164979  022.27543843
112  60.51164979  022.27543843  60.51165415  022.27550626
112  60.51162801  022.27558000  60.51161204  022.27563308
111  60.51153219  022.27596045
111  60.51142620  022.27634975
111  60.51136087  022.27659750
111  60.51132022  022.27674791
111  60.51119391  022.27712837
112  60.51113583  022.27732007  60.51113003  022.27734367
114  60.51106764  022.27747688  60.51104586  022.27748573
110 1 0.15 210.0000 New Taxiway 3
111  60.51173255  022.27539716
112  60.51173255  022.27539716  60.51172093  022.27525264
112  60.51162946  022.27514352  60.51158881  022.27509338
111  60.51137974  022.27487808
111  60.51089047  022.27432361
111  60.51052461  022.27391661
112  60.51039684  022.27386352  60.51033586  022.27389596
111  60.51039684  022.27386352
111  60.51040120  022.27397560
112  60.51054493  022.27410241  60.51061897  022.27419384
111  60.51094274  022.27456840
111  60.51134055  022.27502258
111  60.51155832  022.27526442
111  60.51162656  022.27534405
112  60.51164979  022.27543843  60.51165415  022.27550626
113  60.51164979  022.27543843
110 1 0.15 120.0000 New Taxiway 3
111  60.51039684  022.27386352
112  60.51039684  022.27386352  60.51033586  022.27389596
112  60.51027779  022.27405522  60.51023423  022.27420859
111  60.51004404  022.27488986
111  60.50988579  022.27542368
112  60.50966706  022.27587295  60.50956595  022.27577581
111  60.50966706  022.27587295
112  60.50966706  022.27587295  60.50964730  022.27585397
112  60.50960981  022.27588575  60.50961262  022.27592874
111  60.50960981  022.27588575
112  60.50960981  022.27588575  60.50961388  022.27594789
112  60.50973335  022.27607463  60.50977472  022.27612916
111  60.50973335  022.27607463
112  60.50973335  022.27607463  60.50980983  022.27617544
112  60.50990292  022.27617766  60.50988366  022.27611535
111  60.50990292  022.27617766
112  60.50990292  022.27617766  60.50986603  022.27605832
112  60.50992644  022.27562423  60.50996709  022.27548561
111  60.51002517  022.27527621
111  60.51008034  022.27505797
113  60.51040120  022.27397560
110 1 0.15 10.0000 New Taxiway 3
111  60.51002517  022.27527621
112  60.51009486  022.27516709  60.51013646  022.27515050
111  60.51017761  022.27517299
111  60.51018342  022.27506092
112  60.51009631  022.27504912  60.51008543  022.27505483
113  60.51008034  022.27505797
130 Airport Boundary
111  60.51091344  022.23738973
111  60.51080372  022.24005678
111  60.51142623  022.25423879
111  60.50987579  022.25593208
111  60.50952300  022.25946942
111  60.50940903  022.26181775
111  60.50959957  022.26659816
111  60.51077230  022.26933225
111  60.51070911  022.26998863
111  60.51006010  022.27248218
111  60.51252427  022.27531396
111  60.51264713  022.27934734
111  60.51189358  022.27958924
111  60.51179879  022.28149879
111  60.51106369  022.28244591
111  60.51088086  022.28574416
111  60.51084010  022.28828737
111  60.51221901  022.28992664
111  60.51245454  022.29081034
111  60.51610108  022.29173536
111  60.51713912  022.28788842
111  60.51663721  022.28042613
111  60.51754977  022.28017122
111  60.51743570  022.27780747
111  60.51639766  022.27783065
111  60.51611248  022.26995148
111  60.51735585  022.26649858
111  60.51654595  022.25961595
111  60.51595780  022.25894366
111  60.51554507  022.25580375
111  60.51545087  022.24979098
111  60.51505162  022.24823854
111  60.51467519  022.23885473
111  60.51438935  022.23549502
111  60.51377789  022.23627516
111  60.51319480  022.23502157
111  60.51212367  022.23561288
113  60.51133090  022.23638106
120 Linear Feature 4
111  60.51510102  022.26673163 4
115  60.51508371  022.26661398
120 Linear Feature 16
112  60.51335725  022.27576590  60.51339201  022.27576083 1
116  60.51347481  022.27551349  60.51346831  022.27532987
120 Linear Feature 25
112  60.51214203  022.25675123  60.51213335  022.25659268 1
116  60.51194364  022.25640350  60.51185256  022.25642148
120 Linear Feature 24
112  60.51211021  022.25600265  60.51211895  022.25615740 1
112  60.51194364  022.25640350  60.51185953  022.25641611 1
115  60.51141665  022.25650164
120 Linear Feature 7
111  60.51168314  022.27393339 22
112  60.51257505  022.27495316  60.51262563  022.27501360 22
115  60.51262672  022.27530382
120 Linear Feature 6
111  60.51045438  022.27228641 22
112  60.51049603  022.27259163  60.51058677  022.27269739 22
115  60.51168314  022.27393339
120 Linear Feature 5
111  60.51043057  022.27224410 20
112  60.51048264  022.27264300  60.51061206  022.27279108 20
115  60.51083074  022.27304794
120 Linear Feature 4
111  60.51048115  022.27232268 20
112  60.51051388  022.27253421  60.51058380  022.27261278
111  60.51051388  022.27253421
112  60.51051388  022.27253421  60.51057860  022.27260694 20
112  60.51259387  022.27491082  60.51304030  022.27542774
111  60.51259387  022.27491082
112  60.51259387  022.27491082  60.51264322  022.27498620 20
116  60.51265637  022.27531401  60.51265488  022.27537747
120 Linear Feature 23
111  60.51258882  022.26705343 1
115  60.51265331  022.26703970
120 Linear Feature 8
111  60.51267369  022.27449142 1
111  60.51266645  022.27431570 1
112  60.51326877  022.27419691  60.51332084  022.27418357 1
116  60.51339962  022.27384590  60.51339290  022.27368839
120 Linear Feature 7
112  60.51283473  022.27324944  60.51290741  022.27316140 1
116  60.51318883  022.27325784  60.51334233  022.27343515
120 Linear Feature 6
111  60.51315062  022.28319080 1
111  60.51334475  022.28317034 1
112  60.51344684  022.28320298  60.51349842  022.28324620 1
112  60.51359759  022.28341273  60.51365136  022.28355368 1
115  60.51386421  022.28408892
120 Linear Feature 5
111  60.51261372  022.28468065 1
112  60.51261388  022.28377460  60.51261388  022.28372386 1
112  60.51270233  022.28340463  60.51276893  022.28330104 1
112  60.51286571  022.28325242  60.51294792  022.28323551 1
115  60.51306244  022.28320504
120 Linear Feature 3
111  60.51195556  022.26071373 5
115  60.51196218  022.26087586
120 Linear Feature 2
111  60.51176730  022.25632995 5
115  60.51177533  022.25652365
120 Linear Feature 6
111  60.51225356  022.27426648 1
111  60.51218859  022.27402717 1
115  60.51283473  022.27324944
120 Linear Feature 22
111  60.51345804  022.28563975 1
112  60.51331362  022.28587023  60.51322035  022.28609471 1
111  60.51303551  022.28653317 1
112  60.51298423  022.28699462  60.51299833  022.28733110
111  60.51298423  022.28699462
112  60.51298423  022.28699462  60.51298858  022.28707675 1
112  60.51301271  022.28752798  60.51302190  022.28775040
111  60.51301271  022.28752798
112  60.51301271  022.28752798  60.51302464  022.28777170 1
116  60.51304287  022.28810567  60.51305587  022.28833042
120 Linear Feature 21
111  60.51367496  022.28556021 1
112  60.51390783  022.28513468  60.51389751  022.28477345 1
115  60.51388335  022.28448070
120 Linear Feature 20
111  60.51213554  022.28492777 1
112  60.51244424  022.28486145  60.51253201  022.28484222 1
112  60.51266134  022.28497888  60.51274904  022.28507615 1
112  60.51313400  022.28551453  60.51324405  022.28564414 1
112  60.51345804  022.28563975  60.51350916  022.28562820 1
112  60.51367496  022.28556021  60.51377384  022.28553440
111  60.51367496  022.28556021
112  60.51367496  022.28556021  60.51394948  022.28548648 1
116  60.51458082  022.28530528  60.51462389  022.28527465
120 Linear Feature 18
111  60.51252697  022.27162602 1
111  60.51247394  022.27154207 1
111  60.51288339  022.27042722 1
112  60.51310885  022.26980360  60.51315828  022.26966618 1
112  60.51319642  022.26925912  60.51318652  022.26901895 1
116  60.51295945  022.26886349  60.51282485  022.26888778
120 Linear Feature 14
111  60.51181232  022.26630366 1
111  60.51175598  022.26618866 1
115  60.51236922  022.26482951
120 Linear Feature 15
111  60.51245926  022.26634956 1
111  60.51238109  022.26627344 1
115  60.51267578  022.26501216
120 Linear Feature 9
112  60.51326877  022.27419691  60.51330606  022.27419247 1
116  60.51342784  022.27447036  60.51343488  022.27462745
120 Linear Feature 10
111  60.51282730  022.27537142 1
111  60.51282345  022.27518961 1
112  60.51331049  022.27509568  60.51334421  022.27509061 1
116  60.51346739  022.27535803  60.51347400  022.27551460
120 Linear Feature 11
111  60.51331049  022.27509568 1
116  60.51344060  022.27474690  60.51343229  022.27451245
120 Linear Feature 15
112  60.51298024  022.27595424  60.51298025  022.27595445 1
112  60.51297755  022.27584579  60.51297773  022.27584578
111  60.51297755  022.27584579
112  60.51297755  022.27584579  60.51297780  022.27584570 1
112  60.51335725  022.27576590  60.51337780  022.27576193
111  60.51335725  022.27576590
112  60.51335725  022.27576590  60.51337911  022.27576167 1
116  60.51349558  022.27599521  60.51350267  022.27620323
120 Linear Feature 19
112  60.51288339  022.27042722  60.51299905  022.27011102 1
116  60.51326175  022.27076904  60.51328352  022.27124680
120 Linear Feature 5
111  60.51179470  022.27369734 1
111  60.51172753  022.27346359 1
112  60.51235632  022.27269685  60.51245823  022.27257478 1
116  60.51266478  022.27266569  60.51272044  022.27272951
120 Linear Feature 4
111  60.51080777  022.27259069 1
112  60.51074170  022.27235739  60.51074144  022.27235555
111  60.51074170  022.27235739
112  60.51074170  022.27235739  60.51081418  022.27226876 1
112  60.51133021  022.27163848  60.51147830  022.27145882
111  60.51133021  022.27163848
112  60.51133021  022.27163848  60.51149558  022.27143786 1
116  60.51170005  022.27156904  60.51176748  022.27164755
120 Linear Feature 2
111  60.51324959  022.27878159 20
115  60.51326273  022.27902751
120 Linear Feature 1
111  60.51317958  022.27716564 20
115  60.51320570  022.27779004
120 Linear Feature 23
111  60.51432017  022.28512478 4 103
115  60.51433896  022.28561162
120 Linear Feature 22
111  60.51401219  022.27828658 4 103
115  60.51403675  022.27881009
120 Linear Feature 21
111  60.51364710  022.27028968 4 103
115  60.51366236  022.27066541
120 Linear Feature 20
111  60.51350925  022.26712074 4 103
115  60.51352385  022.26750704
120 Linear Feature 19
111  60.51284829  022.25237919 4 103
115  60.51281681  022.25276785
120 Linear Feature 18
112  60.51287087  022.26652428  60.51291978  022.26652005 1
116  60.51308835  022.26684390  60.51310023  022.26708404
120 Linear Feature 17
112  60.51305436  022.26615619  60.51305546  022.26619429 1
112  60.51287087  022.26652428  60.51274041  022.26654742
111  60.51287087  022.26652428
112  60.51287087  022.26652428  60.51267450  022.26655799 1
112  60.51265331  022.26703970  60.51266138  022.26723509
111  60.51265331  022.26703970
112  60.51265331  022.26703970  60.51271428  022.26843661 1
111  60.51271428  022.26843661 1
112  60.51295945  022.26886349  60.51317808  022.26881956 1
115  60.51314924  022.26821144
120 Linear Feature 13
111  60.51117606  022.26643504 1
111  60.51111576  022.26633008 1
115  60.51194947  022.26419924
120 Linear Feature 12
111  60.51101138  022.26469043 1
111  60.51099106  022.26451027 1
111  60.51161117  022.26426165 1
112  60.51194947  022.26419924  60.51209629  022.26426072 1
112  60.51219392  022.26442181  60.51225865  022.26452702 1
112  60.51236922  022.26482951  60.51244040  022.26499440 1
112  60.51267578  022.26501216  60.51280082  022.26498777 1
112  60.51281941  022.26498903  60.51284219  022.26498496 1
116  60.51298844  022.26458609  60.51297484  022.26430438
120 Linear Feature 11
112  60.51281063  022.27283080  60.51285578  022.27289263 1
112  60.51312866  022.27288593  60.51324081  022.27276640
111  60.51312866  022.27288593
112  60.51312866  022.27288593  60.51324231  022.27276945 1
116  60.51332852  022.27223306  60.51332060  022.27191101
120 Linear Feature 10
111  60.51130854  022.27315301 1
111  60.51123815  022.27292836 1
111  60.51187620  022.27214350 1
112  60.51194806  022.27208439  60.51198523  022.27206027
111  60.51194806  022.27208439
112  60.51194806  022.27208439  60.51201850  022.27205538 1
116  60.51221088  022.27214356  60.51229996  022.27224410
120 TWY B center line 2
112  60.51417636  022.27852279  60.51431929  022.27850024 1
112  60.51456843  022.27874755  60.51467929  022.27892112 1
112  60.51481790  022.27943160  60.51486366  022.27962936 1
116  60.51487995  022.28012014  60.51489630  022.28050524
120 TWY B center line
112  60.51472010  022.27663177  60.51473036  022.27686759 1
112  60.51473944  022.27706748  60.51476490  022.27759561 1
112  60.51417636  022.27852279  60.51382013  022.27856589 1
116  60.51356609  022.27753323  60.51354373  022.27707700
120 Linear Feature 7
112  60.51358845  022.27049049  60.51354098  022.27049487 1
116  60.51328141  022.27117944  60.51330437  022.27166779
120 Linear Feature 6
112  60.51447071  022.27101735  60.51447329  022.27109583 1
116  60.51405302  022.27040052  60.51363270  022.27048091
120 TWY C centre line
111  60.51439524  022.26934943 1
112  60.51440839  022.26967502  60.51442025  022.26999800
111  60.51440839  022.26967502
112  60.51440839  022.26967502  60.51441880  022.26998871 1
112  60.51405302  022.27040052  60.51374999  022.27045082
111  60.51405302  022.27040052
112  60.51405302  022.27040052  60.51358845  022.27049049 1
111  60.51358845  022.27049049 1
116  60.51322003  022.26979908  60.51319392  022.26913350
120 TWY D center line entrance
111  60.51344726  022.26731802 1
112  60.51320442  022.26759133  60.51311636  022.26781550
111  60.51320442  022.26759133
112  60.51320442  022.26759133  60.51314944  022.26773128 1
116  60.51314924  022.26821144  60.51315737  022.26845081
120 TWY D center line
111  60.51424862  022.26619204 1
112  60.51397459  022.26722381  60.51366667  022.26728442 1
112  60.51344726  022.26731802  60.51332342  022.26733916 1
116  60.51308835  022.26684390  60.51307614  022.26657939
120 TWY F, T, A center line
112  60.51289670  022.24101323  60.51278794  022.24073969 1
112  60.51219877  022.24051055  60.51186311  022.24060937 1
112  60.51157851  022.24133638  60.51147635  022.24178108 1
112  60.51149566  022.24225261  60.51150382  022.24249814 1
111  60.51203761  022.25437795 1
111  60.51211021  022.25600265 1
111  60.51214203  022.25675123 1
112  60.51232454  022.26072258  60.51234783  022.26119086 1
112  60.51251356  022.26190697  60.51263868  022.26250140
111  60.51251356  022.26190697
112  60.51251356  022.26190697  60.51255678  022.26211232 1
112  60.51269365  022.26268983  60.51276070  022.26299995 1
112  60.51297484  022.26430438  60.51299863  022.26488856
111  60.51297484  022.26430438
112  60.51297484  022.26430438  60.51298594  022.26457710 1
112  60.51302181  022.26536852  60.51303792  022.26574064
111  60.51302181  022.26536852
112  60.51302181  022.26536852  60.51304021  022.26579349 1
111  60.51305436  022.26615619 1
111  60.51308835  022.26684390 1
111  60.51314924  022.26821144 1
111  60.51319642  022.26925912 1
111  60.51322003  022.26979908 1
111  60.51326175  022.27076904 1
111  60.51328141  022.27117944 1
111  60.51332852  022.27223306 1
111  60.51339962  022.27384590 1
111  60.51342784  022.27447036 1
111  60.51344060  022.27474690 1
111  60.51346739  022.27535803 1
111  60.51347481  022.27551349 1
111  60.51349558  022.27599521 1
111  60.51356609  022.27753323 1
111  60.51386421  022.28408892 1
111  60.51388335  022.28448070 1
112  60.51399605  022.28493514  60.51410661  022.28522102 1
111  60.51426782  022.28531056 1
112  60.51458082  022.28530528  60.51473963  022.28522360 1
116  60.51485842  022.28494151  60.51487048  022.28492926
120 Linear Feature 31
111  60.51231468  022.24027507 4 103
116  60.51228389  022.24071702  60.51228639  022.24069420
120 TWY D center line to RWY 08
111  60.51433092  022.26810908 1
116  60.51397459  022.26722381  60.51365525  022.26727727
120 TWY E center line
111  60.51373987  022.25455870 1
112  60.51362063  022.25368658  60.51351341  022.25333164 1
112  60.51330571  022.25292318  60.51324457  022.25282455 1
112  60.51287000  022.25256654  60.51260263  022.25247149
111  60.51287000  022.25256654
112  60.51287000  022.25256654  60.51281197  022.25255621 1
112  60.51242842  022.25275348  60.51223064  022.25294462 1
112  60.51205542  022.25373107  60.51204278  022.25385008 1
116  60.51203761  022.25437795  60.51205599  022.25479801
120 Hold Short of TWY F for ground vehicles
111  60.51135249  022.23921281 5
115  60.51126527  022.23928319
120 Linear Feature 12
111  60.51304287  022.28810567 1
112  60.51307348  022.28864592  60.51307793  022.28874799 1
112  60.51320434  022.28887141  60.51329904  022.28885966 1
115  60.51331276  022.28885455
120 Linear Feature 11
112  60.51301271  022.28752798  60.51302035  022.28767945 1
112  60.51313031  022.28776659  60.51320716  022.28775258 1
115  60.51325013  022.28775222
120 Linear Feature 10
112  60.51304287  022.28810567  60.51304950  022.28825177 1
112  60.51319261  022.28832316  60.51324559  022.28831766 1
115  60.51328227  022.28830805
120 Linear Feature 9
112  60.51266134  022.28497888  60.51263365  022.28494763 1
112  60.51261372  022.28468065  60.51260410  022.28439183
111  60.51261372  022.28468065
112  60.51261372  022.28468065  60.51260896  022.28453787 1
112  60.51269820  022.28438989  60.51272925  022.28433919 1
112  60.51284963  022.28434404  60.51288350  022.28437181 1
111  60.51293479  022.28442548 1
111  60.51294541  022.28443340 1
112  60.51313961  022.28465617  60.51321153  022.28472423
111  60.51313961  022.28465617
112  60.51313961  022.28465617  60.51324511  022.28476810 1
112  60.51344176  022.28497193  60.51349005  022.28501761
111  60.51344176  022.28497193
112  60.51344176  022.28497193  60.51352192  022.28504776 1
112  60.51357772  022.28506648  60.51363990  022.28508731 1
115  60.51390783  022.28513468
120 Linear Feature 7
111  60.51312866  022.27288593 1
115  60.51283473  022.27324944
120 Linear Feature 6
111  60.51170005  022.27156904 1
111  60.51221088  022.27214356 1
111  60.51266478  022.27266569 1
112  60.51281063  022.27283080  60.51291373  022.27294706
111  60.51281063  022.27283080
112  60.51281063  022.27283080  60.51293542  022.27297152 1
112  60.51318883  022.27325784  60.51324071  022.27332242 1
116  60.51339962  022.27384590  60.51341787  022.27415978
120 Linear Feature 13
112  60.51099913  022.26677595  60.51100082  022.26677590 22
112  60.51237142  022.26666559  60.51237312  022.26666575
111  60.51237142  022.26666559
112  60.51237142  022.26666559  60.51240955  022.26666923 22
112  60.51245380  022.26682136  60.51245862  022.26691559
111  60.51245380  022.26682136
112  60.51245380  022.26682136  60.51245884  022.26691979 22
115  60.51257876  022.26959190
120 Linear Feature 12
111  60.51102213  022.26683224 20
112  60.51236633  022.26671619  60.51242108  022.26671108 20
112  60.51243563  022.26688128  60.51243752  022.26693497 20
115  60.51255377  022.26961366
120 Linear Feature 11
111  60.51066380  022.26364879 22
115  60.51077836  022.26620896
120 Linear Feature 10
111  60.51075344  022.26112394 20
111  60.51063556  022.26123122 20
112  60.51059443  022.26141398  60.51060096  022.26155976 20
112  60.51081036  022.26620753  60.51081215  022.26628369
111  60.51081036  022.26620753
112  60.51081036  022.26620753  60.51081393  022.26629457 20
112  60.51085663  022.26644251  60.51089234  022.26654405 20
112  60.51097231  022.26668794  60.51100266  022.26672057 20
112  60.51104428  022.26671926  60.51110676  022.26671201 20
112  60.51238491  022.26661773  60.51242959  022.26661517 20
112  60.51247774  022.26682443  60.51248215  022.26692670 20
115  60.51259556  022.26958048
120 Linear Feature 9
111  60.51093553  022.26694174 20
111  60.51096310  022.26768344 20
111  60.51098821  022.26837685 20
111  60.51101479  022.26896084 22
111  60.51102764  022.26912620 20
111  60.51103835  022.26951349 20
112  60.51104050  022.26980069  60.51103693  022.26990222 20
111  60.51101908  022.27021843 20
115  60.51100837  022.27036638
120 Linear Feature 8
111  60.51081129  022.26658927 20
112  60.51086270  022.26690693  60.51086984  022.26697946 20
111  60.51091839  022.26795564 20
111  60.51096573  022.26896676 22
111  60.51097551  022.26917572 20
111  60.51099087  022.26954540 22
112  60.51099551  022.26977023  60.51099373  022.26983913 20
111  60.51096338  022.27018797 20
115  60.51094410  022.27035333
120 Linear Feature 7
112  60.51281941  022.26498903  60.51293477  022.26496665 1
116  60.51302181  022.26536852  60.51302968  022.26554216
120 Linear Feature 3
111  60.51082579  022.26967599 22
115  60.51092361  022.26966727
120 Linear Feature 2
111  60.51081207  022.26927509 22
115  60.51089615  022.26917923
21  60.51391807  022.24603506 2 84.8200 3.00 08  PAPI-4L
21  60.51438687  022.28026960 2 264.8600 3.00 26  PAPI-4L
20  60.51176864  022.25625786 354.9600 0 2 {@Y}{^l}T{@L}Y{@Y}T{^r}
20  60.51178689  022.25668160 354.9600 0 2 {@Y}{^l}T{@L}Y{@Y}T{^r}
20  60.51405338  022.27904874 -8.4500 0 2 {@L}B{@R}08/26
20  60.51400407  022.27805759 336.6200 0 2 {@L}B{@R}08/26
20  60.51335605  022.26852327 266.1900 0 3 {@L}T{@Y}D{^r}
20  60.51319937  022.26489764 264.0900 0 3 {@L}T
20  60.51233876  022.24004224 360.0000 0 3 {@L}F{@R}08
20  60.51351762  022.26776261 8.1300 0 2 {@L}D{@R}08/26
20  60.51288386  022.25214181 351.3100 0 2 {@L}E{@R}08/26
20  60.51279779  022.25301454 9.3700 0 3 {@L}E{@R}08/26
20  60.51225793  022.24093453 13.7600 0 3 {@L}F{@R}08
20  60.51186336  022.25563155 86.8700 0 2 {@L}T{@Y}Y{^r}
20  60.51349487  022.27168457 85.2400 0 2 {@L}T
20  60.51349491  022.27170311 263.9900 0 2 {@L}T{@Y}C{^r}
20  60.51387258  022.28019399 265.7000 0 2 {@L}T{@Y}B{^r}
20  60.51387194  022.28017892 85.9700 0 2 {@L}T
20  60.51374771  022.27712567 259.5600 0 2 {@L}T
20  60.51400662  022.28412265 260.7500 0 2 {@L}T
20  60.51400582  022.28411223 83.5200 0 2 {@Y}{^l}A
20  60.51374641  022.27711048 82.5000 0 2 {@Y}{^l}B{@L}T
20  60.51335547  022.26850871 86.1900 0 2 {@Y}{^l}C{@L}T
20  60.51435316  022.28580510 11.2900 0 2 {@L}A{@R}26
20  60.51430115  022.28486737 336.4900 0 2 {@L}A{@R}26
20  60.51363571  022.27010687 353.1500 0 2 {@L}C{@R}08/26
20  60.51367605  022.27088897 358.4100 0 2 {@L}C{@R}08/26
20  60.51349873  022.26690177 341.5700 0 2 {@L}D{@R}08/26
20  60.51223948  022.25490045 85.9900 0 2 {@L}T{@Y}Y{^r}
20  60.51193180  022.25736370 266.1900 0 2 {@Y}{^l}Y{@L}T
20  60.51170324  022.24265014 267.2100 0 2 {@Y}F{^r}
20  60.51223900  022.25494921 267.2100 0 2 {@L}T{@Y}E{^r}
20  60.51235792  022.25757319 267.2100 0 2 {@Y}{^l}Y{@L}T
14  60.51165842  022.27419957  65.62 0 ATC Tower
1300  60.51282345  022.27518961 177.82 tie_down props 2
1301 B general_aviation 
1300  60.51266645  022.27431570 -185.67 tie_down jets|turboprops 3
1301 C airline 
1300  60.51218859  022.27402717 -210.49 tie_down jets|turboprops 4
1301 C airline 
1300  60.51172753  022.27346359 -210.94 tie_down jets|turboprops 5
1301 C airline 
1300  60.51074170  022.27235739 150.45 tie_down jets|turboprops 7
1301 C airline 
1300  60.51247394  022.27154207 -233.54 tie_down heavy|jets 8
1301 E none 
1300  60.51258882  022.26705343  85.14 tie_down jets 8A
1301 B airline 
1300  60.51239077  022.26622217 114.87 tie_down turboprops 9
1301 C cargo 
1300  60.51175598  022.26618866 131.28 tie_down jets|turboprops 10
1301 C cargo 
1300  60.51111576  022.26633008 129.17 tie_down jets|turboprops 11
1301 C cargo 
1300  60.51099106  022.26451027 -191.47 tie_down jets|turboprops 12
1301 C cargo 
1300  60.51141665  022.25650164 355.60 tie_down props GA ramp
1301 A general_aviation 
1300  60.51297737  022.27584581 175.70 tie_down props 1
1301 A general_aviation 
1300  60.51123815  022.27292836 149.71 tie_down jets|turboprops 6
1301 C airline 
1300  60.51325013  022.28775222 354.14 tie_down turboprops|helos Frontier Guard 1
1301 B military 
1300  60.51328026  022.28829037 355.49 tie_down helos Frontier Guard 2
1301 B military 
1300  60.51331276  022.28885455 356.39 tie_down helos Frontier Guard 3
1301 B military 
18  60.51708761  022.27923140 1 What kind of facility is actually there?
19  60.51333536  022.26347301 1 WS
1050 130050 ATIS
1054 119700 TWR
1054 118300 TWR
1200 
1201  60.51259991  022.27486924 both 0 N_stop
1201  60.51047286  022.27241481 both 1 N_stop
1201  60.51100565  022.27013175 both 2 N_stop
1201  60.51089240  022.26687538 both 3 N_stop
1201  60.51066165  022.26381592 both 4 N_stop
1201  60.51170211  022.25714305 both 5 N_stop
1201  60.51168532  022.25646979 both 6 N_start
1201  60.51194794  022.26419732 both 7 _stop
1201  60.51267578  022.26501216 both 8 _stop
1201  60.51236922  022.26482951 both 9 _stop
1201  60.51283420  022.26499283 both 10 _start
1201  60.51321864  022.27277607 both 11 Ramp_stop
1201  60.51332936  022.27232578 both 12 Ramp_start
1201  60.51158906  022.27145419 both 13 
1201  60.51257648  022.27258831 both 14 Ramp_stop
1201  60.51220037  022.27215137 both 15 Ramp_stop
1201  60.51311432  022.27317042 both 16 Ramp_stop
1201  60.51299982  022.27303985 both 17 Ramp_stop
1201  60.51333664  022.25298230 both 18 E_stop
1201  60.51314234  022.25272439 both 19 E_stop
1201  60.51287542  022.25257433 both 20 E_stop
1201  60.51271482  022.25259997 both 21 E_stop
1201  60.51257454  022.25263819 both 22 E
1201  60.51228902  022.25295098 both 23 E
1201  60.51211789  022.25340902 both 24 E
1201  60.51257735  022.24055706 both 25 T_stop
1201  60.51219877  022.24051055 both 26 T_stop
1201  60.51193919  022.24064006 both 27 T_stop
1201  60.51169556  022.24096385 both 28 T_stop
1201  60.51154428  022.24147267 both 29 T_stop
1201  60.51149566  022.24225261 both 30 T_stop
1201  60.51202999  022.25420419 both 31 T_stop
1201  60.51211021  022.25600265 both 32 T_stop
1201  60.51207840  022.25526616 both 33 T_stop(split)
1201  60.51213928  022.25674049 both 34 T_stop
1201  60.51219355  022.25793717 both 35 T_stop
1201  60.51225343  022.25916393 both 36 T_stop
1201  60.51232454  022.26072258 both 37 T_stop
1201  60.51238967  022.26136357 both 38 T_stop
1201  60.51269605  022.26271812 both 39 T_stop
1201  60.51294690  022.26392569 both 40 T_stop
1201  60.51299196  022.26468269 both 41 T_stop
1201  60.51302849  022.26536238 both 42 T_stop
1201  60.51305436  022.26615619 both 43 T_stop
1201  60.51309236  022.26686558 both 44 T_stop
1201  60.51357144  022.27767363 both 45 T
1201  60.51346913  022.27536196 both 46 T
1201  60.51344165  022.27474928 both 47 T
1201  60.51342855  022.27445675 both 48 T
1201  60.51340049  022.27384234 both 49 T
1201  60.51328996  022.27342929 both 50 T
1201  60.51328141  022.27117944 both 51 T
1201  60.51314074  022.26792751 both 52 T_stop
1201  60.51388335  022.28448070 both 53 T_start
1201  60.51317769  022.24132052 both 54 N_stop
1201  60.51371898  022.25385510 both 55 E_stop
1201  60.51374665  022.25456688 both 56 N_start(split)
1201  60.51431330  022.26718642 both 57 D_start
1201  60.51435198  022.26797504 both 58 N_start(split)(split)(split)
1201  60.51445792  022.27032810 both 59 C_start
1201  60.51512888  022.28548041 both 60 N_start(split)(split)(split)
1201  60.51511563  022.28517316 both 61 A_start
1201  60.51298248  022.28672591 both 62 _stop
1201  60.51301762  022.28758070 both 63 _stop
1201  60.51344476  022.28563445 both 64 _stop
1201  60.51370022  022.28556289 both 65 _stop
1201  60.51390286  022.28529404 both 66 _stop
1201  60.51311590  022.26737818 both 67 D
1201  60.51326816  022.26735092 both 68 D
1201  60.51354098  022.27049487 both 69 C_stop
1201  60.51322003  022.26979908 both 70 C_stop
1201  60.51481506  022.27846067 both 71 B_stop
1201  60.51373537  022.27828087 both 72 B_stop
1201  60.51390466  022.27859528 both 73 B_stop
1201  60.51429156  022.28536311 both 74 A_stop
1201  60.51398660  022.28495742 both 75 A_stop
1201  60.51208169  022.25651461 both 76 Y_stop
1201  60.51200641  022.25641328 both 77 Y_stop
1201  60.51194364  022.25640350 both 78 Y_stop
1201  60.51200474  022.25636129 both 79 Y_stop
1201  60.51206632  022.25625204 both 80 Y_stop
1202 8 9 twoway taxiway_C 
1202 9 7 twoway taxiway_C 
1202 10 8 twoway taxiway_C 
1202 11 17 twoway taxiway_D 
1202 12 11 twoway taxiway_D 
1202 14 15 twoway taxiway_D 
1202 15 13 twoway taxiway_D 
1202 16 17 twoway taxiway_D 
1202 17 14 twoway taxiway_D 
1202 49 50 twoway taxiway_D 
1202 50 16 twoway taxiway_D 
1202 42 10 twoway taxiway_C T
1202 51 69 twoway taxiway_C C
1202 69 59 twoway taxiway_C C
1204 departure 08,26
1204 arrival 08,26
1202 10 41 twoway taxiway_C T_stop
1202 18 55 twoway taxiway_E E
1204 departure 08,26
1204 arrival 08,26
1202 19 18 twoway taxiway_E E
1204 departure 08,26
1204 arrival 08,26
1202 20 19 twoway taxiway_E E
1204 departure 08,26
1204 arrival 08,26
1202 21 20 twoway taxiway_E E
1204 departure 08,26
1204 arrival 08,26
1202 22 21 twoway taxiway_E E
1202 23 22 twoway taxiway_E E
1202 24 23 twoway taxiway_E E
1202 31 24 twoway taxiway_E E
1202 25 54 twoway taxiway_E F
1204 departure 08,26
1204 arrival 08,26
1204 ils 08,26
1202 26 25 twoway taxiway_E F
1204 departure 08,26
1204 arrival 08,26
1204 ils 08,26
1202 27 26 twoway taxiway_E F
1202 28 27 twoway taxiway_E F
1202 29 28 twoway taxiway_E F
1202 30 29 twoway taxiway_E F
1202 31 30 twoway taxiway_E T
1202 32 33 twoway taxiway_E T
1202 33 31 twoway taxiway_E T
1202 34 32 twoway taxiway_E T
1202 35 34 twoway taxiway_E T
1202 36 35 twoway taxiway_E T
1202 37 36 twoway taxiway_E T
1202 38 37 twoway taxiway_E T
1202 39 38 twoway taxiway_E T
1202 40 39 twoway taxiway_E T
1202 41 40 twoway taxiway_E T
1202 42 41 twoway taxiway_E T
1202 43 42 twoway taxiway_E T
1202 44 43 twoway taxiway_E T
1202 45 46 twoway taxiway_E T
1202 46 47 twoway taxiway_E T
1202 47 48 twoway taxiway_E T
1202 48 49 twoway taxiway_E T
1202 49 12 twoway taxiway_E T
1202 12 51 twoway taxiway_E T
1202 51 70 twoway taxiway_E T
1202 70 52 twoway taxiway_E T
1202 52 67 twoway taxiway_E T
1202 67 44 twoway taxiway_E T
1202 53 45 twoway taxiway_E A
1202 54 55 twoway runway 08/26
1204 departure 08,26
1204 arrival 08,26
1204 ils 08,26
1202 55 56 twoway runway 08/26
1204 departure 08,26
1204 arrival 08,26
1204 ils 08,26
1202 56 57 twoway runway 08/26
1204 departure 08,26
1204 arrival 08,26
1204 ils 08,26
1202 57 58 twoway runway 08/26
1204 departure 08,26
1204 arrival 08,26
1204 ils 08,26
1202 58 59 twoway runway 08/26
1204 departure 08,26
1204 arrival 08,26
1204 ils 08,26
1202 59 71 twoway runway 08/26
1204 departure 08,26
1204 arrival 08,26
1204 ils 08,26
1202 71 61 twoway runway 08/26
1204 departure 08,26
1204 arrival 08,26
1204 ils 08,26
1202 61 60 twoway runway 08/26
1204 departure 08,26
1204 arrival 08,26
1204 ils 08,26
1202 65 74 twoway taxiway_C A
1202 62 63 twoway taxiway_C 
1202 64 62 twoway taxiway_C 
1202 65 64 twoway taxiway_C 
1202 66 65 twoway taxiway_C 
1202 53 66 twoway taxiway_E 
1202 68 57 twoway taxiway_E D
1204 departure 08,26
1204 arrival 08,26
1202 68 67 twoway taxiway_E D
1202 70 69 twoway taxiway_E C
1202 72 73 twoway taxiway_E B
1202 73 71 twoway taxiway_E B
1204 departure 08,26
1204 arrival 08,26
1202 45 72 twoway taxiway_E B
1202 74 61 twoway taxiway_E A
1204 departure 08,26
1204 arrival 08,26
1202 75 74 twoway taxiway_E A
1202 53 75 twoway taxiway_E A
1202 76 34 twoway taxiway_E Y
1202 77 76 twoway taxiway_E Y
1202 78 77 twoway taxiway_E Y
1202 79 78 twoway taxiway_E Y
1202 80 79 twoway taxiway_E Y
1202 32 80 twoway taxiway_E Y
1202 33 32 twoway taxiway_E Y
1206 1 0 twoway  N
1206 2 1 twoway  N
1206 3 2 twoway  N
1206 4 3 twoway  N
1206 5 4 twoway  N
1206 6 5 twoway  N
1400  60.51068163  22.26191776  82.38 gpu 0 New Service Truck 5
1400  60.51080449  22.26348696  85.48 food 0 New Service Truck 4
1400  60.51115587  22.26775964 -182.79 baggage_train 2 Baggage train 2
1400  60.51136963  22.26957830  209.05 baggage_train 2 Baggage Train 1
1400  60.51114983  22.26701229  178.16 crew_car 0 New Service Truck 7
1400  60.51115371  22.26901280  169.41 baggage_loader 0 Baggage loader 1
1400  60.51128250  22.26926013  178.00 fuel_props 0 Fuel Truck 1
1400  60.51127933  22.27090013 -149.44 baggage_loader 0 Baggage loader 2
1401  60.51100762  22.26631621  0.00 crew_car|fuel_jets|fuel_props|gpu New Service Truck Destination 80
1401  60.51279435  22.27509501  0.00 crew_car|fuel_jets|fuel_props New Service Truck Destination 5
1401  60.51208884  22.27391128  0.00 baggage_train|fuel_jets|fuel_liners|fuel_props|food|gpu New Service Truck Destination 4
1401  60.51113779  22.27280251  0.00 baggage_loader|baggage_train|crew_car|fuel_jets|fuel_props|food|gpu New Service Truck Destination 1
99
