A
1000 Generated by WorldEditor

1    338 1 0 EFUT Utti
100 45.00 1 1 0.25 0 3 1 07  60.89451086  026.92039536    0  260 2 10 0 0 25  60.89815575  026.95583744    0  145 2 3 0 0
102 H1  60.89376050  026.93769066 347.42 30.00 30.00 15 0 0 0.35 0
102 H2  60.89312760  026.93225547 348.51 30.00 30.00 15 0 0 0.35 0
102 H3  60.89352252  026.92994034 348.50 30.00 30.00 15 0 0 0.35 0
102 H4  60.89296504  026.91821700  17.07 30.00 30.00 15 0 0 0.35 0
102 H5  60.89946336  026.92360256 167.54 20.00 20.00 15 0 0 0.00 0
110 2 0.35 130.5300 New Taxiway 18
112  60.89272543  026.93941238  60.89271231  026.93911078
112  60.89243281  026.93917986  60.89233692  026.93936520
114  60.89247625  026.93978644  60.89259100  026.93989427
110 2 0.35 175.5300 New Taxiway 9
111  60.89265014  026.93670390
111  60.89255373  026.93672164
111  60.89255998  026.93691526
113  60.89265662  026.93689596
110 2 0.35 175.5300 New Taxiway 9
111  60.89255415  026.93761843
111  60.89245774  026.93763618
111  60.89246399  026.93782979
113  60.89256063  026.93781050
110 2 0.35 175.5300 New Taxiway 9
111  60.89258769  026.93851521
111  60.89249128  026.93853297
111  60.89249753  026.93872658
113  60.89259417  026.93870728
110 2 0.35 175.5300 New Taxiway 9
111  60.89229659  026.93983723
111  60.89220017  026.93985498
111  60.89220574  026.94002719
111  60.89220643  026.94004859
111  60.89230306  026.94002930
113  60.89230077  026.93996118
110 2 0.35 175.5300 New Taxiway 9
111  60.89212233  026.93896942
111  60.89202592  026.93898717
111  60.89203217  026.93918079
113  60.89212881  026.93916149
110 2 0.35 175.5300 New Taxiway 9
111  60.89207233  026.93756735
111  60.89197591  026.93758510
111  60.89198217  026.93777871
113  60.89207881  026.93775942
110 2 0.35 175.5300 New Taxiway 9
111  60.89217692  026.93678361
111  60.89208050  026.93680136
111  60.89208676  026.93699498
113  60.89218339  026.93697568
110 2 0.35 175.5300 New Taxiway 9
111  60.89204795  026.93680715
111  60.89195153  026.93682490
111  60.89195779  026.93701852
113  60.89205443  026.93699922
110 1 0.35 175.5300 New Taxiway 8
111  60.89283134  026.93987620
111  60.89230077  026.93996118
111  60.89230306  026.94002930
111  60.89220643  026.94004859
111  60.89220574  026.94002719
111  60.89211006  026.94014515
111  60.89211370  026.94023875
113  60.89284075  026.94012242
110 1 0.35 85.5300 xxx
111  60.89183584  026.93670459
111  60.89192105  026.93893508
111  60.89193855  026.93939323
111  60.89197172  026.94026146
111  60.89211370  026.94023875
111  60.89211006  026.94014515
111  60.89220574  026.94002719
111  60.89220017  026.93985498
111  60.89229659  026.93983723
111  60.89230077  026.93996118
111  60.89283134  026.93987620
111  60.89277800  026.93847977
111  60.89274925  026.93772728
111  60.89270487  026.93656555
111  60.89241547  026.93661185
111  60.89236855  026.93561079
111  60.89225914  026.93563020
111  60.89230124  026.93663013
111  60.89195957  026.93668479
112  60.89195368  026.93666289  60.89195280  026.93663955
111  60.89195368  026.93666289
111  60.89186115  026.93667599
112  60.89186115  026.93667599  60.89186203  026.93669962
113  60.89185699  026.93670120
111  60.89265014  026.93670390
111  60.89265662  026.93689596
111  60.89255998  026.93691526
113  60.89255373  026.93672164
111  60.89217692  026.93678361
111  60.89218339  026.93697568
111  60.89208676  026.93699498
113  60.89208050  026.93680136
111  60.89204795  026.93680715
111  60.89205443  026.93699922
111  60.89195779  026.93701852
113  60.89195153  026.93682490
111  60.89207233  026.93756735
111  60.89207881  026.93775942
111  60.89198217  026.93777871
113  60.89197591  026.93758510
111  60.89212233  026.93896942
111  60.89212881  026.93916149
111  60.89203217  026.93918079
113  60.89202592  026.93898717
111  60.89255415  026.93761843
111  60.89256063  026.93781050
111  60.89246399  026.93782979
113  60.89245774  026.93763618
111  60.89258769  026.93851521
111  60.89259417  026.93870728
111  60.89249753  026.93872658
113  60.89249128  026.93853297
112  60.89272543  026.93941238  60.89273854  026.93971398
112  60.89247625  026.93978644  60.89236150  026.93967860
114  60.89243281  026.93917986  60.89252871  026.93899452
110 1 0.35 167.2200 TWY A
111  60.89597701  026.93653762
111  60.89536982  026.93681948
111  60.89299637  026.93792126
112  60.89274925  026.93772728  60.89272671  026.93744555
111  60.89274925  026.93772728
111  60.89277800  026.93847977
112  60.89277800  026.93847977  60.89278251  026.93827404
111  60.89293993  026.93818893
111  60.89539739  026.93704816
113  60.89600247  026.93676727
110 1 0.35 77.2200 HEKO1
111  60.89389473  026.93725573
111  60.89355469  026.93741359
111  60.89363183  026.93810948
113  60.89397186  026.93795162
110 1 0.35 156.0000 New Taxiway 26
111  60.89102811  026.92869398
112  60.89101977  026.92887226  60.89100856  026.92896756
111  60.89101977  026.92887226
112  60.89101977  026.92887226  60.89101416  026.92891991
112  60.89099028  026.92901562  60.89097552  026.92906060
112  60.89092697  026.92912446  60.89089881  026.92914910
111  60.89092697  026.92912446
112  60.89058778  026.92942051  60.89047517  026.92951906
111  60.89058778  026.92942051
111  60.89025599  026.92972147
111  60.89048110  026.93071949
111  60.89096814  026.93026980
111  60.89084818  026.92971342
111  60.89105832  026.92953929
113  60.89108016  026.92962278
110 1 0.35 84.0000 New Taxiway 25
111  60.89112521  026.92868554
111  60.89102811  026.92869398
111  60.89108016  026.92962278
111  60.89120501  026.93010006 1
112  60.89118195  026.92999396  60.89116999  026.92993408 1
113  60.89117119  026.92983146
110 1 0.35 66.0000 New Taxiway 24
111  60.89208066  026.93421622 1
111  60.89120501  026.93010006
111  60.89108016  026.92962278
111  60.89105832  026.92953929
111  60.89084818  026.92971342
111  60.89096814  026.93026980
112  60.89173422  026.93382278  60.89176003  026.93393968
113  60.89176576  026.93426289
110 1 0.35 85.0000 New Taxiway 22
111  60.89208066  026.93421622
111  60.89176576  026.93426289
111  60.89182697  026.93583089
111  60.89186115  026.93667599
111  60.89195368  026.93666289
111  60.89191243  026.93565075
111  60.89225706  026.93559781
111  60.89225914  026.93563020
111  60.89236855  026.93561079
111  60.89234903  026.93509564
111  60.89230312  026.93456140 1
112  60.89222364  026.93454049  60.89218827  026.93451483 1
111  60.89215026  026.93445312 1
114  60.89211149  026.93434352  60.89209640  026.93428472 1
110 1 0.35 20.0000 New Taxiway 21
111  60.89221994  026.93426809
111  60.89215026  026.93445312 1
112  60.89222364  026.93454049  60.89225900  026.93456615 1
111  60.89230312  026.93456140
113  60.89228458  026.93434560
110 1 0.35 66.0000 New Taxiway 20
111  60.89218748  026.93412005 1
111  60.89208066  026.93421622 1
112  60.89211149  026.93434352  60.89212657  026.93440233 1
111  60.89215026  026.93445312
113  60.89221994  026.93426809
110 1 0.35 66.0000 New Taxiway 10
111  60.89127859  026.92984459
111  60.89117119  026.92983146 1
112  60.89118195  026.92999396  60.89119391  026.93005383 1
111  60.89120501  026.93010006 1
113  60.89131049  026.93000211
110 1 0.35 110.0000 New Taxiway 9
111  60.89117119  026.92983146
111  60.89127859  026.92984459
111  60.89130556  026.92968921
111  60.89122613  026.92954966 1
114  60.89118912  026.92967116  60.89117161  026.92975071 1
110 1 0.35 156.0000 New Taxiway 8
111  60.89148137  026.92869330
112  60.89127907  026.92887347  60.89116573  026.92897007
111  60.89112521  026.92868554
111  60.89117119  026.92983146 1
112  60.89118912  026.92967116  60.89120663  026.92959161 1
111  60.89122613  026.92954966
111  60.89130556  026.92968921
113  60.89146075  026.92953459
110 1 0.35 20.0000 New Taxiway 7
111  60.89179480  026.92896100
111  60.89169358  026.92850417
111  60.89148137  026.92869330
111  60.89146075  026.92953459
113  60.89154387  026.92960461
110 1 0.35 66.0000 New Taxiway 6
111  60.89179480  026.92896100
111  60.89154387  026.92960461
111  60.89157494  026.92974708 1
111  60.89168010  026.92965790 1
111  60.89182975  026.93035501 1
111  60.89239488  026.93298747 1
111  60.89256567  026.93378304 1
111  60.89243542  026.93389898
111  60.89247672  026.93410568
111  60.89288758  026.93406282
111  60.89263928  026.93290360
111  60.89248451  026.93218100
111  60.89223666  026.93102389
113  60.89203957  026.93010376
110 1 0.35 336.0000 New Taxiway 5
111  60.89243542  026.93422379
111  60.89228458  026.93434560
111  60.89230312  026.93456140
111  60.89234903  026.93509564
113  60.89277397  026.93470948
110 1 0.35 110.0000 New Taxiway 4
111  60.89288758  026.93406282
111  60.89247672  026.93410568
111  60.89243542  026.93422379
111  60.89277397  026.93470948
113  60.89297904  026.93452005
110 2 0.35 156.0000 New Taxiway 14
111  60.89147757  026.92975983
111  60.89137149  026.92985898
111  60.89140106  026.92999656
113  60.89150722  026.92989899
110 2 0.35 156.0000 New Taxiway 14
111  60.89157796  026.93022139
111  60.89147188  026.93032053
111  60.89150145  026.93045811
113  60.89160762  026.93036054
110 2 0.35 156.0000 New Taxiway 14
111  60.89167611  026.93067460
111  60.89157003  026.93077374
111  60.89159960  026.93091132
113  60.89170577  026.93081375
110 2 0.35 156.0000 New Taxiway 14
111  60.89177432  026.93112753
111  60.89166824  026.93122668
111  60.89169781  026.93136425
113  60.89180398  026.93126669
110 2 0.35 156.0000 New Taxiway 14
111  60.89187293  026.93158801
111  60.89176685  026.93168715
111  60.89179643  026.93182473
113  60.89190259  026.93172717
110 2 0.35 156.0000 New Taxiway 14
111  60.89197107  026.93204562
111  60.89186499  026.93214477
111  60.89189456  026.93228235
113  60.89200073  026.93218478
110 2 0.35 156.0000 New Taxiway 14
111  60.89206843  026.93250137
111  60.89196235  026.93260052
111  60.89199192  026.93273809
113  60.89209809  026.93264053
110 2 0.35 156.0000 New Taxiway 14
111  60.89216692  026.93296183
111  60.89206085  026.93306097
111  60.89209042  026.93319855
113  60.89219658  026.93310098
110 2 0.35 156.0000 New Taxiway 14
111  60.89226540  026.93342140
111  60.89215932  026.93352054
111  60.89218889  026.93365812
113  60.89229506  026.93356055
110 2 0.35 156.0000 New Taxiway 14
111  60.89236330  026.93387948
111  60.89225722  026.93397862
111  60.89228679  026.93411620
113  60.89239296  026.93401863
110 1 0.35 66.0000 New Taxiway 1
111  60.89168010  026.92965790 1
111  60.89157494  026.92974708
111  60.89154387  026.92960461
111  60.89146075  026.92953459
111  60.89130556  026.92968921
111  60.89127859  026.92984459
111  60.89131049  026.93000211 1
111  60.89120501  026.93010006 1
111  60.89130398  026.93056530 20
111  60.89139891  026.93101153 20
111  60.89149452  026.93146096 20
111  60.89159383  026.93192778 20
111  60.89169105  026.93238479 20
111  60.89178762  026.93283871 20
111  60.89188610  026.93330164 20
111  60.89198361  026.93376000 20
111  60.89208066  026.93421622 1
111  60.89218748  026.93412005
111  60.89221994  026.93426809
111  60.89228458  026.93434560
111  60.89243542  026.93422379
111  60.89247672  026.93410568
111  60.89243542  026.93389898 1
111  60.89256567  026.93378304 1
111  60.89246700  026.93332342 1
111  60.89236878  026.93286589 1
111  60.89226919  026.93240201 1
111  60.89217143  026.93194660 1
111  60.89207313  026.93148870 1
111  60.89197564  026.93103456 1
111  60.89187691  026.93057467 1
113  60.89177764  026.93011225 1
111  60.89147757  026.92975983
111  60.89150722  026.92989899
111  60.89140106  026.92999656
113  60.89137149  026.92985898
111  60.89157796  026.93022139
111  60.89160762  026.93036054
111  60.89150145  026.93045811
113  60.89147188  026.93032053
111  60.89167611  026.93067460
111  60.89170577  026.93081375
111  60.89159960  026.93091132
113  60.89157003  026.93077374
111  60.89177432  026.93112753
111  60.89180398  026.93126669
111  60.89169781  026.93136425
113  60.89166824  026.93122668
111  60.89187293  026.93158801
111  60.89190259  026.93172717
111  60.89179643  026.93182473
113  60.89176685  026.93168715
111  60.89197107  026.93204562
111  60.89200073  026.93218478
111  60.89189456  026.93228235
113  60.89186499  026.93214477
111  60.89206843  026.93250137
111  60.89209809  026.93264053
111  60.89199192  026.93273809
113  60.89196235  026.93260052
111  60.89216692  026.93296183
111  60.89219658  026.93310098
111  60.89209042  026.93319855
113  60.89206085  026.93306097
111  60.89226540  026.93342140
111  60.89229506  026.93356055
111  60.89218889  026.93365812
113  60.89215932  026.93352054
111  60.89236330  026.93387948
111  60.89239296  026.93401863
111  60.89228679  026.93411620
113  60.89225722  026.93397862
110 1 0.35 168.3100 TWY B
111  60.89537582  026.93081196
112  60.89537582  026.93081196  60.89539599  026.93116841
111  60.89522238  026.93124941
111  60.89481729  026.93142094
111  60.89263005  026.93234711
112  60.89248451  026.93218100  60.89243779  026.93199492
111  60.89248451  026.93218100
111  60.89263928  026.93290360
112  60.89263928  026.93290360  60.89258438  026.93261907
111  60.89273775  026.93254198
111  60.89484633  026.93164912
111  60.89529168  026.93146054
112  60.89546517  026.93168240  60.89550348  026.93190208
113  60.89546517  026.93168240
110 1 0.35 78.3100 HEKO2
111  60.89326285  026.93183143
111  60.89292140  026.93197602
111  60.89299204  026.93267478
113  60.89333349  026.93253020
110 1 0.35 168.3100 TWY C
111  60.89516799  026.92879956
112  60.89516799  026.92879956  60.89519165  026.92908857
111  60.89497884  026.92919808
111  60.89460900  026.92935469
111  60.89224060  026.93035755
112  60.89203957  026.93010376  60.89197039  026.92981933
111  60.89203957  026.93010376
111  60.89223666  026.93102389
112  60.89223666  026.93102389  60.89217836  026.93061483
111  60.89233054  026.93055993
111  60.89463384  026.92958463
111  60.89506939  026.92940020
112  60.89528669  026.92992834  60.89536393  026.93052620
113  60.89528669  026.92992834
110 1 0.35 78.3100 HEKO3
111  60.89366181  026.92952100
111  60.89331835  026.92966973
111  60.89338899  026.93036435
113  60.89373447  026.93022391
110 1 0.35 29.4600 xxx
111  60.89271066  026.91985209
111  60.89352312  026.92079105
111  60.89422753  026.92160515
111  60.89447592  026.92206617
111  60.89439513  026.92128225
111  60.89394998  026.92075189
111  60.89363782  026.92037997
111  60.89271019  026.91927476
111  60.89269072  026.91925175
111  60.89256865  026.91910336
113  60.89244071  026.91956438
110 1 0.00 78.0600 New Taxiway 28
111  60.89385395  026.91600599
112  60.89384898  026.91787913  60.89391389  026.91850531
111  60.89391671  026.91853579
111  60.89398057  026.91915352
112  60.89398057  026.91915352  60.89403904  026.91972079
112  60.89427973  026.92046051  60.89431013  026.92090279
111  60.89394998  026.92075189
113  60.89439513  026.92128225
110 1 0.35 190.1100 xxx
111  60.89189823  026.91625208
111  60.89178375  026.91627200
111  60.89170417  026.91708695
111  60.89165782  026.91756150
113  60.89194504  026.91751500
110 1 0.35 20.0000 New Taxiway 27
111  60.89318181  026.91864723
111  60.89343070  026.91879134
111  60.89398057  026.91915352
111  60.89391671  026.91853579
112  60.89350552  026.91828517  60.89315491  026.91803469
112  60.89291937  026.91786356  60.89269223  026.91769378
111  60.89262402  026.91751426
111  60.89269072  026.91925175
111  60.89271019  026.91927476
112  60.89280028  026.91862601  60.89290817  026.91849998
113  60.89306283  026.91858001
110 1 0.35 265.5300 xxx
111  60.89183738  026.91461010
111  60.89189823  026.91625208
111  60.89194504  026.91751500
111  60.89165782  026.91756150
111  60.89167758  026.91870345
111  60.89168254  026.91895921
111  60.89176646  026.91898854
111  60.89176234  026.91889152
111  60.89172714  026.91889680
111  60.89172312  026.91878277
111  60.89175789  026.91877859
111  60.89175779  026.91872866
111  60.89224892  026.91866828
111  60.89227176  026.91935561
111  60.89201302  026.91941276
111  60.89203349  026.91996374
111  60.89271066  026.91985209
111  60.89244071  026.91956438
111  60.89256865  026.91910336
111  60.89269072  026.91925175
111  60.89262402  026.91751426
113  60.89251215  026.91449598
111  60.89247800  026.91505527
111  60.89248245  026.91522610
111  60.89239524  026.91524412
113  60.89238860  026.91506548
111  60.89249759  026.91560184
111  60.89250203  026.91577267
111  60.89241482  026.91579069
113  60.89240818  026.91561205
111  60.89228478  026.91971672
111  60.89228922  026.91988755
111  60.89220201  026.91990557
113  60.89219537  026.91972693
111  60.89251620  026.91603813
111  60.89251973  026.91615063
111  60.89246608  026.91615868
113  60.89246206  026.91604465
111  60.89253185  026.91651450
111  60.89253538  026.91662701
111  60.89248172  026.91663505
113  60.89247770  026.91652102
111  60.89254743  026.91694896
111  60.89255096  026.91706147
111  60.89249730  026.91706951
113  60.89249329  026.91695548
111  60.89256290  026.91741820
111  60.89256644  026.91753070
111  60.89251278  026.91753875
113  60.89250876  026.91742472
111  60.89196615  026.91851057
111  60.89196968  026.91862307
111  60.89191602  026.91863112
113  60.89191200  026.91851709
111  60.89250815  026.91974451
111  60.89251169  026.91985701
111  60.89245803  026.91986506
113  60.89245401  026.91975103
110 1 0.35 175.5000 New Taxiway 22
111  60.89224892  026.91866828
111  60.89175779  026.91872866
111  60.89175789  026.91877859
111  60.89177726  026.91877626
111  60.89178080  026.91888876
111  60.89176234  026.91889152
111  60.89176646  026.91898854
112  60.89193734  026.91912384  60.89200731  026.91921881
111  60.89201302  026.91941276
113  60.89227176  026.91935561
111  60.89204259  026.91894178
111  60.89204613  026.91905428
111  60.89199247  026.91906233
113  60.89198845  026.91894830
111  60.89224060  026.91918871
111  60.89224413  026.91930121
111  60.89219047  026.91930926
113  60.89218646  026.91919523
110 2 0.35 175.5300 New Taxiway 38
111  60.89250815  026.91974451
111  60.89245401  026.91975103
111  60.89245803  026.91986506
113  60.89251169  026.91985701
110 2 0.35 175.5300 New Taxiway 38
111  60.89196615  026.91851057
111  60.89191200  026.91851709
111  60.89191602  026.91863112
113  60.89196968  026.91862307
110 2 0.35 175.5300 New Taxiway 38
111  60.89224060  026.91918871
111  60.89218646  026.91919523
111  60.89219047  026.91930926
113  60.89224413  026.91930121
110 2 0.35 175.5300 New Taxiway 38
111  60.89204259  026.91894178
111  60.89198845  026.91894830
111  60.89199247  026.91906233
113  60.89204613  026.91905428
110 2 0.35 175.5300 New Taxiway 38
111  60.89177726  026.91877626
111  60.89175789  026.91877859
111  60.89172312  026.91878277
111  60.89172714  026.91889680
111  60.89176234  026.91889152
113  60.89178080  026.91888876
110 2 0.35 175.5300 New Taxiway 38
111  60.89256290  026.91741820
111  60.89250876  026.91742472
111  60.89251278  026.91753875
113  60.89256644  026.91753070
110 2 0.35 175.5300 New Taxiway 38
111  60.89254743  026.91694896
111  60.89249329  026.91695548
111  60.89249730  026.91706951
113  60.89255096  026.91706147
110 2 0.35 175.5300 New Taxiway 38
111  60.89253185  026.91651450
111  60.89247770  026.91652102
111  60.89248172  026.91663505
113  60.89253538  026.91662701
110 2 0.35 175.5300 New Taxiway 38
111  60.89251620  026.91603813
111  60.89246206  026.91604465
111  60.89246608  026.91615868
113  60.89251973  026.91615063
110 2 0.35 175.5300 New Taxiway 38
111  60.89249759  026.91560184
111  60.89240818  026.91561205
111  60.89241482  026.91579069
113  60.89250203  026.91577267
110 2 0.35 175.5300 New Taxiway 38
111  60.89247800  026.91505527
111  60.89238860  026.91506548
111  60.89239524  026.91524412
113  60.89248245  026.91522610
110 2 0.35 175.5300 New Taxiway 38
111  60.89228478  026.91971672
111  60.89219537  026.91972693
111  60.89220201  026.91990557
113  60.89228922  026.91988755
110 1 0.35 29.4600 New Taxiway 43
111  60.89879318  026.92209955
111  60.89885113  026.92216737
111  60.89895948  026.92229418
111  60.89910338  026.92246258
111  60.89946307  026.92288353
111  60.89942211  026.92248332
112  60.89934675  026.92252754  60.89926871  026.92243954
113  60.89883178  026.92195461
110 1 0.35 78.0000 New Taxiway 44
111  60.89984968  026.92368078
111  60.89983759  026.92356592
111  60.89968991  026.92216273
111  60.89967363  026.92200809
111  60.89964531  026.92201992
111  60.89938578  026.92212837
111  60.89942211  026.92248332
111  60.89946307  026.92288353
111  60.89950901  026.92333237
111  60.89932557  026.92342403
111  60.89937115  026.92388427
113  60.89981861  026.92369399
110 2 0.00 119.4600 New Taxiway 40
111  60.89847248  026.92090580
111  60.89834641  026.92076145
112  60.89830194  026.92093134  60.89825914  026.92109526
112  60.89833294  026.92118929  60.89834203  026.92119863
114  60.89842341  026.92109217  60.89845097  026.92098516
110 1 0.35 119.4600 New Taxiway 38
111  60.89903542  026.92118988
111  60.89854805  026.92060841
112  60.89842341  026.92109217  60.89839584  026.92119919
111  60.89833294  026.92118929
112  60.89841794  026.92117350  60.89845990  026.92111389
111  60.89859487  026.92089309
111  60.89876934  026.92110024
111  60.89842551  026.92164892
111  60.89858204  026.92184078
111  60.89879318  026.92209955
113  60.89883178  026.92195461
110 1 0.35 321.5000 New Taxiway 37
111  60.89826320  026.92146052
111  60.89842551  026.92164892
111  60.89876934  026.92110024
111  60.89859487  026.92089309
112  60.89841794  026.92117350  60.89837598  026.92123310
113  60.89833294  026.92118929
110 1 0.35 335.8100 TWY E
111  60.89646525  026.91891804
111  60.89622619  026.91911784
111  60.89594524  026.91937660
111  60.89487277  026.92036433
112  60.89487277  026.92036433  60.89474217  026.92048231
111  60.89470910  026.92031204
111  60.89478661  026.92106932
112  60.89492027  026.92065883  60.89504664  026.92053658
111  60.89492027  026.92065883
111  60.89600835  026.91964965
111  60.89620302  026.91946910
112  60.89631189  026.91938264  60.89634793  026.91935941
112  60.89642075  026.91934078  60.89646330  026.91932857
111  60.89642075  026.91934078
112  60.89642075  026.91934078  60.89650584  026.91931637
113  60.89659003  026.91935785
110 1 0.35 119.4600 New Taxiway 35
111  60.89833294  026.92118929
112  60.89830194  026.92093134  60.89834474  026.92076743
111  60.89852202  026.92011249
111  60.89809206  026.91962213
111  60.89790681  026.92028930
113  60.89782202  026.92060955
110 1 0.35 29.4600 xxx
111  60.89622619  026.91911784
111  60.89646525  026.91891804
111  60.89659003  026.91935785
112  60.89642075  026.91934078  60.89633567  026.91936519
111  60.89642075  026.91934078
111  60.89688798  026.91987832
111  60.89731794  026.92037300
111  60.89737847  026.92044262
111  60.89765164  026.92075691
111  60.89782581  026.92095730
111  60.89817085  026.92135427
111  60.89823135  026.92142387
111  60.89826320  026.92146052
111  60.89833294  026.92118929
111  60.89782202  026.92060955
111  60.89790681  026.92028930
113  60.89638541  026.91854600
110 5 0.00 110.0000 New Taxiway 18
111  60.89770426  026.92528333
111  60.89823135  026.92142387
111  60.89817085  026.92135427
111  60.89789976  026.92334218
111  60.89783837  026.92379236
113  60.89764138  026.92523687
110 4 0.00 110.0000 Parachute Target Large
112  60.89770426  026.92528333  60.89750697  026.92514622
111  60.89770426  026.92528333
111  60.89764138  026.92523687
112  60.89764138  026.92523687  60.89744559  026.92509380
112  60.89709849  026.92628310  60.89719019  026.92706006
114  60.89789599  026.92666016  60.89811551  026.92613457
110 5 0.00 110.0000 New Taxiway 18
111  60.89722936  026.92132165
111  60.89737847  026.92044262
111  60.89731794  026.92037300
113  60.89716648  026.92127519
110 4 0.00 110.0000 Parachute Target Small
112  60.89722936  026.92132165  60.89712965  026.92124165
111  60.89722936  026.92132165
111  60.89716648  026.92127519
112  60.89716648  026.92127519  60.89706753  026.92119171
112  60.89688638  026.92188552  60.89693272  026.92233889
114  60.89731013  026.92210554  60.89742108  026.92179885
110 1 0.00 185.0000 New Taxiway 46
111  60.89622619  026.91911784
111  60.89593126  026.91905851
112  60.89476533  026.91883611  60.89455899  026.91879571
111  60.89453818  026.91864182
111  60.89461418  026.91938321
112  60.89476855  026.91904826  60.89495523  026.91907712
112  60.89592707  026.91923773  60.89606439  026.91926270
113  60.89594524  026.91937660
120 Runway Hold A
111  60.89536982  026.93681948 54
115  60.89539739  026.93704816
120 Runway Hold B
111  60.89481729  026.93142094 54
115  60.89484633  026.93164912
120 Runway Hold C
111  60.89460900  026.92935469 54
115  60.89463384  026.92958463
120 Runway Hold D
111  60.89363782  026.92037997 54
115  60.89352312  026.92079105
120 Runway Hold D2
111  60.89350552  026.91828517 54
115  60.89343070  026.91879134
120 Runway Hold E
111  60.89600835  026.91964965 54
115  60.89594524  026.91937660
120 Runway Hold E2
111  60.89592707  026.91923773 54
115  60.89593126  026.91905851
120 Linear Feature 3
111  60.88953241  026.92555898 20
112  60.88967066  026.92546195  60.88973635  026.92549229
111  60.88967066  026.92546195
112  60.88967066  026.92546195  60.88976219  026.92551202 20
111  60.88972415  026.92576057
112  60.88972415  026.92576057  60.88971197  026.92587406 20
115  60.88966642  026.92639351
120 Linear Feature 2
111  60.89027820  026.92664823 20
112  60.89037224  026.92586768  60.89039904  026.92564187 20
111  60.89026669  026.92559567 20
112  60.88967966  026.92533029  60.88962725  026.92530526 20
115  60.88958202  026.92516703
120 Linear Feature 22
111  60.89663421  026.92014815 20
112  60.89672777  026.92230553  60.89672872  026.92232877 20
112  60.89672974  026.92236536  60.89673006  026.92238729 20
112  60.89674733  026.92461255  60.89674772  026.92464979 20
112  60.89675277  026.92470211  60.89675643  026.92473658 20
112  60.89710422  026.92791846  60.89711372  026.92800507 20
112  60.89719823  026.92866584  60.89723066  026.92881843 20
111  60.89722423  026.92901848
111  60.89734709  026.92904987 20
112  60.89725012  026.92863528  60.89723360  026.92855036 20
112  60.89718310  026.92811132  60.89718101  026.92809118 20
112  60.89718995  026.92810632  60.89719484  026.92811926 20
112  60.89752525  026.92900881  60.89754455  026.92906489 20
112  60.89759208  026.92933780  60.89761470  026.92948825 20
112  60.89762678  026.92965904  60.89763144  026.92973016 20
111  60.89795431  026.93523190 21
111  60.89799000  026.93522341
111  60.89802569  026.93521492 20
112  60.89770270  026.92964178  60.89769338  026.92955562 20
112  60.89765332  026.92926886  60.89761873  026.92905140 20
112  60.89757874  026.92891529  60.89755745  026.92885237 20
111  60.89725510  026.92805164 20
112  60.89715233  026.92773400  60.89714183  026.92764769 20
111  60.89681110  026.92466185
111  60.89680921  026.92451452 20
112  60.89678196  026.92234938  60.89678164  026.92233465 20
112  60.89678053  026.92230127  60.89678006  026.92228098 20
111  60.89669170  026.92010989 21
113  60.89666173  026.92012983
120 Linear Feature 24
111  60.89666173  026.92012983 22
111  60.89675515  026.92232806 22
111  60.89677828  026.92464589 22
112  60.89711838  026.92774706  60.89713168  026.92786145 22
111  60.89722543  026.92808796 22
112  60.89755311  026.92896015  60.89757949  026.92903362 22
112  60.89762262  026.92930070  60.89763626  026.92939281 22
112  60.89766499  026.92965354  60.89767278  026.92977569 22
115  60.89799000  026.93522341
120 Linear Feature 23
111  60.89718310  026.92811132 21
111  60.89715413  026.92812114 22
112  60.89722335  026.92864904  60.89724830  026.92877481 22
115  60.89727244  026.92893534
120 Linear Feature 59
111  60.90007649  026.92362408 20
111  60.90034910  026.92393109 20
112  60.90036324  026.92396401  60.90036137  026.92397885 20
111  60.90034762  026.92398123 20
111  60.89955509  026.92406621 20
112  60.89938024  026.92398093  60.89930465  026.92388643 20
111  60.89928324  026.92373499 20
111  60.89909665  026.92246059 21
111  60.89906173  026.92241937
111  60.89897464  026.92231656 20
112  60.89908559  026.92276535  60.89913331  026.92308775 20
111  60.89922887  026.92373196 20
112  60.89935096  026.92407778  60.89942232  026.92416606 20
111  60.89954205  026.92417295 20
112  60.90040548  026.92407757  60.90046616  026.92407274 20
111  60.90052851  026.92413981 20
115  60.90079637  026.92445143
120 Linear Feature 60
111  60.90085181  026.92427908 20
115  60.90019989  026.92358143
120 Linear Feature 8
111  60.89906173  026.92241937 22
112  60.89925676  026.92373686  60.89926267  026.92377330 22
112  60.89936204  026.92402311  60.89941928  026.92410532 22
112  60.89954694  026.92412154  60.89957355  026.92411905 22
111  60.90037586  026.92402997 21
115  60.90040548  026.92407757
120 Linear Feature 7
111  60.89872064  026.92202959 22
112  60.89893020  026.92408262  60.89895016  026.92426863 22
112  60.89900510  026.92441718  60.89905366  026.92455396 22
115  60.90085191  026.92929699
120 Linear Feature 6
111  60.90086876  026.92922573 20
112  60.89898284  026.92424688  60.89896212  026.92415080 20
112  60.89878387  026.92238984  60.89875680  026.92212354 20
111  60.89881803  026.92214855 21
111  60.89872064  026.92202959
111  60.89862580  026.92191375 20
112  60.89872783  026.92235663  60.89876222  026.92271169 20
112  60.89889872  026.92407366  60.89890741  026.92416554 20
112  60.89892764  026.92429503  60.89893850  026.92434544 20
112  60.89897679  026.92444234  60.89899789  026.92449977 20
111  60.90083572  026.92936544 21
113  60.90085191  026.92929699
120 Linear Feature 21
111  60.89235599  026.93671872 1
115  60.89230455  026.93547368
120 Linear Feature 7
111  60.89200523  026.93855680 1
111  60.89209741  026.93854628
111  60.89208367  026.93823330 1
115  60.89199215  026.93824325
120 Linear Feature 6
111  60.89214982  026.93809106 1
112  60.89208367  026.93823330  60.89201581  026.93826050
111  60.89208367  026.93823330
112  60.89208367  026.93823330  60.89215153  026.93824690 1
111  60.89215926  026.93834514
111  60.89216060  026.93843563 1
112  60.89209741  026.93854628  60.89203213  026.93857999
111  60.89209741  026.93854628
112  60.89209741  026.93854628  60.89216785  026.93856173 1
115  60.89217301  026.93866950
120 Linear Feature 2
111  60.89386214  026.93736374 20
111  60.89359854  026.93748482 20
111  60.89362807  026.93775681 20
111  60.89365739  026.93802688 20
111  60.89392097  026.93790548 20
113  60.89389146  026.93763370 20
120 Linear Feature 1
111  60.89273821  026.93816026 1
111  60.89362807  026.93775681
111  60.89389146  026.93763370 1
115  60.89595663  026.93667154
120 Linear Feature 3
111  60.89186908  026.93571086 22
112  60.89194391  026.93528580  60.89202179  026.93511427 22
115  60.89212284  026.93509737
120 Linear Feature 20
111  60.89188378  026.93938703 20
115  60.89203343  026.93936298
120 Linear Feature 2
111  60.89181209  026.93451653 22
112  60.89184698  026.93538503  60.89185194  026.93550531 22
112  60.89186908  026.93571086  60.89187701  026.93587803 22
115  60.89199572  026.93918534
120 Linear Feature 1
111  60.89149157  026.93250917 22
111  60.89174611  026.93371381 22
112  60.89179197  026.93398952  60.89179857  026.93408992 22
112  60.89181209  026.93451653  60.89181647  026.93460437 22
112  60.89192732  026.93496503  60.89204348  026.93512513 22
112  60.89212284  026.93509737  60.89214684  026.93509490 22
112  60.89224982  026.93508126  60.89227862  026.93507139 22
112  60.89235564  026.93501398  60.89238804  026.93498931 22
111  60.89274523  026.93465432 22
112  60.89283989  026.93439833  60.89287580  026.93420756 22
111  60.89284390  026.93405856 22
111  60.89253202  026.93259526
111  60.89250086  026.93244997 22
111  60.89211161  026.93062190
111  60.89208059  026.93047042 22
111  60.89177955  026.92908613 22
112  60.89164429  026.92881668  60.89155069  026.92873060 22
111  60.89146787  026.92880388 22
112  60.89110737  026.92914208  60.89108032  026.92917173 22
112  60.89093384  026.92953539  60.89090551  026.92976324 22
111  60.89093864  026.92991425 22
113  60.89115562  026.93092329 22
120 Linear Feature 23
112  60.89230312  026.93456140  60.89236681  026.93456852 1
112  60.89253303  026.93437411  60.89257664  026.93428730 1
112  60.89260029  026.93409404  60.89260652  026.93396738 1
115  60.89256567  026.93378304
120 Linear Feature 11
112  60.89122613  026.92954966  60.89125377  026.92949112 1
112  60.89146805  026.92931279  60.89152343  026.92931831 1
112  60.89161130  026.92941782  60.89164763  026.92948734 1
115  60.89168010  026.92965790
120 Linear Feature 28
111  60.89239488  026.93298747 1
112  60.89251876  026.93251852  60.89270607  026.93237048
111  60.89251876  026.93251852
112  60.89251876  026.93251852  60.89231532  026.93258846 1
115  60.89226919  026.93240201
120 Linear Feature 27
111  60.89197564  026.93103456 1
112  60.89209334  026.93054946  60.89227672  026.93040303
111  60.89209334  026.93054946
112  60.89209334  026.93054946  60.89188521  026.93059193 1
115  60.89182975  026.93035501
120 Linear Feature 2
111  60.89157494  026.92974708 1
115  60.89131049  026.93000211
120 Linear Feature 3
111  60.89218748  026.93412005 1
115  60.89243542  026.93389898
120 Linear Feature 19
111  60.89246700  026.93332342 1
115  60.89198361  026.93376000
120 Linear Feature 18
111  60.89236878  026.93286589 1
115  60.89188610  026.93330164
120 Linear Feature 17
111  60.89226919  026.93240201 1
115  60.89178762  026.93283871
120 Linear Feature 16
111  60.89217143  026.93194660 1
115  60.89169105  026.93238479
120 Linear Feature 15
111  60.89207313  026.93148870 1
115  60.89159383  026.93192778
120 Linear Feature 14
111  60.89197564  026.93103456 1
115  60.89149452  026.93146096
120 Linear Feature 13
111  60.89187691  026.93057467 1
115  60.89139891  026.93101153
120 Linear Feature 12
111  60.89177764  026.93011225 1
115  60.89130398  026.93056530
120 Linear Feature 37
111  60.89146691  026.93253521 20
111  60.89172558  026.93373762 20
112  60.89176421  026.93399701  60.89177175  026.93413993 20
115  60.89187087  026.93665470
120 Linear Feature 36
112  60.89108169  026.92890828  60.89109773  026.92898052 20
112  60.89098890  026.92925261  60.89091074  026.92937748 20
112  60.89091370  026.92994518  60.89096153  026.93018216 20
115  60.89112975  026.93094783
120 Linear Feature 35
111  60.89151552  026.93248291 20
111  60.89176799  026.93369603 20
112  60.89181520  026.93398790  60.89182230  026.93412333 20
112  60.89183737  026.93451144  60.89185209  026.93484927 20
112  60.89209765  026.93503383  60.89220557  026.93503383 20
112  60.89225012  026.93501941  60.89229918  026.93500176 20
111  60.89234923  026.93495936 20
112  60.89271282  026.93462169  60.89281639  026.93452306 20
112  60.89280750  026.93403446  60.89278008  026.93389357 20
115  60.89250714  026.93261169
120 Linear Feature 34
111  60.89247559  026.93246398 20
115  60.89208576  026.93063337
120 Linear Feature 33
111  60.89205239  026.93048063 20
112  60.89176821  026.92916209  60.89171271  026.92891379 20
112  60.89144322  026.92888450  60.89131100  026.92900194 20
112  60.89114172  026.92918905  60.89096053  026.92938703 20
112  60.89096542  026.92988029  60.89101276  026.93013195 20
115  60.89118106  026.93090572
120 Linear Feature 32
111  60.89185463  026.93489527 20
111  60.89187794  026.93541407 20
112  60.89201174  026.93512237  60.89210499  026.93507028
111  60.89201174  026.93512237
114  60.89201174  026.93512237  60.89190126  026.93505362 20
120 Linear Feature 31
111  60.89194362  026.93664628 20
112  60.89190625  026.93566593  60.89189597  026.93535638 20
112  60.89214372  026.93514259  60.89222332  026.93513427 20
112  60.89224832  026.93513060  60.89228609  026.93512506 20
112  60.89236246  026.93506668  60.89242317  026.93501953 20
112  60.89274986  026.93471762  60.89289683  026.93458218 20
112  60.89286858  026.93402819  60.89282601  026.93382608 20
115  60.89255587  026.93257687
120 Linear Feature 30
111  60.89252721  026.93243730 20
115  60.89213732  026.93061254
120 Linear Feature 29
111  60.89210696  026.93046227 20
112  60.89179255  026.92900922  60.89173859  026.92875711 20
112  60.89146972  026.92874123  60.89137242  026.92883499 20
112  60.89130150  026.92890357  60.89120520  026.92899524 20
116  60.89111061  026.92867375  60.89109946  026.92850082
120 Linear Feature 2
111  60.89323226  026.93193261 20
111  60.89296758  026.93204329 20
111  60.89299457  026.93231638 20
111  60.89302137  026.93258756 20
111  60.89328603  026.93247657 20
113  60.89325906  026.93220368 20
120 Linear Feature 1
111  60.89251876  026.93251852 1
111  60.89299457  026.93231638
111  60.89325906  026.93220368 1
115  60.89532078  026.93132882
120 Linear Feature 2
111  60.89362796  026.92961301 20
111  60.89336328  026.92972368 20
111  60.89339027  026.92999678 20
111  60.89341707  026.93026795 20
111  60.89368173  026.93015697 20
113  60.89365475  026.92988407 20
120 Linear Feature 1
111  60.89209334  026.93054946 1
111  60.89339027  026.92999678
111  60.89365475  026.92988407 1
115  60.89510593  026.92926567
120 Linear Feature 52
111  60.89197371  026.91603484 20
112  60.89202448  026.91602718  60.89207206  026.91602027 20
111  60.89206552  026.91589789 20
115  60.89202612  026.91471125
120 Linear Feature 51
111  60.89177175  026.91860391 20
111  60.89185945  026.91859734 20
111  60.89183466  026.91779297 20
115  60.89174004  026.91780747
120 Linear Feature 53
112  60.89308981  026.91829771  60.89310661  026.91818733
111  60.89308981  026.91829771
112  60.89308981  026.91829771  60.89312340  026.91807696 20
112  60.89292229  026.91796379  60.89282559  026.91802552
111  60.89292229  026.91796379
112  60.89292229  026.91796379  60.89287394  026.91799823 20
112  60.89284189  026.91814450  60.89283098  026.91822044 20
112  60.89286636  026.91839231  60.89289314  026.91846115
111  60.89286636  026.91839231
112  60.89286636  026.91839231  60.89288676  026.91844744 20
114  60.89298589  026.91847701  60.89303246  026.91846717 20
120 Linear Feature 31
112  60.89235921  026.91834825  60.89233631  026.91821369 1
112  60.89190490  026.91755898  60.89187695  026.91751450 1
112  60.89185044  026.91739645  60.89184322  026.91730378 1
112  60.89183396  026.91709405  60.89182869  026.91694828 1
112  60.89184868  026.91663437  60.89186286  026.91645721 1
112  60.89187208  026.91633147  60.89188073  026.91621220 1
112  60.89198374  026.91613121  60.89206721  026.91611238 1
112  60.89220106  026.91609190  60.89226226  026.91608696 1
115  60.89226943  026.91620639
120 Linear Feature 30
111  60.89393882  026.92098508 1
112  60.89262197  026.91947190  60.89249657  026.91932266 1
112  60.89235921  026.91834825  60.89233281  026.91822244 1
115  60.89232526  026.91775598
120 Linear Feature 35
111  60.89185044  026.91739645 1
112  60.89195207  026.91723111  60.89206335  026.91720868 1
112  60.89224053  026.91717526  60.89230353  026.91716412 1
115  60.89230893  026.91730271
120 Linear Feature 34
111  60.89183396  026.91709405 1
112  60.89194222  026.91687097  60.89205786  026.91684854 1
112  60.89222121  026.91681429  60.89229301  026.91680036 1
115  60.89229636  026.91695397
120 Linear Feature 33
111  60.89184868  026.91663437 1
112  60.89194054  026.91650440  60.89202672  026.91648870 1
112  60.89220931  026.91644936  60.89227786  026.91643710 1
115  60.89228222  026.91656136
120 Linear Feature 32
111  60.89262197  026.91947190 1
112  60.89249238  026.91943608  60.89239816  026.91944219 1
112  60.89236565  026.91962874  60.89235078  026.91970622 1
116  60.89228645  026.91980241  60.89223289  026.91980853
120 Linear Feature 36
111  60.89245207  026.91560906 2
111  60.89243911  026.91523306
111  60.89243323  026.91506272 2
111  60.89242695  026.91488058 2
112  60.89235626  026.91470262  60.89229055  026.91470819 2
112  60.89229266  026.91470972  60.89221612  026.91471807 2
111  60.89222175  026.91488301 2
111  60.89223780  026.91532858 2
111  60.89225765  026.91587939 2
111  60.89226943  026.91620639 2
111  60.89227212  026.91628099 2
111  60.89228222  026.91656136 2
111  60.89228925  026.91675665 2
111  60.89229636  026.91695397 2
111  60.89230501  026.91719391 2
111  60.89230893  026.91730271 2
111  60.89232183  026.91766084 2
111  60.89232526  026.91775598 2
112  60.89242621  026.91787024  60.89252013  026.91793206
111  60.89242621  026.91787024 2
112  60.89283284  026.91813169  60.89292676  026.91819351
111  60.89283284  026.91813169
111  60.89309437  026.91829984 2
115  60.89403738  026.91890016
120 Linear Feature 37
111  60.89239313  026.91515636 2
112  60.89230713  026.91516377  60.89223336  026.91517219 2
115  60.89223780  026.91532858
120 Linear Feature 37
111  60.89241233  026.91570374 2
112  60.89232717  026.91571357  60.89225340  026.91572200 2
115  60.89225765  026.91587939
120 Linear Feature 37
111  60.89246524  026.91610129 2
112  60.89234244  026.91611500  60.89226867  026.91612343 2
115  60.89227212  026.91628099
120 Linear Feature 37
111  60.89248132  026.91657744 2
112  60.89236102  026.91659011  60.89228725  026.91659854 2
115  60.89228925  026.91675665
120 Linear Feature 37
111  60.89249692  026.91701320 2
112  60.89237545  026.91702752  60.89230168  026.91703594 2
115  60.89230501  026.91719391
120 Linear Feature 37
111  60.89251184  026.91748250 2
112  60.89239189  026.91749506  60.89231812  026.91750348 2
115  60.89232183  026.91766084
120 Linear Feature 45
111  60.89450223  026.92032492 1
112  60.89393882  026.92098508  60.89343897  026.92060057
111  60.89393882  026.92098508 1
112  60.89436339  026.92150208  60.89464073  026.92184681 1
115  60.89477956  026.92306288
120 Linear Feature 36
111  60.89964531  026.92201992 21
111  60.89965815  026.92214399
111  60.89980705  026.92358224 21
115  60.89981861  026.92369399
120 Linear Feature 34
111  60.89775076  026.92071460 20
112  60.89680538  026.91963096  60.89667369  026.91949313 20
112  60.89643996  026.91933881  60.89637545  026.91932419 20
115  60.89630086  026.91938264
120 Linear Feature 33
111  60.89887519  026.92030562 22
111  60.89933938  026.92036972 22
111  60.89937040  026.92038574 22
112  60.90002516  026.92103051  60.90005661  026.92106409 22
112  60.90003391  026.92118253  60.90001274  026.92126211 22
115  60.89997464  026.92139018
120 Linear Feature 31
111  60.89887315  026.92037185 20
112  60.89894046  026.92035310  60.89899040  026.92035891 20
112  60.89933459  026.92041184  60.89934243  026.92041314 20
112  60.89935317  026.92042072  60.89936059  026.92042813 20
112  60.89997674  026.92101296  60.89998748  026.92102485 20
112  60.90000816  026.92109097  60.90001600  026.92115212 20
112  60.89998850  026.92122859  60.89998024  026.92125639 20
112  60.89996159  026.92131354  60.89994545  026.92135909 20
111  60.89993196  026.92135458
111  60.90000937  026.92144037 20
112  60.90001481  026.92137696  60.90002570  026.92133681 20
112  60.90008193  026.92113324  60.90009102  026.92109842 20
112  60.90007831  026.92105988  60.90007087  026.92104120 20
112  60.90003839  026.92100679  60.90002063  026.92098726 20
112  60.89937282  026.92034187  60.89938087  026.92035058 20
112  60.89934601  026.92032873  60.89933214  026.92032675 20
112  60.89893044  026.92026893  60.89888276  026.92026197 20
115  60.89886910  026.92024371
120 Linear Feature 44
111  60.89633978  026.91918861 1
115  60.89484756  026.92056276
120 Linear Feature 48
111  60.89633978  026.91918861 2
112  60.89615837  026.91919531  60.89604150  026.91916719 2
115  60.89467396  026.91892857
120 Linear Feature 49
111  60.89669207  026.91923773 1
116  60.89633978  026.91918861  60.89614707  026.91936754
120 Linear Feature 18
111  60.89339193  026.90987726 20
111  60.89355920  026.90965599
111  60.89352150  026.90961090 20
111  60.89336793  026.90981384
111  60.89334257  026.90974619 20
111  60.89348928  026.90955875
111  60.89344883  026.90952352 20
115  60.89331309  026.90967995
120 Linear Feature 17
111  60.89364020  026.90964969 22
115  60.89442959  026.91090731
21  60.89703851  026.94932019 2 258.0600 3.5 PAPI07
21  60.89550366  026.92565127 2 78.0600 3.5 PAPI25
14  60.89092487  026.92855126 114.83 0 New Tower Viewpoint 5
1300  60.89251451  026.93939562 -140.38 tie_down jets|turboprops|props MIL-A1
1300  60.89255549  026.93861349 354.71 tie_down jets|turboprops|props|helos MIL-A2
1300  60.89252914  026.93771779 354.71 tie_down jets|turboprops|props|helos MIL-A3
1300  60.89260642  026.93683270  85.63 tie_down props|helos MIL-A4
1300  60.89213204  026.93690854  85.63 tie_down props|helos MIL-A5
1300  60.89200236  026.93692602  85.63 tie_down props|helos MIL-A6
1300  60.89203714  026.93766895 355.88 tie_down props|helos MIL-A7
1300  60.89202267  026.93824045 175.71 hangar props|helos MIL-A8
1300  60.89203359  026.93855403 175.71 hangar props|helos MIL-A9
1300  60.89209029  026.93907613 355.88 tie_down props|helos MIL-A10
1300  60.89203171  026.93963060 308.91 tie_down props|helos MIL-A11
1300  60.89204491  026.93991428 308.91 tie_down props|helos MIL-A12
1300  60.89225132  026.93992415 265.75 tie_down props|helos MIL-A13
1300  60.89131108  026.93092474 335.82 hangar jets|turboprops|props|helos MIL-B1
1300  60.89137789  026.93123171 335.82 hangar jets|turboprops|props|helos MIL-B2
1300  60.89144470  026.93154675 335.82 hangar jets|turboprops|props|helos MIL-B3
1300  60.89151249  026.93186179 335.82 hangar jets|turboprops|props|helos MIL-B4
1300  60.89157733  026.93218290 335.82 hangar jets|turboprops|props|helos MIL-B5
1300  60.89143778  026.92987869 336.27 tie_down jets|turboprops|props MIL-B6
1300  60.89153847  026.93033834 336.27 tie_down jets|turboprops|props MIL-B7
1300  60.89163393  026.93079529 336.27 tie_down jets|turboprops|props MIL-B8
1300  60.89173723  026.93124956 336.27 tie_down jets|turboprops|props MIL-B9
1300  60.89183679  026.93170607 336.27 tie_down jets|turboprops|props MIL-B10
1300  60.89193634  026.93216258 336.27 tie_down jets|turboprops|props MIL-B11
1300  60.89203015  026.93262696 336.27 tie_down jets|turboprops|props MIL-B12
1300  60.89212826  026.93307638 336.27 tie_down jets|turboprops|props MIL-B13
1300  60.89222636  026.93353732 336.27 tie_down jets|turboprops|props MIL-B14
1300  60.89232597  026.93399923 336.27 tie_down jets|turboprops|props MIL-B15
1300  60.89072438  026.93004862 294.07 hangar jets|turboprops|props|helos MIL-B16
1300  60.89056223  026.93018302 294.07 hangar jets|turboprops|props|helos MIL-B17
1300  60.89241834  026.91515924 131.61 tie_down jets|turboprops|props|helos MIL-D1
1300  60.89243528  026.91569908 131.61 tie_down jets|turboprops|props|helos MIL-D2
1300  60.89248727  026.91609881 176.67 tie_down props|helos MIL-D3
1300  60.89250091  026.91657557 176.67 tie_down props|helos MIL-D4
1300  60.89251285  026.91701378 176.67 tie_down props|helos MIL-D5
1300  60.89253161  026.91748354 176.67 tie_down props|helos MIL-D6
1300  60.89248827  026.91980377 -94.28 tie_down props|helos MIL-D7
1300  60.89226046  026.91980858 356.23 tie_down jets|turboprops|props|helos MIL-D8
1300  60.89222002  026.91924386 354.81 tie_down props|helos MIL-D9
1300  60.89201780  026.91900208 354.81 tie_down props|helos MIL-D10
1300  60.89175367  026.91883241 354.81 tie_down props|helos MIL-D11
1300  60.89194557  026.91856943 354.81 tie_down props|helos MIL-D12
1300  60.89176583  026.91821147 354.81 hangar jets|turboprops|props|helos MIL-D13
1300  60.89197520  026.91515788 354.81 hangar jets|turboprops|props|helos MIL-D14
1300  60.89804268  026.92065290 180.00 hangar turboprops|props|helos CIV-E1
1300  60.89853286  026.92097778  98.38 tie_down turboprops|props|helos CIV-E2
1300  60.89868332  026.92105835 119.03 tie_down turboprops|props|helos CIV-E3
1300  60.89879042  026.92125645 150.95 tie_down turboprops|props|helos CIV-E4
1300  60.89883404  026.92153897 168.69 tie_down turboprops|props|helos CIV-E5
1300  60.89954677  026.92232446 168.92 tie_down turboprops|props|helos CIV-E6
1300  60.89962508  026.92308796 168.92 tie_down turboprops|props|helos CIV-E7
1300  60.89657964  026.91977248 299.11 tie_down turboprops|props|helos CIV-E8
18  60.89406031  026.95005405 4 BCN-MIL
19  60.89304186  026.92716199 1 WS
54 13080 TWR
54 11970 TWR
1200 
1201  60.89227542  026.93476275 both 0 _stop
1201  60.89809060  026.95520589 both 1 _stop
1201  60.89457426  026.92101261 both 2 _start
1201  60.89465714  026.92183824 both 3 _start(split)
1201  60.89478430  026.92308696 both 4 _start(split)
1201  60.89536293  026.92868365 both 5 _start(split)(split)
1201  60.89544964  026.92951604 both 6 _start(split)(split)(split)
1201  60.89556550  026.93064783 both 7 _start(split)(split)(split)(split)
1201  60.89567292  026.93169153 both 8 _start(split)(split)(split)(split)(split)
1201  60.89612613  026.93610271 both 9 _start(split)(split)(split)(split)(split)(split)
1201  60.89621105  026.93692779 both 10 _start(split)(split)(split)(split)(split)(split)(split)
1201  60.89450272  026.92030228 both 11 _start(split)
1201  60.89595592  026.93667170 both 12 A_stop
1201  60.89538382  026.93693839 both 13 A_start
1201  60.89377055  026.93769102 both 14 A_start(split)
1201  60.89531930  026.93133014 both 15 B_stop
1201  60.89483195  026.93153614 both 16 B_start
1201  60.89510450  026.92926600 both 17 C_stop
1201  60.89462159  026.92947190 both 18 C_start
1201  60.89403270  026.91889644 both 19 D2_stop
1201  60.89346789  026.91853809 both 20 D2_start
1201  60.89394107  026.92099086 both 21 D_stop
1201  60.89358255  026.92057680 both 22 D_start
1201  60.89467426  026.91892929 both 23 E2_stop
1201  60.89592830  026.91915091 both 24 E2_start
1201  60.89485553  026.92055567 both 25 E_stop
1201  60.89597804  026.91952064 both 26 E_start
1201  60.89862731  026.92139283 both 27 _start
1201  60.89822881  026.92119226 both 28 _stop
1201  60.89840741  026.92146677 both 29 _stop(split)
1201  60.89957603  026.92321659 both 30 _stop
1201  60.89946413  026.92216590 both 31 _start
1201  60.89950392  026.92254169 both 32 _start(split)
1201  60.89953625  026.92286380 both 33 _start(split)(split)
1201  60.89871193  026.92192576 both 34 _stop
1201  60.89942901  026.92273323 both 35 _start
1201  60.89781972  026.92052931 both 36 _stop
1201  60.89669150  026.91923768 both 37 _stop
1201  60.89662187  026.91916866 both 38 _stop
1201  60.89645651  026.91912265 both 39 _stop
1201  60.89620373  026.91920358 both 40 _stop
1201  60.89634213  026.91918811 both 41 _stop
1201  60.89468137  026.92115904 both 42 _stop
1201  60.89472762  026.92076511 both 43 _stop
1201  60.89465714  026.92054776 both 44 _stop
1201  60.89461194  026.92212846 both 45 _stop
1201  60.89436256  026.92150352 both 46 _stop
1201  60.89440260  026.92081496 both 47 _stop
1201  60.89424241  026.92104323 both 48 _stop
1201  60.89436508  026.91890856 both 49 _stop
1201  60.89224072  026.91717619 both 50 _stop
1201  60.89229018  026.91719937 both 51 _stop(split)
1201  60.89195609  026.91722900 both 52 _start
1201  60.89186832  026.91728677 both 53 _start(split)
1201  60.89222428  026.91681289 both 54 _stop
1201  60.89227747  026.91684274 both 55 _stop(split)
1201  60.89194787  026.91687203 both 56 _start
1201  60.89186047  026.91692934 both 57 _start(split)
1201  60.89221195  026.91644958 both 58 _stop
1201  60.89226348  026.91647047 both 59 _stop(split)
1201  60.89193862  026.91650450 both 60 _start
1201  60.89187333  026.91654466 both 61 _start(split)
1201  60.89238526  026.91903660 both 62 _stop
1201  60.89217092  026.91907058 both 63 _start
1201  60.89233242  026.91802037 both 64 _stop
1201  60.89237431  026.91878638 both 65 _stop
1201  60.89236847  026.91859834 both 66 _stop(split)
1201  60.89225533  026.91874983 both 67 _stop
1201  60.89183956  026.91881731 both 68 _start
1201  60.89202626  026.91878971 both 69 _start(split)
1201  60.89200528  026.91823718 both 70 _start(split)(split)
1201  60.89208329  026.91877794 both 71 _start(split)
1201  60.89215744  026.91876242 both 72 _start(split)
1201  60.89213770  026.91831804 both 73 _start(split)(split)
1201  60.89235941  026.91834799 both 74 _stop
1201  60.89232162  026.91825087 both 75 _stop(split)
1201  60.89226388  026.91814089 both 76 _stop(split)
1201  60.89212096  026.91789841 both 77 _stop(split)
1201  60.89198561  026.91768735 both 78 _stop(split)(split)
1201  60.89261498  026.91946911 both 79 _stop
1201  60.89253385  026.91943461 both 80 _stop(split)
1201  60.89255074  026.91932617 both 81 _stop(split)
1201  60.89249238  026.91909095 both 82 _stop(split)
1201  60.89245637  026.91891852 both 83 _stop(split)(split)
1201  60.89238195  026.91702698 both 84 _stop
1201  60.89232143  026.91707233 both 85 _stop(split)
1201  60.89249417  026.91701400 both 86 _start
1201  60.89236644  026.91659128 both 87 _stop
1201  60.89230754  026.91663115 both 88 _stop(split)
1201  60.89247943  026.91657830 both 89 _start
1201  60.89234466  026.91611457 both 90 _stop
1201  60.89229133  026.91615029 both 91 _stop(split)
1201  60.89246319  026.91610114 both 92 _start
1201  60.89226986  026.91576473 both 93 _stop
1201  60.89231317  026.91571585 both 94 _stop
1201  60.89241252  026.91570538 both 95 _start
1201  60.89224952  026.91521586 both 96 _stop
1201  60.89229795  026.91516536 both 97 _stop
1201  60.89238918  026.91515671 both 98 _start
1201  60.89245489  026.91570240 both 99 _stop
1201  60.89242610  026.91486483 both 100 _stop
1201  60.89236814  026.91470281 both 101 _stop
1201  60.89240994  026.91476533 both 102 _stop(split)
1201  60.89227698  026.91471361 both 103 _stop
1201  60.89219281  026.91609297 both 104 _stop
1201  60.89224584  026.91611058 both 105 _stop(split)
1201  60.89198316  026.91613008 both 106 _stop
1201  60.89187635  026.91628161 both 107 _stop
1201  60.89191155  026.91617253 both 108 _stop(split)
1201  60.89184777  026.91663416 both 109 _stop
1201  60.89183282  026.91709005 both 110 _stop
1201  60.89183427  026.91688302 both 111 _stop(split)
1201  60.89184476  026.91732477 both 112 _stop
1201  60.89188885  026.91753497 both 113 _stop
1201  60.89186417  026.91748139 both 114 _stop(split)
1201  60.89185085  026.91740458 both 115 _stop(split)
1201  60.89222141  026.91486930 both 116 _stop
1201  60.89239588  026.91749545 both 117 _stop
1201  60.89233606  026.91754106 both 118 _stop(split)
1201  60.89251037  026.91748324 both 119 _start
1201  60.89223585  026.91477232 both 120 _stop(split)
1201  60.89232503  026.91775680 both 121 _stop
1201  60.89232200  026.91767380 both 122 _stop(split)
1201  60.89230892  026.91730328 both 123 _stop(split)(split)
1201  60.89230522  026.91720881 both 124 _stop(split)
1201  60.89229613  026.91695649 both 125 _stop(split)(split)
1201  60.89228924  026.91678461 both 126 _stop(split)
1201  60.89228193  026.91656653 both 127 _stop(split)(split)
1201  60.89227145  026.91628836 both 128 _stop(split)
1201  60.89226970  026.91621171 both 129 _stop(split)(split)
1201  60.89225627  026.91588344 both 130 _stop(split)
1201  60.89223759  026.91533560 both 131 _stop(split)
1201  60.89242914  026.91787431 both 132 _stop
1201  60.89236498  026.91782039 both 133 _stop(split)
1201  60.89273825  026.93816030 both 134 _stop
1201  60.89251874  026.93251841 both 135 _stop
1201  60.89241528  026.93253554 both 136 _stop(split)
1201  60.89233345  026.93250380 both 137 _stop(split)
1201  60.89209425  026.93054983 both 138 _stop
1201  60.89200398  026.93065845 both 139 _stop(split)
1201  60.89196755  026.93085047 both 140 _stop(split)
1201  60.89222784  026.93935952 both 141 _stop
1201  60.89233997  026.93903022 both 142 _stop
1201  60.89202560  026.93726440 both 143 _stop
1201  60.89262431  026.93715326 both 144 _start
1201  60.89237554  026.93720363 both 145 _start(split)
1201  60.89235307  026.93671660 both 146 _start(split)(split)
1201  60.89227189  026.93721912 both 147 _start(split)
1201  60.89230793  026.93824404 both 148 _start(split)(split)
1201  60.89241426  026.93822636 both 149 _start(split)(split)(split)
1201  60.89163283  026.92946317 both 150 _stop
1201  60.89156841  026.92935397 both 151 _stop
1201  60.89150285  026.92931912 both 152 _stop
1201  60.89143164  026.92931680 both 153 _stop
1201  60.89124853  026.92950499 both 154 _stop
1201  60.89119428  026.92963743 both 155 _stop
1201  60.89117054  026.92980239 both 156 _stop
1201  60.89117393  026.92994412 both 157 _stop
1201  60.89214919  026.93445395 both 158 _stop
1201  60.89228144  026.93457477 both 159 _stop
1201  60.89242159  026.93450739 both 160 _stop
1201  60.89255497  026.93433777 both 161 _stop
1201  60.89260018  026.93409381 both 162 _stop
1201  60.89120528  026.93009627 both 163 _stop
1201  60.89207982  026.93421501 both 164 _stop
1201  60.89198355  026.93376027 both 165 _stop(split)
1201  60.89188607  026.93330170 both 166 _stop(split)
1201  60.89178757  026.93283885 both 167 _stop(split)
1201  60.89169119  026.93238433 both 168 _stop(split)
1201  60.89159349  026.93192815 both 169 _stop(split)
1201  60.89149423  026.93146093 both 170 _stop(split)
1201  60.89139831  026.93101144 both 171 _stop(split)
1201  60.89130464  026.93056470 both 172 _stop(split)
1201  60.89256535  026.93378344 both 173 _stop
1201  60.89167977  026.92965635 both 174 _start
1201  60.89177740  026.93011188 both 175 _start(split)
1201  60.89182966  026.93035721 both 176 _start(split)(split)
1201  60.89188909  026.93047603 both 177 _start(split)(split)(split)
1201  60.89198156  026.93054707 both 178 _start(split)(split)(split)
1201  60.89187719  026.93057485 both 179 _start(split)(split)
1201  60.89197540  026.93103452 both 180 _start(split)(split)(split)
1201  60.89207326  026.93148890 both 181 _start(split)(split)(split)(split)
1201  60.89217121  026.93194718 both 182 _start(split)(split)(split)(split)(split)
1201  60.89226902  026.93240265 both 183 _start(split)(split)(split)(split)(split)(split)
1201  60.89236865  026.93286615 both 184 _start(split)(split)(split)(split)(split)(split)(split)
1201  60.89239472  026.93298964 both 185 _start(split)(split)(split)(split)(split)(split)(split)(split)
1201  60.89238517  026.93279105 both 186 _start(split)(split)(split)(split)(split)(split)(split)(split)(split)
1201  60.89243226  026.93261807 both 187 _start(split)(split)(split)(split)(split)(split)(split)(split)(split)
1201  60.89246695  026.93332365 both 188 _start(split)(split)(split)(split)(split)(split)(split)(split)
1201  60.89417062  026.91705779 both 189 _stop
1201  60.89829003  026.95715960 both 190 _stop
1201  60.89212858  026.91982420 both 191 _stop
1201  60.89210172  026.91920284 both 192 _stop
1201  60.89208990  026.91897807 both 193 _stop
1201  60.89229426  026.91979970 both 194 _stop
1201  60.89233717  026.91975804 both 195 _stop
1201  60.89239081  026.91951792 both 196 _stop
1201  60.89245740  026.91943712 both 197 _stop
1202 73 70 twoway taxiway 
1202 66 73 twoway taxiway 
1202 83 66 twoway taxiway 
1202 69 70 twoway taxiway 
1202 70 78 twoway taxiway 
1202 147 146 twoway taxiway 
1202 149 142 twoway taxiway 
1202 145 149 twoway taxiway 
1202 145 146 twoway taxiway 
1202 146 0 twoway taxiway 
1202 2 3 twoway runway 07/25
1202 3 4 twoway runway 07/25
1204 departure 07,25
1204 arrival 07,25
1204 ils 07,25
1202 4 5 twoway runway 07/25
1204 departure 07,25
1204 arrival 07,25
1204 ils 07,25
1202 5 6 twoway runway 07/25
1204 departure 07,25
1204 arrival 07,25
1204 ils 07,25
1202 6 7 twoway runway 07/25
1204 departure 07,25
1204 arrival 07,25
1204 ils 07,25
1202 7 8 twoway runway 07/25
1204 departure 07,25
1204 arrival 07,25
1204 ils 07,25
1202 8 9 twoway runway 07/25
1204 departure 07,25
1204 arrival 07,25
1204 ils 07,25
1202 9 10 twoway runway 07/25
1204 departure 07,25
1204 arrival 07,25
1204 ils 07,25
1202 10 1 twoway runway 07/25
1204 departure 07,25
1204 arrival 07,25
1204 ils 07,25
1202 13 12 twoway taxiway A
1204 departure 07,25
1204 arrival 07,25
1204 ils 07,25
1202 16 15 twoway taxiway B
1204 departure 07,25
1204 arrival 07,25
1204 ils 07,25
1202 18 17 twoway taxiway C
1204 departure 07,25
1204 arrival 07,25
1204 ils 07,25
1202 20 19 twoway taxiway D2
1204 departure 07,25
1204 arrival 07,25
1204 ils 07,25
1202 22 21 twoway taxiway D
1204 departure 07,25
1204 arrival 07,25
1204 ils 07,25
1202 24 23 twoway taxiway E2
1204 departure 07,25
1204 arrival 07,25
1204 ils 07,25
1202 26 25 twoway taxiway E
1204 departure 07,25
1204 arrival 07,25
1204 ils 07,25
1202 27 29 twoway taxiway 
1202 28 29 twoway taxiway 
1202 29 34 twoway taxiway 
1202 36 28 twoway taxiway 
1202 35 33 twoway taxiway 
1202 32 35 twoway taxiway 
1202 31 32 twoway taxiway 
1202 32 33 twoway taxiway 
1202 33 30 twoway taxiway 
1202 35 34 twoway taxiway 
1202 37 36 twoway taxiway 
1202 38 37 twoway taxiway 
1202 39 38 twoway taxiway 
1202 41 39 twoway taxiway 
1202 24 40 oneway taxiway 
1202 41 40 twoway taxiway 
1202 26 41 twoway taxiway 
1202 12 10 twoway taxiway 
1204 departure 07,25
1204 arrival 07,25
1204 ils 07,25
1202 9 12 twoway taxiway 
1204 departure 07,25
1204 arrival 07,25
1204 ils 07,25
1202 15 8 twoway taxiway 
1204 departure 07,25
1204 arrival 07,25
1204 ils 07,25
1202 7 15 twoway taxiway 
1204 departure 07,25
1204 arrival 07,25
1204 ils 07,25
1202 17 6 twoway taxiway 
1204 departure 07,25
1204 arrival 07,25
1204 ils 07,25
1202 17 5 twoway taxiway 
1204 departure 07,25
1204 arrival 07,25
1204 ils 07,25
1202 42 3 twoway taxiway 
1204 departure 07,25
1204 arrival 07,25
1204 ils 07,25
1202 43 42 twoway taxiway 
1204 departure 07,25
1204 arrival 07,25
1204 ils 07,25
1202 25 43 twoway taxiway 
1204 departure 07,25
1204 arrival 07,25
1204 ils 07,25
1202 44 11 twoway taxiway 
1204 departure 07,25
1204 arrival 07,25
1204 ils 07,25
1202 25 44 twoway taxiway 
1204 departure 07,25
1204 arrival 07,25
1204 ils 07,25
1202 45 4 twoway taxiway 
1204 departure 07,25
1204 arrival 07,25
1204 ils 07,25
1202 46 45 twoway taxiway 
1204 departure 07,25
1204 arrival 07,25
1204 ils 07,25
1202 21 46 twoway taxiway 
1204 departure 07,25
1204 arrival 07,25
1204 ils 07,25
1202 47 11 twoway taxiway 
1204 departure 07,25
1204 arrival 07,25
1204 ils 07,25
1202 48 47 twoway taxiway 
1204 departure 07,25
1204 arrival 07,25
1204 ils 07,25
1202 21 48 twoway taxiway 
1204 departure 07,25
1204 arrival 07,25
1204 ils 07,25
1202 49 23 twoway taxiway 
1204 departure 07,25
1204 arrival 07,25
1204 ils 07,25
1202 19 49 twoway taxiway 
1204 departure 07,25
1204 arrival 07,25
1204 ils 07,25
1202 2 11 twoway taxiway 
1204 departure 07,25
1204 arrival 07,25
1204 ils 07,25
1202 11 49 twoway taxiway 
1204 departure 07,25
1204 arrival 07,25
1204 ils 07,25
1202 52 53 twoway taxiway 
1202 53 115 twoway taxiway 
1202 56 57 twoway taxiway 
1202 57 110 twoway taxiway 
1202 60 61 twoway taxiway 
1202 61 109 twoway taxiway 
1202 50 51 twoway taxiway 
1202 51 123 twoway taxiway 
1202 54 55 twoway taxiway 
1202 55 125 twoway taxiway 
1202 58 59 twoway taxiway 
1202 59 127 twoway taxiway 
1202 104 105 twoway taxiway 
1202 105 129 twoway taxiway 
1202 52 50 twoway taxiway 
1202 56 54 twoway taxiway 
1202 60 58 twoway taxiway 
1202 62 82 twoway taxiway 
1202 63 62 twoway taxiway 
1202 74 64 twoway taxiway 
1202 83 82 twoway taxiway 
1202 65 83 twoway taxiway 
1202 67 65 twoway taxiway 
1202 68 69 twoway taxiway 
1202 69 71 twoway taxiway 
1202 71 72 twoway taxiway 
1202 72 67 twoway taxiway 
1202 79 81 twoway taxiway 
1202 81 82 twoway taxiway 
1202 82 83 twoway taxiway 
1202 83 66 twoway taxiway 
1202 66 74 twoway taxiway 
1202 22 79 twoway taxiway 
1202 84 85 twoway taxiway 
1202 85 124 twoway taxiway 
1202 86 84 twoway taxiway 
1202 87 88 twoway taxiway 
1202 88 126 twoway taxiway 
1202 89 87 twoway taxiway 
1202 90 91 twoway taxiway 
1202 91 128 twoway taxiway 
1202 92 90 twoway taxiway 
1202 93 130 twoway taxiway 
1202 94 93 twoway taxiway 
1202 95 94 twoway taxiway 
1202 96 131 twoway taxiway 
1202 97 96 twoway taxiway 
1202 98 97 twoway taxiway 
1202 100 99 twoway taxiway 
1202 101 102 twoway taxiway 
1202 102 100 twoway taxiway 
1202 103 101 twoway taxiway 
1202 116 120 twoway taxiway 
1202 120 103 twoway taxiway 
1202 106 104 twoway taxiway 
1202 107 108 twoway taxiway 
1202 108 106 twoway taxiway 
1202 109 107 twoway taxiway 
1202 110 111 twoway taxiway 
1202 111 109 twoway taxiway 
1202 112 110 twoway taxiway 
1202 113 114 twoway taxiway 
1202 114 115 twoway taxiway 
1202 115 112 twoway taxiway 
1202 74 75 twoway taxiway 
1202 75 76 twoway taxiway 
1202 76 77 twoway taxiway 
1202 77 78 twoway taxiway 
1202 78 113 twoway taxiway 
1202 121 64 oneway taxiway 
1202 121 122 twoway taxiway 
1202 122 123 twoway taxiway 
1202 123 124 twoway taxiway 
1202 124 125 twoway taxiway 
1202 125 126 twoway taxiway 
1202 126 127 twoway taxiway 
1202 127 128 twoway taxiway 
1202 128 129 twoway taxiway 
1202 129 130 twoway taxiway 
1202 130 131 twoway taxiway 
1202 131 116 twoway taxiway 
1202 117 118 twoway taxiway 
1202 118 122 twoway taxiway 
1202 119 117 twoway taxiway 
1202 132 133 twoway taxiway 
1202 133 121 twoway taxiway 
1202 20 132 oneway taxiway 
1202 13 14 twoway taxiway 
1202 14 134 twoway taxiway 
1202 16 135 twoway taxiway 
1202 18 138 twoway taxiway 
1202 148 149 twoway taxiway 
1202 149 134 twoway taxiway 
1202 142 141 twoway taxiway 
1202 147 148 twoway taxiway 
1202 148 142 twoway taxiway 
1202 144 145 twoway taxiway 
1202 145 147 twoway taxiway 
1202 147 143 twoway taxiway 
1202 150 174 twoway taxiway 
1202 151 150 twoway taxiway 
1202 152 151 twoway taxiway 
1202 153 152 twoway taxiway 
1202 154 153 twoway taxiway 
1202 155 154 twoway taxiway 
1202 156 155 twoway taxiway 
1202 157 156 twoway taxiway 
1202 163 157 twoway taxiway 
1202 138 139 twoway taxiway 
1202 139 140 twoway taxiway 
1202 140 180 twoway taxiway 
1202 176 177 twoway taxiway 
1202 177 178 twoway taxiway 
1202 178 138 twoway taxiway 
1202 135 136 twoway taxiway 
1202 136 137 twoway taxiway 
1202 137 183 twoway taxiway 
1202 185 186 twoway taxiway 
1202 186 187 twoway taxiway 
1202 187 135 twoway taxiway 
1202 188 165 twoway taxiway 
1202 184 166 twoway taxiway 
1202 183 167 twoway taxiway 
1202 182 168 twoway taxiway 
1202 181 169 twoway taxiway 
1202 180 170 twoway taxiway 
1202 179 171 twoway taxiway 
1202 175 172 twoway taxiway 
1202 158 0 twoway taxiway 
1202 160 0 twoway taxiway 
1202 158 164 twoway taxiway 
1202 159 158 twoway taxiway 
1202 160 159 twoway taxiway 
1202 161 160 twoway taxiway 
1202 162 161 twoway taxiway 
1202 173 162 twoway taxiway 
1202 163 174 twoway taxiway 
1202 164 165 twoway taxiway 
1202 165 166 twoway taxiway 
1202 166 167 twoway taxiway 
1202 167 168 twoway taxiway 
1202 168 169 twoway taxiway 
1202 169 170 twoway taxiway 
1202 170 171 twoway taxiway 
1202 171 172 twoway taxiway 
1202 172 163 twoway taxiway 
1202 173 164 twoway taxiway 
1202 174 175 twoway taxiway 
1202 175 176 twoway taxiway 
1202 176 179 twoway taxiway 
1202 179 180 twoway taxiway 
1202 180 181 twoway taxiway 
1202 181 182 twoway taxiway 
1202 182 183 twoway taxiway 
1202 183 184 twoway taxiway 
1202 184 185 twoway taxiway 
1202 185 188 twoway taxiway 
1202 188 173 twoway taxiway 
1202 49 189 twoway taxiway 
1204 departure 07,25
1204 arrival 07,25
1204 ils 07,25
1202 1 190 twoway taxiway 
1204 departure 07,25
1204 arrival 07,25
1204 ils 07,25
1202 63 193 twoway taxiway 
1202 192 63 twoway taxiway 
1202 65 66 twoway taxiway 
1202 66 74 twoway taxiway 
1202 62 65 twoway taxiway 
1202 196 62 twoway taxiway 
1202 191 192 twoway taxiway 
1202 192 193 twoway taxiway 
1202 193 71 twoway taxiway 
1202 194 191 twoway taxiway 
1202 195 194 twoway taxiway 
1202 196 195 twoway taxiway 
1202 197 196 twoway taxiway 
1202 79 80 twoway taxiway 
1202 80 197 twoway taxiway 
1202 72 73 twoway taxiway 
1202 73 77 twoway taxiway 
1202 63 72 twoway taxiway 
99
