I
1100 Generated by WorldEditor 1.7.0r3

1     19 1 0 EFVA Vaasa
1302 city Vaasa
1302 country Finland
1302 datum_lat 63.045277778
1302 datum_lon 21.764166667
1302 faa_code 
1302 iata_code VAA
1302 icao_code EFVA
1302 region_code EF
1302 state Western Finland
1302 transition_alt 5000
1302 transition_level 
100 48.00 1 0 0.25 0 3 0 16  63.06201399  021.75447958    0    0 2 3 0 0 34  63.04060451  021.76878378    0  200 2 7 0 0
110 14 0.00 0.0000 New Taxiway 1
112  63.04250390  021.76161163  63.04248694  021.76161225
112  63.04247039  021.76168343  63.04247039  021.76172501
112  63.04250393  021.76175671  63.04252271  021.76175552
114  63.04253516  021.76168403  63.04253545  021.76164286
112  63.04253047  021.76168422  63.04253006  021.76171537
112  63.04250413  021.76174382  63.04249014  021.76174382
112  63.04247548  021.76168362  63.04247575  021.76164439
114  63.04250440  021.76162342  63.04251906  021.76162432
110 14 0.00 0.0000 New Taxiway 1
112  63.04280895  021.76209761  63.04279199  021.76209823
112  63.04277543  021.76216941  63.04277544  021.76221099
112  63.04280898  021.76224269  63.04282775  021.76224150
114  63.04284020  021.76217001  63.04284050  021.76212884
112  63.04283551  021.76217020  63.04283511  021.76220135
112  63.04280917  021.76222980  63.04279519  021.76222980
112  63.04278053  021.76216960  63.04278080  021.76213037
114  63.04280945  021.76210941  63.04282411  021.76211030
110 14 0.00 0.0000 New Taxiway 1
112  63.04320433  021.76272998  63.04318737  021.76273059
112  63.04317082  021.76280178  63.04317082  021.76284336
112  63.04320436  021.76287505  63.04322314  021.76287386
114  63.04323559  021.76280238  63.04323588  021.76276120
112  63.04323090  021.76280257  63.04323049  021.76283372
112  63.04320456  021.76286217  63.04319057  021.76286217
112  63.04317591  021.76280197  63.04317618  021.76276273
114  63.04320483  021.76274177  63.04321949  021.76274267
110 14 0.00 0.0000 New Taxiway 1
112  63.04371918  021.76257611  63.04370222  021.76257672
112  63.04368567  021.76264791  63.04368567  021.76268949
112  63.04371922  021.76272118  63.04373799  021.76271999
114  63.04375044  021.76264851  63.04375073  021.76260733
112  63.04374575  021.76264870  63.04374534  021.76267985
112  63.04371941  021.76270830  63.04370542  021.76270830
112  63.04369076  021.76264810  63.04369104  021.76260886
114  63.04371968  021.76258790  63.04373434  021.76258880
110 14 0.00 0.0000 New Taxiway 1
112  63.04428051  021.76218274  63.04426355  021.76218336
112  63.04424700  021.76225455  63.04424700  021.76229613
112  63.04428055  021.76232782  63.04429932  021.76232663
114  63.04431177  021.76225515  63.04431206  021.76221397
112  63.04430708  021.76225533  63.04430667  021.76228648
112  63.04428074  021.76231493  63.04426676  021.76231493
112  63.04425209  021.76225474  63.04425237  021.76221550
114  63.04428101  021.76219454  63.04429567  021.76219543
110 14 0.00 0.0000 New Taxiway 1
112  63.04485687  021.76180497  63.04483991  021.76180559
112  63.04482336  021.76187678  63.04482336  021.76191836
112  63.04485690  021.76195005  63.04487568  021.76194886
114  63.04488813  021.76187738  63.04488842  021.76183620
112  63.04488344  021.76187756  63.04488303  021.76190871
112  63.04485710  021.76193716  63.04484311  021.76193716
112  63.04482845  021.76187696  63.04482872  021.76183773
114  63.04485737  021.76181677  63.04487203  021.76181766
110 5 0.00 0.0000 RESA
111  63.06265292  021.75470241
112  63.06272902  021.75483326  63.06274789  021.75496574
111  63.06272902  021.75483326
111  63.06282520  021.75545888
112  63.06292460  021.75556782  63.06300646  021.75552265
111  63.06292460  021.75556782
111  63.06350552  021.75519410
112  63.06350552  021.75519410  63.06358188  021.75514065
111  63.06355298  021.75493584
111  63.06320900  021.75238031
112  63.06311092  021.75226384  63.06303418  021.75230616
111  63.06311092  021.75226384
113  63.06237186  021.75272105
110 1 0.00 343.0000 TWY, APN
111  63.06175882  021.75199278
112  63.06175882  021.75199278  63.06174415  021.75200286
112  63.06172572  021.75206411  63.06172083  021.75209506
111  63.06172572  021.75206411
111  63.06151397  021.75359750
112  63.06151397  021.75359750  63.06149536  021.75372684
111  63.06144824  021.75384568
111  63.06128634  021.75424901
112  63.06119462  021.75438231  63.06114632  021.75441612
111  63.06119462  021.75438231
111  63.04919959  021.76236483 102
112  63.04895300  021.76195780  63.04888756  021.76148985
111  63.04895300  021.76195780 102
111  63.04868148  021.75993294 102
112  63.04852608  021.75953772  63.04842439  021.75960476
111  63.04852608  021.75953772 102
111  63.04701400  021.76053512
112  63.04701400  021.76053512  63.04688160  021.76061671 102
112  63.04667834  021.75997959  63.04659951  021.75945437
112  63.04673429  021.75902819  63.04682660  021.75896936
112  63.04687806  021.75884642  63.04695512  021.75877842
111  63.04687806  021.75884642
111  63.04707131  021.75871057
111  63.04740491  021.75848298
111  63.04732187  021.75790076
111  63.04696405  021.75815010
111  63.04690445  021.75846828
111  63.04683583  021.75851765
111  63.04672046  021.75769174
111  63.04605603  021.75814379
111  63.04617040  021.75901215
111  63.04598498  021.75913978
111  63.04586351  021.75826213
111  63.04532309  021.75862577
111  63.04503051  021.75950085
111  63.04477304  021.75965925
111  63.04415877  021.76038264
112  63.04414827  021.75993868  63.04419514  021.75988229
111  63.04414827  021.75993868
111  63.04411436  021.75972942
111  63.04386180  021.75989154
111  63.04389785  021.76014544
111  63.04326219  021.76089326
111  63.04286756  021.76052185
111  63.04277741  021.76101030
111  63.04264021  021.76088796 102
111  63.04219583  021.76046807
111  63.04208665  021.76104886 102
111  63.04233073  021.76286507 102
111  63.04321525  021.76358602 102
112  63.04337420  021.76396484  63.04340271  021.76417287
111  63.04337420  021.76396484 102
111  63.04360061  021.76556688
112  63.04360061  021.76556688  63.04363457  021.76582241 102
112  63.04348723  021.76615713  63.04341233  021.76620340
111  63.04348723  021.76615713
111  63.04305338  021.76644836
111  63.04295204  021.76572094
112  63.04295204  021.76572094  63.04292794  021.76555716
112  63.04271443  021.76592957  63.04273943  021.76613116
111  63.04271443  021.76592957
111  63.04281040  021.76662046
111  63.04054134  021.76811707
111  63.04051778  021.76795516
111  63.04044436  021.76800212
111  63.04046699  021.76816738
111  63.03881129  021.76927733
112  63.03876569  021.76946924  63.03878164  021.76958798
111  63.03876569  021.76946924
111  63.03889554  021.77043953
112  63.03889554  021.77043953  63.03891548  021.77058904
111  63.03903122  021.77053402
111  63.04051287  021.76954285
111  63.04058940  021.76949454
111  63.04063698  021.76946023
111  63.04065955  021.76961639
111  63.04073565  021.76956568
111  63.04071382  021.76940515
111  63.05926394  021.75698275
111  63.05937515  021.75773543
112  63.05937515  021.75773543  63.05939328  021.75788745
112  63.05961560  021.75755341  63.05959385  021.75738539
111  63.05961560  021.75755341
111  63.05950956  021.75682521
111  63.06265292  021.75470241
111  63.06237186  021.75272105
111  63.06222757  021.75172339
112  63.06222757  021.75172339  63.06222198  021.75168791
112  63.06219661  021.75170176  63.06218054  021.75171101
113  63.06219661  021.75170176
112  63.04855179  021.76069750  63.04860093  021.76107698
111  63.04855179  021.76069750 102
111  63.04874991  021.76217346
112  63.04874991  021.76217346  63.04880096  021.76261739 102
111  63.04864047  021.76271590
111  63.04404794  021.76577854
112  63.04404794  021.76577854  63.04392233  021.76585331 102
112  63.04381004  021.76539225  63.04378811  021.76522512
111  63.04381004  021.76539225 102
111  63.04360723  021.76393261
112  63.04360723  021.76393261  63.04355679  021.76354557 102
112  63.04375186  021.76324976  63.04383520  021.76322556
111  63.04375186  021.76324976 102
111  63.04820268  021.76024570
114  63.04820268  021.76024570  63.04831588  021.76017723 102
111  63.04596248  021.75993189
112  63.04596248  021.75993189  63.04606402  021.75987216
112  63.04630501  021.76013255  63.04633660  021.76035157
111  63.04630501  021.76013255 102
111  63.04636374  021.76056536
112  63.04636374  021.76056536  63.04640210  021.76091380 102
111  63.04625621  021.76101487 102
111  63.04531769  021.76166098 102
112  63.04513229  021.76141952  63.04508968  021.76111805
111  63.04513229  021.76141952 102
111  63.04506078  021.76091880
112  63.04506078  021.76091880  63.04501331  021.76057099
113  63.04514338  021.76044812
112  63.06223017  021.75291111  63.06225220  021.75306538
112  63.06212177  021.75350507  63.06195948  021.75362670
111  63.06212177  021.75350507
111  63.06172072  021.75377755
112  63.06172072  021.75377755  63.06168184  021.75380239
112  63.06168086  021.75370420  63.06169313  021.75362967
111  63.06168086  021.75370420
111  63.06179639  021.75290016
112  63.06179639  021.75290016  63.06181574  021.75278006
112  63.06190682  021.75267293  63.06195219  021.75264587
111  63.06190682  021.75267293
111  63.06207835  021.75255720
114  63.06207835  021.75255720  63.06216938  021.75253476
111  63.04545291  021.75957829
111  63.04548741  021.75981220
111  63.04528945  021.75995841
112  63.04528945  021.75995841  63.04520180  021.76002012
112  63.04525977  021.75971288  63.04533304  021.75967353
113  63.04525977  021.75971288
110 1 0.00 0.0000 Skydivers APN
111  63.04051287  021.76954285
112  63.04050763  021.76966588  63.04049021  021.76976988
111  63.04050763  021.76966588
111  63.04002957  021.77251902
112  63.03994612  021.77266375  63.03987886  021.77267665
111  63.03986852  021.77276979
111  63.03983451  021.77297294
111  63.03999033  021.77300489
111  63.04056100  021.76959362
112  63.04056100  021.76959362  63.04057022  021.76953709
113  63.04058940  021.76949454
110 1 0.60 0.0000 Out of use Rwy
111  63.04374360  021.74478357
111  63.04337786  021.74449110
111  63.03881674  021.77211575
111  63.03918133  021.77242515
111  63.04115217  021.76047894
112  63.04115217  021.76047894  63.04122987  021.76001663
111  63.04139473  021.76024333
112  63.04139473  021.76024333  63.04149772  021.76034529
112  63.04163348  021.76069069  63.04172331  021.76077737
111  63.04163348  021.76069069
111  63.04208665  021.76104886
111  63.04219583  021.76046807
111  63.04146121  021.75983717
112  63.04146121  021.75983717  63.04128998  021.75967000
113  63.04134025  021.75937147
110 5 0.00 0.0000 Out of use Rwy gravel
112  63.04327630  021.74451137  63.04320608  021.74491948
111  63.04327630  021.74451137
111  63.03927575  021.76875746
111  63.03846996  021.76929710
112  63.03839831  021.76947330  63.03840665  021.76961684
111  63.03847752  021.77096261
112  63.03857210  021.77103131  63.03866826  021.77099817
111  63.03857210  021.77103131
111  63.03891037  021.77080032
112  63.03873873  021.77196556  63.03864735  021.77248127
112  63.03928306  021.77246065  63.03933413  021.77215241
111  63.04120686  021.76073616
112  63.04120686  021.76073616  63.04127210  021.76032121
111  63.04139473  021.76024333
111  63.04146121  021.75983717
112  63.04145563  021.75921740  63.04152355  021.75880438
111  63.04145563  021.75921740
111  63.04379317  021.74507010
114  63.04379317  021.74507010  63.04388730  021.74456888
110 1 0.00 0.0000 New Taxiway 5
112  63.04148425  021.76464023  63.04144659  021.76455889
112  63.04131400  021.76460734  63.04125045  021.76467830
112  63.04125751  021.76498289  63.04128811  021.76513346
112  63.04136342  021.76519057  63.04140658  021.76519922
112  63.04148582  021.76511096  63.04153133  021.76503654
113  63.04153133  021.76484444
130 Airport Boundary 1
111  63.04250100  021.74247669
111  63.04162466  021.74805669
111  63.04148733  021.74974873
111  63.03922560  021.76146512
111  63.03897004  021.76330997
111  63.03829707  021.76643694
111  63.03830536  021.76841075
111  63.03807711  021.77097510
111  63.03773206  021.77266684
111  63.03838336  021.77484622
111  63.03920531  021.77514932
111  63.03956840  021.77384812
111  63.04026321  021.77312247
111  63.04212982  021.77434136
111  63.04332213  021.77181236
111  63.04429326  021.77119158
111  63.04556847  021.77278924
111  63.04649309  021.77232525
111  63.04727732  021.76944419
111  63.05966054  021.76010129
111  63.06155648  021.76088336
111  63.06506562  021.75876373
111  63.06504073  021.75659785
111  63.06640102  021.75118301
111  63.06505026  021.74875358
111  63.06437335  021.74807441
111  63.06035581  021.75080731
111  63.06020668  021.75160362
111  63.05669079  021.75415541
111  63.05511508  021.75449330
111  63.05310893  021.75581135
111  63.05287625  021.75477749
111  63.05169924  021.75675506
111  63.05068201  021.75684602
111  63.05025989  021.75758739
111  63.04802378  021.75912643
111  63.04745555  021.75604704
111  63.04363735  021.75338858
111  63.04426627  021.75048586
111  63.04555885  021.74673348
113  63.04327358  021.74228829
120 Rwy hold A
111  63.04887275  021.76140815 4
115  63.04867092  021.76154634
120 Rwy hold B
111  63.04372510  021.76482542 4
115  63.04352118  021.76496768
120 A
112  63.04885628  021.76206559  63.04894709  021.76274971 1
112  63.04858503  021.76342211  63.04837413  021.76356594
111  63.04858503  021.76342211 1
115  63.04818238  021.76369051
120 A
111  63.04864427  021.76052106 1
111  63.04885628  021.76206559
112  63.04885628  021.76206559  63.04892600  021.76254243 1
112  63.04944204  021.76286758  63.04962442  021.76276026
111  63.04944204  021.76286758 1
115  63.04985591  021.76258909
120 B
112  63.04371151  021.76552160  63.04381029  021.76627077 1
112  63.04339727  021.76689510  63.04327285  021.76697884
111  63.04339727  021.76689510 1
115  63.04301173  021.76715462
120 B
111  63.04346958  021.76379298 1
111  63.04371151  021.76552160
112  63.04371151  021.76552160  63.04382084  021.76628008 1
112  63.04429994  021.76629844  63.04437283  021.76624951
111  63.04429994  021.76629844 1
115  63.04466952  021.76605308
120 C
112  63.04654895  021.76037713  63.04659073  021.76068856 1
116  63.04636677  021.76122450  63.04620544  021.76135797
120 C
111  63.04644351  021.75960309 1
111  63.04654895  021.76037713
112  63.04654895  021.76037713  63.04658208  021.76063771 1
116  63.04692256  021.76084986  63.04708937  021.76074926
120 T
112  63.04864427  021.76052106  63.04859059  021.76015306 1
112  63.04823680  021.75999097  63.04809266  021.76008077
111  63.04823680  021.75999097 1
111  63.04692256  021.76084986 1
111  63.04636677  021.76122450 1
111  63.04481232  021.76226078 1
111  63.04423560  021.76264356 1
111  63.04367930  021.76301509 1
111  63.04360577  021.76306872
112  63.04360577  021.76306872  63.04345501  021.76316582 1
116  63.04346958  021.76379298  63.04352037  021.76405494
120 T
112  63.04314017  021.76304342  63.04330939  021.76331253 1
116  63.04346958  021.76379298  63.04356084  021.76420987
120 T
112  63.04360577  021.76306872  63.04339782  021.76322518 1
112  63.04317568  021.76308242  63.04304679  021.76294135
111  63.04317568  021.76308242 1
111  63.04314017  021.76304342 1
111  63.04277487  021.76246106 1
115  63.04259954  021.76217941
120 1
111  63.04248726  021.76113280 1
111  63.04255501  021.76116930 1
111  63.04250915  021.76161050
111  63.04250449  021.76165527
112  63.04250449  021.76165527  63.04250094  021.76169078
112  63.04249890  021.76175753  63.04249863  021.76179016
111  63.04249890  021.76175753
112  63.04249890  021.76175753  63.04249717  021.76196517 1
116  63.04259954  021.76217941  63.04265009  021.76225630
120 2
111  63.04281288  021.76152609 1
111  63.04287182  021.76155705 1
111  63.04281391  021.76209708
111  63.04279849  021.76224086 1
115  63.04277487  021.76246106
120 3
111  63.04325077  021.76177376 1
111  63.04330691  021.76181091 1
111  63.04321190  021.76273151
111  63.04319701  021.76287581 1
115  63.04317568  021.76308242
120 4
111  63.04488805  021.76087375 1
111  63.04495532  021.76090446 1
111  63.04486123  021.76180141
111  63.04484500  021.76195089 51
115  63.04481232  021.76226078
120 5
111  63.04433128  021.76112451 1
111  63.04439624  021.76115010 1
111  63.04428526  021.76218194
111  63.04426966  021.76232696 1
115  63.04423560  021.76264356
120 6
111  63.04378380  021.76141621 1
111  63.04384643  021.76144691 1
111  63.04372610  021.76257596
111  63.04371073  021.76272146 1
115  63.04367930  021.76301509
120 GA
111  63.04231394  021.76177684 1
115  63.04222306  021.76183365
120 GA
111  63.04235323  021.76206130 1
115  63.04226236  021.76211865
120 GA
111  63.04239148  021.76233901 1
115  63.04230114  021.76240030
120 GA
111  63.04243608  021.76264993 1
115  63.04235694  021.76281248
120 GA
111  63.04257346  021.76276642 1
115  63.04254087  021.76296137
120 GA
111  63.04214560  021.76126770 1
111  63.04223447  021.76120949 1
111  63.04231394  021.76177684 1
111  63.04235323  021.76206130 1
111  63.04239148  021.76233901 1
111  63.04243608  021.76264993 1
111  63.04257346  021.76276642 1
111  63.04270192  021.76286638 1
115  63.04266938  021.76306379
120 GA
111  63.04214560  021.76126770 1
111  63.04222306  021.76183365 1
111  63.04226236  021.76211865 1
111  63.04230114  021.76240030 1
111  63.04235694  021.76281248 1
111  63.04254087  021.76296137 1
115  63.04266938  021.76306379
120 Linear Feature 2
111  63.04289094  021.76111180 20
111  63.04335535  021.76149886 20
111  63.04497994  021.76042055 20
111  63.04514235  021.76044812 20
115  63.04625681  021.75972219
120 Linear Feature 12
111  63.04186189  021.76064965 20
115  63.04211501  021.76086664
120 Linear Feature 11
111  63.03986287  021.76741930 20
111  63.04105585  021.76025563 20
112  63.04129794  021.76015901  63.04143622  021.76027563 20
115  63.04151871  021.76035111
120 Linear Feature 10
111  63.04002307  021.76532175 20
111  63.04016317  021.76519466 20
112  63.04016769  021.76526942  63.04015413  021.76535664 20
111  63.04012702  021.76552859 20
115  63.03978559  021.76744920
120 Linear Feature 9
111  63.04214407  021.76071202 20
111  63.04129843  021.75998306 20
112  63.04097823  021.76028158  63.04088333  021.76076604 20
111  63.04020836  021.76498035 20
112  63.04012589  021.76513485  63.04006827  021.76518469 20
115  63.04000952  021.76523952
120 Linear Feature 8
111  63.04241401  021.76068310 20
111  63.04239603  021.76078045 20
111  63.04217591  021.76058214 20
115  63.04219989  021.76047157
120 Linear Feature 13
111  63.03982945  021.76740556 22
111  63.04101943  021.76022612 22
112  63.04130243  021.76006536  63.04145947  021.76019993 22
115  63.04213600  021.76079473
120 Linear Feature 18
111  63.04624205  021.75960230 22
111  63.04641028  021.75949363 22
112  63.04649027  021.75936202  63.04654450  021.75924238 22
115  63.04667872  021.75894627
120 Linear Feature 17
111  63.04669905  021.75906591 22
111  63.04649569  021.75952055 22
112  63.04638587  021.75963122  63.04629775  021.75968805 22
115  63.04625681  021.75972219
120 Linear Feature 16
111  63.04269016  021.76100182 22
111  63.04275881  021.76106672 22
112  63.04278442  021.76106672  63.04279859  021.76106311 22
111  63.04290320  021.76105590 22
112  63.04293861  021.76107994  63.04295823  021.76109797 22
111  63.04335283  021.76144455 22
111  63.04497341  021.76036870 22
112  63.04499670  021.76036629  63.04500958  021.76037034 22
111  63.04512582  021.76040037 22
112  63.04514695  021.76039272  63.04515420  021.76038715 22
111  63.04641424  021.75954654 22
112  63.04649445  021.75944186  63.04653061  021.75936459 22
115  63.04667824  021.75902005
120 Linear Feature 15
111  63.04289374  021.76111025 20
111  63.04275722  021.76113725 20
115  63.04267907  021.76106871
120 Linear Feature 14
111  63.04624205  021.75960230 20
111  63.04513196  021.76033919 20
111  63.04498995  021.76030256 20
111  63.04335610  021.76139013 20
111  63.04292386  021.76100226 20
111  63.04277322  021.76100849 20
115  63.04270167  021.76094410
120 Linear Feature 1
111  63.04667506  021.75998102 2
115  63.04631660  021.76020469
21  63.05938711  021.75720049 2 163.0200 3.00 16  PAPI-4L
21  63.04292056  021.76627033 2 343.0400 3.00 34  PAPI-4L
20  63.04855756  021.76160470 86.1200 0 2 {@R}16-34{@L}A
20  63.04899201  021.76130691 60.4200 0 2 {@L}A{@R}16-34
20  63.04340165  021.76502865 90.0000 0 2 {@R}16-34{@L}B
20  63.04385147  021.76473283 57.5300 0 2 {@L}B{@R}16-34
20  63.04477986  021.76513901 170.8200 0 2 {@Y}B{^r}
20  63.04460178  021.76291812 73.4900 0 2 {@Y}{^l}A{@L}T{@Y}B{^r}
20  63.04750950  021.76098864 152.4200 0 2 {@Y}C{^r}
20  63.04576170  021.76109511 328.8300 0 2 {@Y}{^l}C
20  63.04993935  021.76170397 173.1800 0 2 {@Y}A{^r}
20  63.04783963  021.76311739 337.2200 0 2 {@Y}{^l}A
14  63.04446895  021.75867329  82.02 0 Tower Viewpoint
1300  63.04636860  021.75914142 253.63 gate heavy|jets|turboprops|props Cargo
1301 E cargo 
1300  63.04331784  021.76173672 282.88 gate jets|turboprops|props Gate 3
1301 D airline fin sas
1300  63.04440263  021.76102956 282.88 gate heavy|jets|turboprops Gate 5
1301 D airline fin sas
1300  63.04497464  021.76067673 282.88 gate jets|turboprops|props Gate 6
1301 D airline fin sas
1300  63.04262483  021.76289244 -70.09 tie_down props GA tie-down
1301 A general_aviation 
1300  63.04237000  021.76253295 342.96 tie_down props GA tie-down
1301 A general_aviation 
18  63.04136180  021.76489179 1 BCN
19  63.04211511  021.76326031 1 WS
54 12095 TWR
54 11970 TWR
55 12585 APP
50 13645 ATIS
1000 North flow
1001 EFVA 253 073 999
1001 EFVA 073 253 5
1002 EFVA 1500
1003 EFVA 5.0
1101 34 left
1100 34  13300 arrivals|departures heavy|jets|turboprops|props|helos 000000 000000 Arr,Dep Rwy 34
1000 South flow (ILS)
1001 EFVA 073 253 200
1002 EFVA 0
1003 EFVA 0.0
1101 16 left
1100 16  13300 arrivals|departures heavy|jets|turboprops|props|helos 000000 000000 Arr,Dep Rwy 16
1200 
1201  63.04660908  021.76012633 both 0 _stop
1201  63.04644788  021.76011107 both 1 _stop
1201  63.04609422  021.75975393 both 2 _stop
1201  63.04513423  021.76040750 both 3 _stop
1201  63.04506199  021.76037735 both 4 _stop
1201  63.04497804  021.76036874 both 5 _stop
1201  63.04463834  021.76058838 both 6 _stop
1201  63.04408389  021.76096306 both 7 _stop
1201  63.04349625  021.76134204 both 8 _stop
1201  63.04335764  021.76144540 both 9 _stop
1201  63.04315460  021.76126452 both 10 _stop
1201  63.04290861  021.76105781 both 11 _stop
1201  63.04276023  021.76106642 both 12 _stop
1201  63.04268800  021.76098891 both 13 _stop
1201  63.04232487  021.76096738 both 14 _stop
1201  63.04215307  021.76080374 both 15 _stop
1201  63.04165142  021.76037352 both 16 _stop
1201  63.04129640  021.76005677 both 17 _stop
1201  63.04116467  021.76003541 both 18 _stop
1201  63.04102046  021.76022612 both 19 _stop
1201  63.06224589  021.75448815 both 20 _stop
1201  63.06242973  021.75414699 both 21 _stop
1201  63.06222149  021.75252379 both 22 _stop
1201  63.06209622  021.75209286 both 23 _stop
1201  63.06185055  021.75225805 both 24 _stop
1201  63.06172528  021.75271772 both 25 _stop
1201  63.04060792  021.76878119 both 26 16/34_stop
1201  63.04339830  021.76689510 both 27 16/34_stop
1201  63.04430097  021.76629844 both 28 16/34_stop
1201  63.04858606  021.76342211 both 29 16/34_stop
1201  63.04944307  021.76286758 both 30 16/34_stop
1201  63.06201399  021.75447958 both 31 16/34_start
1201  63.06145033  021.75485800 both 32 16/34_start
1201  63.04877503  021.76146642 both 33 A_stop
1201  63.04864530  021.76052106 both 34 A_stop
1201  63.04849845  021.76006657 both 35 A_stop
1201  63.04886472  021.76305198 both 36 A_stop
1201  63.04909923  021.76290348 both 37 A_stop
1201  63.04885731  021.76206559 both 38 A_stop
1201  63.04348224  021.76334702 both 39 B_stop
1201  63.04361921  021.76485771 both 40 B_stop
1201  63.04347061  021.76379298 both 41 B_stop
1201  63.04396073  021.76639283 both 42 B_stop
1201  63.04369991  021.76655870 both 43 B_stop
1201  63.04371254  021.76552160 both 44 B_stop
1201  63.04667972  021.76081039 both 45 C_stop
1201  63.04655323  021.76086948 both 46 C_stop
1201  63.04654998  021.76037713 both 47 C_stop
1201  63.04823783  021.75999097 both 48 T_stop
1201  63.04692359  021.76084986 both 49 T_stop
1201  63.04636780  021.76122450 both 50 T_stop
1201  63.04481335  021.76226078 both 51 T_stop
1201  63.04423663  021.76264356 both 52 T_stop
1201  63.04368033  021.76302945 both 53 T_stop
1201  63.04327107  021.76324033 both 54 T_stop
1201  63.04277590  021.76246106 both 55 T_stop
1201  63.04250139  021.76187490 both 56 T_start
1201  63.04092978  021.76073364 both 57 lib/airport/Common_Elements/Parking/Grunge2_Lg.obj
1202 20 31 oneway taxiway_E 
1204 departure 16,34
1204 arrival 16,34
1202 21 20 oneway taxiway_E 
1204 departure 16,34
1204 arrival 16,34
1202 22 21 oneway taxiway_E 
1204 departure 16,34
1204 arrival 16,34
1202 23 22 oneway taxiway_E 
1204 departure 16,34
1204 arrival 16,34
1202 24 23 oneway taxiway_E 
1204 departure 16,34
1204 arrival 16,34
1202 25 24 oneway taxiway_E 
1204 departure 16,34
1204 arrival 16,34
1202 32 25 oneway taxiway_E 
1204 departure 16,34
1204 arrival 16,34
1202 27 26 twoway runway 16/34
1204 departure 16,34
1204 arrival 16,34
1204 ils 16,34
1202 28 27 twoway runway 16/34
1204 departure 16,34
1204 arrival 16,34
1204 ils 16,34
1202 29 28 twoway runway 16/34
1204 departure 16,34
1204 arrival 16,34
1204 ils 16,34
1202 30 29 twoway runway 16/34
1204 departure 16,34
1204 arrival 16,34
1204 ils 16,34
1202 31 32 twoway runway 16/34
1204 departure 16,34
1204 arrival 16,34
1204 ils 16,34
1202 32 30 twoway runway 16/34
1204 departure 16,34
1204 arrival 16,34
1204 ils 16,34
1202 34 33 twoway taxiway_E A
1202 35 34 twoway taxiway_E A
1202 48 35 twoway taxiway_E A
1202 36 29 twoway taxiway_E A
1204 departure 16,34
1204 arrival 16,34
1204 ils 16,34
1202 38 36 twoway taxiway_E A
1204 departure 16,34
1204 arrival 16,34
1204 ils 16,34
1202 37 30 twoway taxiway_E A
1204 departure 16,34
1204 arrival 16,34
1204 ils 16,34
1202 38 37 twoway taxiway_E A
1204 departure 16,34
1204 arrival 16,34
1204 ils 16,34
1202 33 38 twoway taxiway_E A
1204 departure 16,34
1204 arrival 16,34
1204 ils 16,34
1202 39 41 twoway taxiway_D B
1202 53 39 twoway taxiway_D B
1202 41 40 twoway taxiway_D B
1202 54 41 twoway taxiway_D B
1202 42 28 twoway taxiway_D B
1204 departure 16,34
1204 arrival 16,34
1204 ils 16,34
1202 44 42 twoway taxiway_D B
1204 departure 16,34
1204 arrival 16,34
1204 ils 16,34
1202 43 27 twoway taxiway_D B
1204 departure 16,34
1204 arrival 16,34
1204 ils 16,34
1202 44 43 twoway taxiway_D B
1204 departure 16,34
1204 arrival 16,34
1204 ils 16,34
1202 40 44 twoway taxiway_D B
1204 departure 16,34
1204 arrival 16,34
1204 ils 16,34
1202 45 49 twoway taxiway_E C
1202 47 45 twoway taxiway_E C
1202 46 50 twoway taxiway_E C
1202 47 46 twoway taxiway_E C
1202 49 48 twoway taxiway_E T
1202 50 49 twoway taxiway_E T
1202 51 50 twoway taxiway_D T
1202 52 51 twoway taxiway_D T
1202 53 52 twoway taxiway_D T
1202 54 53 twoway taxiway_D T
1202 55 54 twoway taxiway_C T
1202 56 55 twoway taxiway_C T
1206 1 0 twoway  
1206 2 1 twoway  
1206 3 2 twoway  
1206 4 3 twoway  
1206 5 4 twoway  
1206 6 5 twoway  
1206 7 6 twoway  
1206 8 7 twoway  
1206 9 8 twoway  
1206 10 9 twoway  
1206 11 10 twoway  
1206 12 11 twoway  
1206 13 12 twoway  
1206 14 13 twoway  
1206 15 14 twoway  
1206 16 15 twoway  
1206 17 16 twoway  
1206 18 17 twoway  
1206 19 18 twoway  
1206 57 19 twoway  
1400  63.04427384  21.76059871  152.36 crew_car 0 New Service Truck 48
1400  63.04446739  21.76043098  164.06 baggage_loader 0 New Service Truck 47
1400  63.04390096  21.76142991  1.79 baggage_loader 0 New Service Truck 46
1400  63.04276593  21.76174108  7.50 baggage_loader 0 New Service Truck 45
1400  63.04296967  21.76185080  310.40 baggage_train 3 New Service Truck 44
1400  63.04400376  21.76084483  342.65 baggage_train 3 New Service Truck 43
1400  63.04402714  21.76167351  270.00 fuel_jets 0 New Service Truck 42
1400  63.04243119  21.76125362  297.35 fuel_liners 0 New Service Truck 40
1400  63.04230895  21.76161517  264.17 fuel_props 0 New Service Truck 39
1400  63.04297877  21.76158749  286.31 food 0 New Service Truck 27
1400  63.04476733  21.75993628  159.44 gpu 0 New Service Truck 26
1400  63.04309719  21.76108346  21.04 gpu 0 New Service Truck 24
1400  63.04182108  21.76070844  207.76 gpu 0 New Service Truck 23
1400  63.04172308  21.76014371  16.93 gpu 0 New Service Truck 22
1400  63.04158569  21.76004016  18.43 pushback 0 New Service Truck 21
1400  63.04398211  21.76122422  118.07 pushback 0 New Service Truck 20
1401  63.04273343  21.76141533  98.75 baggage_loader New Service Truck Destination 19
1401  63.04300042  21.76095950  201.04 baggage_loader New Service Truck Destination 18
1401  63.04265338  21.76133492  124.51 baggage_train New Service Truck Destination 17
1401  63.04099745  21.76127668  199.54 crew_car New Service Truck Destination 16
1401  63.04103078  21.76104689  189.87 crew_car New Service Truck Destination 15
1401  63.04107384  21.76080485  194.62 crew_car New Service Truck Destination 14
1401  63.04110857  21.76058120  197.10 crew_car New Service Truck Destination 13
1401  63.04608564  21.75923008  161.57 crew_car New Service Truck Destination 12
1401  63.04580482  21.75940482  80.13 crew_car New Service Truck Destination 11
1401  63.04561280  21.75991843  168.23 crew_car New Service Truck Destination 10
1401  63.04534398  21.76005610  337.75 food New Service Truck Destination 9
1401  63.04220311  21.76107048  177.27 gpu New Service Truck Destination 8
1401  63.04290877  21.76119066  105.71 pushback New Service Truck Destination 7
1401  63.04492396  21.75996276  159.44 fuel_jets|fuel_liners New Service Truck Destination 5
1401  63.04505597  21.75987010  164.58 fuel_jets|fuel_props New Service Truck Destination 4
1401  63.04500997  21.75970684  162.35 fuel_liners|fuel_props New Service Truck Destination 3
99
