I
1100 Generated by WorldEditor 1.7.21r1

1    250 0 0 EFYL Ylivieska
1302 city 
1302 country Finland
1302 datum_lat 64.054722222
1302 datum_lon 24.725277778
1302 faa_code 
1302 iata_code YLI
1302 icao_code EFYL
1302 region_code EF
1302 state Oulu
1302 transition_alt 5000
1302 transition_level 
100 30.00 1 0 0.25 0 0 0 15  64.06058842  024.71602541    0    0 2 0 0 0 33  64.04833653  024.72897028    0    0 3 0 0 0
110 1 0.00 156.0000 Apron
112  64.05469222  024.72193384  64.05465786  024.72196438
112  64.05460251  024.72182915  64.05458151  024.72175499
112  64.05407761  024.71971336  64.05405852  024.71961303
112  64.05410624  024.71939491  64.05414060  024.71935128
111  64.05444698  024.71907032
112  64.05424960  024.71803823  64.05424282  024.71800655
112  64.05421552  024.71801673  64.05420598  024.71802764
112  64.05409146  024.71812943  64.05407873  024.71814033
112  64.05407237  024.71821304  64.05407873  024.71825666
112  64.05408735  024.71830085  64.05409422  024.71834333
112  64.05407566  024.71836408  64.05406771  024.71837135
112  64.05403082  024.71840983  64.05401773  024.71842323
112  64.05400077  024.71837395  64.05399406  024.71834228
111  64.05396407  024.71818232
111  64.05384738  024.71829896
111  64.05388904  024.71850672
112  64.05371018  024.71868373  64.05370456  024.71868984
111  64.05371018  024.71868373
112  64.05371018  024.71868373  64.05371209  024.71869507
112  64.05370632  024.71871249  64.05370250  024.71871685
111  64.05370632  024.71871249
112  64.05370632  024.71871249  64.05370529  024.71871367
112  64.05361785  024.71880133  64.05356816  024.71885111
111  64.05361785  024.71880133
112  64.05361785  024.71880133  64.05361544  024.71880369
112  64.05360971  024.71879220  64.05360732  024.71878047
111  64.05360289  024.71875773
111  64.05356914  024.71879087
111  64.05357876  024.71883688
112  64.05338614  024.71904208  64.05337691  024.71905067
112  64.05335917  024.71902484  64.05335473  024.71900453
111  64.05335917  024.71902484
112  64.05335917  024.71902484  64.05334823  024.71903656
111  64.05271900  024.71969868
111  64.05276869  024.71991066
111  64.05315967  024.71950179
111  64.05328623  024.72007586
111  64.05340831  024.72013617
112  64.05384354  024.71968630  64.05390239  024.71962813
112  64.05397556  024.71987534  64.05400101  024.72000257
112  64.05447036  024.72194354  64.05448468  024.72201625
112  64.05444809  024.72221619  64.05441151  024.72226709
113  64.05458807  024.72213258
110 5 0.00 0.0000 Gravel
111  64.05316585  024.71952886
111  64.05311924  024.71988920
111  64.05315342  024.72002970
113  64.05328632  024.72007582
110 1 0.00 155.2000 New Taxiway 26
111  64.06014805  024.71680935
112  64.06039177  024.71679535  64.06042117  024.71679535
112  64.06051425  024.71667776  64.06053385  024.71659656
113  64.06063550  024.71629978
110 1 0.00 155.2000 New Taxiway 25
111  64.04874177  024.72821326
111  64.04863460  024.72817594
111  64.04835903  024.72843249
111  64.04828351  024.72869370
111  64.04839680  024.72923944
111  64.04854581  024.72926043
111  64.04879791  024.72898290
113  64.04884894  024.72875667
130 Airport Boundary 3
111  64.04553719  024.72647183
111  64.04515309  024.72872392
111  64.04622524  024.73401039
111  64.04988231  024.73037933
111  64.05519202  024.72492008
111  64.06056349  024.71860256
111  64.06219384  024.71682812
111  64.06123401  024.71224570
111  64.06037307  024.71302819
111  64.05739487  024.71633369
111  64.05425848  024.71794101
111  64.05384161  024.71779443
113  64.05329190  024.71827080
120 Linear Feature 24
111  64.05423968  024.71831716 24
111  64.05415092  024.71840610 24
111  64.05418740  024.71859565 24
113  64.05427641  024.71850544 24
120 Linear Feature 23
111  64.05413371  024.71836529 20
115  64.05363528  024.71884105
120 Default hold RWY 15 (centre)
111  64.05428990  024.72058815 4
115  64.05418056  024.72072776
120 Linear Feature 28
112  64.05455506  024.72199379  64.05459895  024.72219441 1
112  64.05449049  024.72245246  64.05443023  024.72251628 1
115  64.05419725  024.72276186
120 Linear Feature 27
111  64.05395379  024.71949935 1
112  64.05423934  024.72069203  64.05438557  024.72129724
111  64.05423934  024.72069203
112  64.05423934  024.72069203  64.05438229  024.72128367 1
112  64.05455506  024.72199404  64.05457819  024.72209590
111  64.05455506  024.72199404
112  64.05455506  024.72199404  64.05460184  024.72220010 1
112  64.05478326  024.72214165  64.05485028  024.72206909 1
115  64.05520339  024.72169678
20  64.05438855  024.72046417 54.8700 0 2 {@R}15-33
14  64.05363475  024.71877857  26.25 0 New Tower Viewpoint 4
1300  64.05358334  024.71898208 -112.90 tie_down jets|turboprops|props|fighters GA1
1301 B general_aviation 
1300  64.05383780  024.71873613 -112.90 tie_down jets|turboprops|props|fighters GA2
1301 B general_aviation 
1300  64.05333432  024.71954300 155.94 tie_down props GA3
1301 A general_aviation 
1300  64.05341650  024.71992471 155.06 tie_down props GA4
1301 A general_aviation 
1300  64.05437483  024.71885759 -23.38 tie_down props GA5
1301 A general_aviation 
1300  64.05406948  024.71855738 -112.33 tie_down props GA6
1301 A general_aviation 
19  64.05351208  024.72070392 1 WS
51 12250 UNICOM
1200 
1201  64.04841162  024.72888736 both 0 N_stop
1201  64.06053162  024.71608234 both 1 N_stop
1201  64.05463700  024.72230706 both 2 N_stop
1201  64.05423450  024.72064927 both 3 N_stop
1201  64.05394024  024.71942780 both 4 N_start
1202 2 0 twoway runway 15/33
1204 departure 15,33
1204 arrival 15,33
1204 ils 15,33
1202 2 1 twoway runway 15/33
1204 departure 15,33
1204 arrival 15,33
1204 ils 15,33
1202 3 2 twoway taxiway_E A
1204 departure 15,33
1204 arrival 15,33
1202 4 3 twoway taxiway_E A
99
