I
1100 Generated by WorldEditor 1.7.1r2

1    575 1 0 EN10 Haslemoen
1302 city Haslemoen
1302 country Norway
1302 datum_lat 60.653450
1302 datum_lon 11.910350
100 20.00 3 0 0.40 0 0 0 16  60.65594696  011.90885429   25    0 0 0 0 0 34  60.65090148  011.91186259   30    0 0 0 0 0
110 1 0.30 253.7100 New Taxiway 3
111  60.65588923  011.90874050
111  60.65592860  011.90901439
111  60.65596130  011.90899310
111  60.65607286  011.90978201
111  60.65625402  011.90967655
111  60.65618489  011.90917033
112  60.65608540  011.90923319  60.65607149  011.90924068
112  60.65605020  011.90921636  60.65604546  011.90918235
113  60.65597519  011.90868884
130 Airport Boundary 11
111  60.65498429  011.90803446
111  60.64981966  011.91119645
111  60.65000183  011.91258969
111  60.65081677  011.91225478
111  60.65092816  011.91245812
111  60.65453765  011.91040054
111  60.65534542  011.91008378
111  60.65553271  011.91032473
111  60.65576071  011.91017519
111  60.65601721  011.91034134
111  60.65629407  011.91033304
111  60.65637550  011.90995919
111  60.65633885  011.90908688
111  60.65672971  011.90887088
113  60.65652953  011.90715626
120 Linear Feature 8
111  60.65595904  011.90884727 10
115  60.65596384  011.90885442
120 Linear Feature 7
111  60.65596142  011.90883542 10
115  60.65595904  011.90884727
120 Linear Feature 6
111  60.65598007  011.90887543 10
115  60.65597505  011.90887020
120 Linear Feature 5
111  60.65598321  011.90886521 10
115  60.65598007  011.90887543
120 Linear Feature 4
111  60.65595827  011.90884773 10
111  60.65597463  011.90883771 10
115  60.65598025  011.90887673
14  60.65605935  011.90983762  32.81 0 New Tower Viewpoint 7
1300  60.65614839  011.90960671  73.71 misc props Hangar
1301 A none 
1300  60.65571327  011.90985791 253.71 misc props Grass parking
1301 A none 
19  60.65475300  011.90823300 0 WDI
19  60.65136400  011.91031400 0 WDI
51 12350 Haslemoen Traffic
1200 
1201  60.65567938  011.90959552 both 0 _stop
1201  60.65586671  011.90947797 both 1 _stop
1201  60.65603181  011.90924192 both 2 _stop
1201  60.65597319  011.90883384 both 3 _stop
1201  60.65122841  011.91196112 both 4 _stop
1201  60.65136435  011.91187999 both 5 _stop
1201  60.65573103  011.90898302 both 6 _start
1201  60.65135971  011.91159013 both 7 _start
1201  60.65118958  011.91169132 both 8 _start
1202 1 0 twoway taxiway_A 
1202 2 1 twoway taxiway_A 
1202 3 2 twoway taxiway_A 
1204 departure 16,34
1204 arrival 16,34
1202 6 3 twoway taxiway_A 
1204 departure 16,34
1204 arrival 16,34
1202 4 8 oneway taxiway_A 
1204 departure 16,34
1204 arrival 16,34
1202 5 4 oneway taxiway_A 
1204 departure 16,34
1204 arrival 16,34
1202 7 5 oneway taxiway_A 
1204 departure 16,34
1204 arrival 16,34
1202 6 7 twoway runway 16/34
1204 departure 16,34
1204 arrival 16,34
1204 ils 16,34
1202 7 8 twoway runway 16/34
1204 departure 16,34
1204 arrival 16,34
1204 ils 16,34
99
