I
1100 Generated by WorldEditor 1.7.21r1

1    495 1 0 EN13 Kongsvinger
1302 city Gjolstad
1302 country Norway
1302 datum_lat 60.265
1302 datum_lon 12.025556
100 15.00 3 0 0.35 0 0 0 16  60.26770300  012.02234200    0    0 0 0 0 0 34  60.26146700  012.02672800    0    0 0 0 0 0
110 3 0.35 160.7700 turn 34
111  60.26161405  012.02649644
112  60.26155493  012.02645236  60.26154697  012.02645082
112  60.26150391  012.02645236  60.26149432  012.02645653
112  60.26147799  012.02647108  60.26147396  012.02647525
112  60.26145940  012.02649565  60.26145547  012.02650246
112  60.26144877  012.02651925  60.26144484  012.02653089
112  60.26144308  012.02656526  60.26144505  012.02657716
113  60.26145224  012.02661894
130 Airport Boundary 11
111  60.26763115  012.02181054
111  60.26759877  012.02213791
111  60.26163796  012.02632481
111  60.26161802  012.02622026
111  60.26135255  012.02641526
111  60.26145842  012.02702800
111  60.26472382  012.02474599
111  60.26477460  012.02503039
111  60.26501683  012.02485162
111  60.26497499  012.02456771
111  60.26810750  012.02237925
113  60.26811663  012.02145276
14  60.26771854  012.02204342  32.81 0 New Tower Viewpoint 8
1300  60.26784974  012.02210868 251.50 misc props Hangar
1301 A none 
19  60.26483100  012.02482500 0 WDI
51 12350 Kongsvinger Traffic
1200 
1201  60.26778135  012.02227931 both 0 _stop
1201  60.26143388  012.02653147 both 1 _stop
1201  60.26155395  012.02644922 both 2 _stop
1201  60.26146700  012.02672800 both 3 _stop
1201  60.26770300  012.02234200 both 4 _start
1201  60.26168171  012.02657580 both 5 _start
1202 4 0 twoway taxiway_A 
1204 departure 16,34
1204 arrival 16,34
1202 1 3 oneway taxiway_A 
1204 departure 16,34
1204 arrival 16,34
1202 2 1 oneway taxiway_A 
1204 departure 16,34
1204 arrival 16,34
1202 5 2 oneway taxiway_A 
1204 departure 16,34
1204 arrival 16,34
1202 4 5 twoway runway 16/34
1204 departure 16,34
1204 arrival 16,34
1204 ils 16,34
1202 5 3 twoway runway 16/34
1204 departure 16,34
1204 arrival 16,34
1204 ils 16,34
99
