I
1100 Generated by WorldEditor 1.7.1r2

1     67 1 0 ENAL Ålesund Vigra
1302 city Ålesund
1302 country Norway
1302 datum_lat 62.5625
1302 datum_lon 6.119722222
1302 faa_code 
1302 iata_code AES
1302 icao_code ENAL
1302 region_code EN
1302 state Møre og Romsdal
1302 transition_alt 7000
1302 transition_level 
100 45.11 1 1 0.00 1 1 0 06  62.55593100  006.08984400  150    0 3 3 0 0 24  62.56481263  006.13055311  231    0 3 5 0 0
110 5 0.00 335.5400 New Taxiway 78
111  62.55689933  006.11169141
111  62.55691663  006.11170684
111  62.55696590  006.11185010
111  62.55694718  006.11190570
111  62.55702749  006.11225101
111  62.55697576  006.11230019
111  62.55700976  006.11243383
111  62.55694718  006.11251508
111  62.55698737  006.11272104
111  62.55694951  006.11272331
111  62.55705274  006.11319738
111  62.55707064  006.11310258
111  62.55699333  006.11275473
111  62.55714225  006.11260818
111  62.55715446  006.11234332
111  62.55726317  006.11216914
112  62.55726317  006.11216914  62.55732284  006.11207350
111  62.55731297  006.11195089
111  62.55725414  006.11187255
111  62.55722507  006.11176030
111  62.55718023  006.11175816
111  62.55710485  006.11170577
113  62.55705122  006.11154110
110 5 0.00 0.0000 New Taxiway 46
111  62.55787031  006.10673897
111  62.55781941  006.10681194
111  62.55769885  006.10694273
112  62.55767126  006.10720877  62.55767126  006.10721098
111  62.55758340  006.10731739
111  62.55742810  006.10752578
111  62.55736373  006.10757899
111  62.55730754  006.10768318
111  62.55721457  006.10792482
111  62.55721559  006.10811104
111  62.55725952  006.10815981
111  62.55738417  006.10808222
111  62.55732082  006.10793147
111  62.55737804  006.10772974
111  62.55752516  006.10751470
111  62.55771111  006.10733070
111  62.55775402  006.10739499
111  62.55780102  006.10768540
111  62.55785108  006.10770092
111  62.55804404  006.10752690
111  62.55801420  006.10741213
111  62.55789553  006.10688828
113  62.55788604  006.10681029
110 1 0.00 64.7000 New Taxiway 50
111  62.56419675  006.12872968
111  62.56415738  006.12990465
111  62.56442456  006.13112848
111  62.56508125  006.13044180
113  62.56462841  006.12836608
110 1 0.00 64.4700 New Taxiway 49
111  62.55573347  006.08987670
111  62.55547240  006.09010808
111  62.55575785  006.09136511
113  62.55621768  006.09206684
110 1 0.00 64.6000 New Taxiway 3
111  62.55840621  006.10918618
111  62.55755108  006.10951816
111  62.55770934  006.11033750
111  62.55742625  006.11074678
111  62.55769244  006.11196788
111  62.55781550  006.11249277
111  62.55805467  006.11224700
111  62.55838608  006.11375210
111  62.55812715  006.11403390
111  62.55892697  006.11759729
111  62.55955469  006.11699698
111  62.56004380  006.11708611
111  62.56036379  006.11673263
111  62.56039519  006.11680993
111  62.56047817  006.11678361
111  62.56128461  006.12054606
112  62.56148272  006.12105333  62.56158446  006.12123738
111  62.56148272  006.12105333
111  62.56173891  006.12055431
112  62.56173891  006.12055431  62.56165593  006.12042635
111  62.56159916  006.12021644
111  62.56071603  006.11618256
112  62.56071698  006.11590117  62.56073213  006.11578009
111  62.56079634  006.11572098
111  62.56112160  006.11539099
112  62.56122542  006.11542293  62.56125886  006.11542884
111  62.56128444  006.11540187
111  62.56106739  006.11439951
112  62.56101801  006.11454021  62.56099947  006.11461423
111  62.56095924  006.11472087
111  62.56065790  006.11504018
112  62.56054987  006.11507212  62.56050083  006.11504909
111  62.56046454  006.11502552
111  62.56037909  006.11465492
112  62.56039133  006.11448487  62.56040308  006.11439565
111  62.56044677  006.11436202
111  62.56080887  006.11397774
112  62.56090586  006.11395515  62.56095310  006.11396529
111  62.56099663  006.11405614
111  62.56075917  006.11296714
112  62.56073537  006.11317037  62.56070760  006.11326055
111  62.56068393  006.11327947
111  62.56019715  006.11378850
112  62.56013872  006.11382673  62.56010672  006.11383054
111  62.56008011  006.11382543
111  62.55999810  006.11371932
111  62.55999105  006.11367330
111  62.55961382  006.11327620
111  62.55953524  006.11289400
111  62.55948499  006.11292695
111  62.55917520  006.11150295
112  62.55913701  006.11111851  62.55913114  006.11101655
111  62.55914876  006.11073618
111  62.55884334  006.11037933
112  62.55878891  006.11056074  62.55875249  006.11062532
113  62.55871001  006.11059731
110 1 0.00 284.6300 New Taxiway 3
111  62.55914876  006.11073618
111  62.55944830  006.10832747
112  62.55954968  006.10812302  62.55963856  006.10807689
111  62.55975334  006.10836795
111  62.55925688  006.10609679
112  62.55926916  006.10670255  62.55927005  006.10682362
111  62.55925742  006.10697656
111  62.55885085  006.11027639
113  62.55884334  006.11037933
110 1 0.00 19.5400 New Taxiway 3
111  62.56148272  006.12105333
112  62.56148272  006.12105333  62.56158446  006.12123738
111  62.56173010  006.12135914
111  62.56277710  006.12220504
111  62.56241188  006.12053052
112  62.56213002  006.12079385  62.56202377  006.12081102
111  62.56191972  006.12074777
112  62.56173891  006.12055431  62.56165593  006.12042635
113  62.56173891  006.12055431
130 Airport Boundary
111  62.55847961  006.11963422
111  62.55941273  006.12349817
111  62.56110370  006.12169269
111  62.56176447  006.12492586
111  62.56262060  006.12383577
111  62.56276113  006.12439984
111  62.56186604  006.12539477
111  62.56293123  006.13035867
111  62.56431968  006.13165099
111  62.56470825  006.13339987
111  62.56536043  006.13324481
111  62.56606565  006.13253964
111  62.56504938  006.12698192
111  62.56420008  006.12299337
111  62.56460778  006.12160769
111  62.56306406  006.11378781
111  62.55952716  006.09753559
111  62.55626527  006.08274108
111  62.55454492  006.08213978
111  62.55416755  006.08519442
111  62.55492437  006.09338746
111  62.55765606  006.10585226
111  62.55720030  006.10783932
111  62.55667145  006.10984503
111  62.55729037  006.11010595
111  62.55647595  006.11097712
111  62.55688529  006.11284799
111  62.55649644  006.11322317
111  62.55683796  006.11474340
111  62.55712602  006.11508363
113  62.55798981  006.12033011
120 Linear Feature 81
111  62.55724465  006.11431219 25
115  62.55728166  006.11427531
120 Linear Feature 81
111  62.55724390  006.11430841 25
115  62.55728090  006.11427153
120 Linear Feature 81
111  62.55724311  006.11430446 25
115  62.55728012  006.11426759
120 Linear Feature 81
111  62.55724235  006.11430067 25
115  62.55727936  006.11426379
120 Linear Feature 81
111  62.55724157  006.11429675 25
115  62.55727858  006.11425987
120 Linear Feature 81
111  62.55724081  006.11429291 25
115  62.55727782  006.11425604
120 Linear Feature 81
111  62.55724004  006.11428904 25
115  62.55727705  006.11425217
120 Linear Feature 81
111  62.55723927  006.11428520 25
115  62.55727628  006.11424832
120 Linear Feature 81
111  62.55723853  006.11428146 25
115  62.55727554  006.11424459
120 Linear Feature 81
111  62.55723783  006.11427797 25
115  62.55727484  006.11424110
120 Linear Feature 81
111  62.55783512  006.11594465 25
115  62.55839119  006.11538003
120 Linear Feature 81
111  62.55783437  006.11594087 25
115  62.55839043  006.11537624
120 Linear Feature 81
111  62.55783358  006.11593692 25
115  62.55838965  006.11537230
120 Linear Feature 81
111  62.55783283  006.11593313 25
115  62.55838889  006.11536850
120 Linear Feature 81
111  62.55783205  006.11592921 25
115  62.55838811  006.11536458
120 Linear Feature 81
111  62.55783128  006.11592537 25
115  62.55838735  006.11536075
120 Linear Feature 81
111  62.55783051  006.11592150 25
115  62.55838658  006.11535688
120 Linear Feature 81
111  62.55782975  006.11591766 25
115  62.55838581  006.11535303
120 Linear Feature 81
111  62.55782900  006.11591393 25
115  62.55838507  006.11534930
120 Linear Feature 81
111  62.55782831  006.11591043 25
115  62.55838437  006.11534581
120 Linear Feature 81
111  62.55770538  006.11513233 25
115  62.55819199  006.11463749
120 Linear Feature 81
111  62.55770463  006.11512855 25
115  62.55819123  006.11463370
120 Linear Feature 81
111  62.55770384  006.11512460 25
115  62.55819045  006.11462976
120 Linear Feature 81
111  62.55770308  006.11512081 25
115  62.55818969  006.11462596
120 Linear Feature 81
111  62.55770230  006.11511689 25
115  62.55818891  006.11462204
120 Linear Feature 81
111  62.55770154  006.11511305 25
115  62.55818815  006.11461821
120 Linear Feature 81
111  62.55770077  006.11510918 25
115  62.55818738  006.11461434
120 Linear Feature 81
111  62.55770000  006.11510534 25
115  62.55818661  006.11461049
120 Linear Feature 81
111  62.55769926  006.11510160 25
115  62.55818586  006.11460676
120 Linear Feature 81
111  62.55769856  006.11509811 25
115  62.55818517  006.11460327
120 Linear Feature 81
111  62.55805302  006.11392526 25
115  62.55800967  006.11372992
120 Linear Feature 81
111  62.55805130  006.11392702 25
115  62.55800796  006.11373167
120 Linear Feature 81
111  62.55804951  006.11392885 25
115  62.55800616  006.11373350
120 Linear Feature 81
111  62.55804778  006.11393061 25
115  62.55800444  006.11373527
120 Linear Feature 81
111  62.55804600  006.11393243 25
115  62.55800266  006.11373709
120 Linear Feature 81
111  62.55804426  006.11393422 25
115  62.55800092  006.11373887
120 Linear Feature 81
111  62.55804251  006.11393601 25
115  62.55799916  006.11374066
120 Linear Feature 81
111  62.55804076  006.11393780 25
115  62.55799741  006.11374245
120 Linear Feature 81
111  62.55803906  006.11393953 25
115  62.55799572  006.11374418
120 Linear Feature 81
111  62.55803748  006.11394115 25
115  62.55799413  006.11374581
120 Linear Feature 81
111  62.55853967  006.11436483 25
115  62.55862519  006.11415303
120 Linear Feature 81
111  62.55853824  006.11436212 25
115  62.55862377  006.11415031
120 Linear Feature 81
111  62.55853675  006.11435929 25
115  62.55862228  006.11414748
120 Linear Feature 81
111  62.55853532  006.11435656 25
115  62.55862084  006.11414475
120 Linear Feature 81
111  62.55853384  006.11435375 25
115  62.55861936  006.11414194
120 Linear Feature 81
111  62.55853239  006.11435099 25
115  62.55861791  006.11413918
120 Linear Feature 81
111  62.55853093  006.11434821 25
115  62.55861645  006.11413641
120 Linear Feature 81
111  62.55852948  006.11434545 25
115  62.55861500  006.11413365
120 Linear Feature 81
111  62.55852806  006.11434277 25
115  62.55861359  006.11413097
120 Linear Feature 81
111  62.55852675  006.11434027 25
115  62.55861227  006.11412846
120 Linear Feature 81
111  62.55854032  006.11442335 25
115  62.55865898  006.11430931
120 Linear Feature 81
111  62.55853955  006.11441958 25
115  62.55865821  006.11430554
120 Linear Feature 81
111  62.55853875  006.11441565 25
115  62.55865741  006.11430161
120 Linear Feature 81
111  62.55853798  006.11441187 25
115  62.55865664  006.11429783
120 Linear Feature 81
111  62.55853718  006.11440797 25
115  62.55865584  006.11429392
120 Linear Feature 81
111  62.55853640  006.11440414 25
115  62.55865506  006.11429010
120 Linear Feature 81
111  62.55853561  006.11440029 25
115  62.55865428  006.11428625
120 Linear Feature 81
111  62.55853483  006.11439646 25
115  62.55865349  006.11428242
120 Linear Feature 81
111  62.55853407  006.11439274 25
115  62.55865273  006.11427870
120 Linear Feature 81
111  62.55853336  006.11438926 25
115  62.55865202  006.11427522
120 Linear Feature 1
111  62.55886531  006.11056847 32
115  62.55907420  006.11073356
120 Linear Feature 1
111  62.55886600  006.11056434 24
115  62.55907489  006.11072943
120 Linear Feature 1
111  62.55886659  006.11056081 24
115  62.55907548  006.11072590
120 Linear Feature 1
111  62.55886731  006.11055653 32
115  62.55907619  006.11072162
120 Linear Feature 1
111  62.56017531  006.11399134 32
115  62.56030624  006.11459408
120 Linear Feature 1
111  62.56017714  006.11398947 24
115  62.56030807  006.11459221
120 Linear Feature 1
111  62.56017871  006.11398788 24
115  62.56030964  006.11459062
120 Linear Feature 1
111  62.56018061  006.11398594 32
115  62.56031154  006.11458868
120 Linear Feature 1
111  62.56042795  006.11514427 32
115  62.56061389  006.11599807
120 Linear Feature 1
111  62.56042978  006.11514241 24
115  62.56061572  006.11599620
120 Linear Feature 1
111  62.56043135  006.11514081 24
115  62.56061729  006.11599461
120 Linear Feature 1
111  62.56043325  006.11513887 32
115  62.56061919  006.11599267
120 Linear Feature 1
111  62.56071108  006.11649725 32
115  62.56050343  006.11671016
120 Linear Feature 1
111  62.56071195  006.11650122 24
115  62.56050429  006.11671413
120 Linear Feature 1
111  62.56071269  006.11650462 24
115  62.56050503  006.11671753
120 Linear Feature 1
111  62.56071359  006.11650874 32
115  62.56050593  006.11672165
120 Linear Feature 98
111  62.55779412  006.11388138 20
111  62.55796355  006.11370323 20
111  62.55799311  006.11366136 20
111  62.55807880  006.11354134 20
111  62.55808846  006.11354475 20
111  62.55806545  006.11361781 20
111  62.55799229  006.11373352 20
115  62.55780759  006.11392509
120 Linear Feature 21
111  62.55794494  006.11408909 20
111  62.55791723  006.11412336 20
111  62.55799734  006.11449188 20
111  62.55802654  006.11446488
111  62.55769899  006.11428019 20
111  62.55768462  006.11420001 20
111  62.55781293  006.11407230 20
112  62.55785844  006.11412428  62.55787897  006.11420713
111  62.55785844  006.11412428 20
111  62.55828036  006.11602279
111  62.55840152  006.11643079 20
111  62.55854520  006.11709408
111  62.55798676  006.11470171 20
111  62.55800950  006.11467666 20
111  62.55789203  006.11414977 20
115  62.55786970  006.11417498
120 Linear Feature 16
111  62.55902083  006.11594252 24
111  62.55892229  006.11548757
112  62.55892229  006.11548757  62.55891202  006.11544124 24
111  62.55887912  006.11534515 24
111  62.55881527  006.11517195 24
111  62.55844411  006.11348077
112  62.55844411  006.11348077  62.55842686  006.11340379 24
111  62.55844184  006.11332779 24
111  62.55844868  006.11328027 24
112  62.55844697  006.11308798  62.55843022  006.11301527
111  62.55844697  006.11308798 24
111  62.55813658  006.11167520 24
111  62.55795334  006.11186941
111  62.55800410  006.11214942 24
111  62.55814545  006.11200703
112  62.55814545  006.11200703  62.55815709  006.11199518 24
111  62.55816422  006.11202869 24
111  62.55840214  006.11311293
112  62.55840214  006.11311293  62.55842924  006.11328293 24
111  62.55836248  006.11335153 24
111  62.55830333  006.11341246
111  62.55832714  006.11352554 24
112  62.55842973  006.11359405  62.55846520  006.11373517
111  62.55842973  006.11359405 24
111  62.55860380  006.11439224 24
111  62.55862467  006.11443382 24
111  62.55873819  006.11494023 24
111  62.55873751  006.11499369 24
111  62.55878301  006.11520158 24
111  62.55887608  006.11546070 24
115  62.55895228  006.11581513
120 Linear Feature 31
111  62.55726774  006.11431390 8
111  62.55960498  006.12502353 3
111  62.55977497  006.12581612
112  62.55977497  006.12581612  62.55987969  006.12630942 3
111  62.55986698  006.12670698 1
111  62.55988443  006.12686291
112  62.55988443  006.12686291  62.55988776  006.12692066 1
111  62.55987040  006.12695943 1
111  62.55986595  006.12690449 1
111  62.55986698  006.12670698
111  62.55980798  006.12584223 22
111  62.55960711  006.12491310
111  62.55920016  006.12334368 21
111  62.55916292  006.12317304
111  62.55851742  006.12020882 21
111  62.55846531  006.11995165
111  62.55815998  006.11822800 21
115  62.55812096  006.11804967
120 Linear Feature 30
112  62.55879087  006.11814009  62.55880770  006.11820741 20
112  62.55883227  006.11811114  62.55882567  006.11807640
111  62.55883227  006.11811114 20
111  62.55878813  006.11790250
112  62.55878813  006.11790250  62.55878021  006.11786555 20
111  62.55876520  006.11784385 20
111  62.55870019  006.11777183
112  62.55870019  006.11777183  62.55869346  006.11776409 20
111  62.55867590  006.11778148 20
111  62.55827791  006.11818844
112  62.55827791  006.11818844  62.55817081  006.11831020 20
111  62.55821481  006.11853541 20
111  62.55960711  006.12491310 20
111  62.55969578  006.12516554 20
111  62.55977137  006.12552964 20
111  62.55980798  006.12584223
112  62.55980798  006.12584223  62.55988446  006.12618815 20
111  62.55989441  006.12663955
112  62.55989441  006.12663955  62.55991904  006.12694748 20
111  62.56004692  006.12688912
111  62.55967233  006.12709377 20
112  62.55983542  006.12663509  62.55983258  006.12624402
111  62.55983542  006.12663509 20
112  62.55973835  006.12576797  62.55963335  006.12528607
111  62.55973835  006.12576797 20
111  62.55922153  006.12340137
112  62.55922153  006.12340137  62.55916388  006.12320357 20
111  62.55906570  006.12330562
111  62.55905095  006.12318937
112  62.55905095  006.12318937  62.55913786  006.12305498 20
111  62.55911022  006.12288680 20
111  62.55854176  006.12026682
112  62.55854176  006.12026682  62.55844026  006.12002412 20
111  62.55834911  006.12013317 20
111  62.55807286  006.12043006
112  62.55807286  006.12043006  62.55805952  006.12044565 20
111  62.55805767  006.12048886
111  62.55797104  006.12054142 20
111  62.55790206  006.12061181
111  62.55831538  006.12004507
112  62.55831538  006.12004507  62.55842961  006.11981568 20
111  62.55840456  006.11965484 20
111  62.55721400  006.11418189 22
115  62.55700757  006.11323390
120 Linear Feature 29
111  62.55704841  006.11320091 22
111  62.55726520  006.11418769
112  62.55726520  006.11418769  62.55731160  006.11440151 20
111  62.55740233  006.11434838 20
111  62.55780705  006.11393283
111  62.55765432  006.11440442 20
111  62.55763543  006.11434116
112  62.55763543  006.11434116  62.55761722  006.11427887 20
111  62.55759766  006.11428949 20
111  62.55743145  006.11445627
112  62.55743145  006.11445627  62.55737329  006.11455031 20
111  62.55738300  006.11472087 20
111  62.55810158  006.11800926
112  62.55810158  006.11800926  62.55813535  006.11814656 20
111  62.55831269  006.11799956 20
111  62.55863102  006.11768735
112  62.55863102  006.11768735  62.55871490  006.11755638 20
111  62.55867658  006.11736602 20
111  62.55863117  006.11716546
111  62.55876833  006.11744787 20
111  62.55858207  006.11658552 20
111  62.55856838  006.11646747
112  62.55856838  006.11646747  62.55856181  006.11639085 20
111  62.55856702  006.11624844 20
111  62.55857033  006.11616657 20
111  62.55819883  006.11447865 20
111  62.55816240  006.11443863 20
111  62.55810287  006.11417012 20
111  62.55810678  006.11416391 20
111  62.55803844  006.11383861
111  62.55802163  006.11420234 20
111  62.55810026  006.11457312 20
115  62.55814491  006.11478061
120 Linear Feature 18
111  62.55830767  006.11380850 24
111  62.55826421  006.11358874 24
111  62.55815404  006.11370233 24
111  62.55819339  006.11388720 24
111  62.55822418  006.11372386 24
115  62.55828016  006.11366937
120 Linear Feature 17
111  62.55832974  006.11278297 24
111  62.55820080  006.11291058
111  62.55825829  006.11317044 24
111  62.55838480  006.11303391
111  62.55827371  006.11327184 24
115  62.55833869  006.11358033
120 Linear Feature 14
111  62.55936679  006.11662392 10
111  62.55934351  006.11651254
111  62.55936940  006.11655895 10
111  62.55934612  006.11645015
111  62.55919641  006.11576464 10
111  62.55917184  006.11565646
111  62.55902125  006.11496179 10
111  62.55899848  006.11485474
111  62.55884736  006.11414563 10
111  62.55882281  006.11403435
111  62.55867066  006.11333828 10
111  62.55864558  006.11323086
111  62.55849504  006.11252986 10
111  62.55847033  006.11242159
111  62.55830478  006.11165642 10
115  62.55828107  006.11154814
120 Linear Feature 13
111  62.55812993  006.11116651 30
111  62.55938372  006.11691033
112  62.55938372  006.11691033  62.55947771  006.11704335
111  62.55962761  006.11664109 30
111  62.55955222  006.11672128 30
111  62.55939111  006.11660153 30
111  62.55933008  006.11666460
111  62.55926071  006.11634683 30
111  62.55931424  006.11629361 30
111  62.55937288  006.11593650 30
111  62.55922013  006.11581462 30
111  62.55915835  006.11587790
111  62.55908475  006.11554069 30
111  62.55914524  006.11547997 30
111  62.55919599  006.11514318 30
111  62.55904572  006.11499885 30
111  62.55898144  006.11506744
111  62.55891073  006.11474351 30
111  62.55898193  006.11466775 30
111  62.55903873  006.11431358 30
111  62.55887408  006.11418956 30
111  62.55880390  006.11425409
111  62.55873089  006.11391958 30
111  62.55880293  006.11385340 30
111  62.55885799  006.11350329 30
111  62.55870071  006.11338495 30
111  62.55862922  006.11345385
111  62.55855464  006.11311219 30
111  62.55861931  006.11305185 30
111  62.55867525  006.11271019 30
111  62.55851511  006.11259080 30
111  62.55845442  006.11265306
111  62.55837939  006.11230932 30
111  62.55844040  006.11224685 30
111  62.55850018  006.11190303 30
111  62.55833953  006.11178152 30
111  62.55827821  006.11184581
111  62.55818952  006.11143950 30
111  62.55825450  006.11137304 30
115  62.55831173  006.11101057
120 Linear Feature 11
111  62.55905423  006.10907121 4 103
111  62.55926637  006.10918555
111  62.56028772  006.11386130 4 103
111  62.56037933  006.11428769
111  62.56058299  006.11522595 4 103
111  62.56068912  006.11570256
111  62.56180095  006.12079533 4 103
115  62.56169932  006.12121421
120 Linear Feature 10
111  62.55963574  006.11621377 10
111  62.55967777  006.11617089
111  62.55972232  006.11612541 10
111  62.55994263  006.11590060
111  62.55993122  006.11584863 10
111  62.55978046  006.11600343
111  62.55973398  006.11605057 10
111  62.55963784  006.11614898
111  62.55946638  006.11535837 10
111  62.55955891  006.11526506
111  62.55960544  006.11521815 10
111  62.55975992  006.11506235
111  62.55929212  006.11455099 10
111  62.55938503  006.11445564
111  62.55943140  006.11440802 10
111  62.55958272  006.11425270
111  62.55911681  006.11373418 10
111  62.55920733  006.11364216
111  62.55925378  006.11359494 10
111  62.55940740  006.11343877
111  62.55894057  006.11293489 10
111  62.55903383  006.11283971
111  62.55908025  006.11279232 10
111  62.55923306  006.11263636
111  62.55876200  006.11212921 10
111  62.55885896  006.11202852
111  62.55890523  006.11198043 10
111  62.55905686  006.11182300
111  62.55823201  006.11159736 10
111  62.55849287  006.11133563 10
112  62.55852777  006.11132405  62.55854659  006.11133024
111  62.55852777  006.11132405 10
111  62.55871434  006.11134361
111  62.55876560  006.11134917 10
111  62.55895274  006.11136874
111  62.55900971  006.11160146
112  62.55900971  006.11160146  62.55882381  006.11073678 10
111  62.55856509  006.11069304 10
115  62.55813491  006.11067082
120 Linear Feature 9
111  62.56077851  006.11360494 10
111  62.56033155  006.11405597
111  62.56027911  006.11410888 11
111  62.56020063  006.11418808 10
111  62.55991166  006.11447968
112  62.55991166  006.11447968  62.55967484  006.11460443 10
111  62.55957521  006.11421030
111  62.55978806  006.11519225 10
112  62.55991166  006.11447968  62.56009471  006.11420993
111  62.55991166  006.11447968
112  62.55991166  006.11447968  62.56011259  006.11442240 10
111  62.56022288  006.11479010
112  62.56022288  006.11479010  62.56019792  006.11456303 10
112  62.56024750  006.11427293  62.56027823  006.11415226
111  62.56024750  006.11427293
112  62.56024750  006.11427293  62.56025989  006.11422429 11
112  62.56028835  006.11415021  62.56030250  006.11411684
111  62.56028835  006.11415021
111  62.56033155  006.11406616
112  62.56033155  006.11406616  62.56034764  006.11404052 10
111  62.56035872  006.11402855
111  62.56020063  006.11418808
112  62.56020063  006.11418808  62.56009569  006.11425330 10
111  62.56001893  006.11415010
111  62.56029705  006.11513056 10
112  62.56048095  006.11545369  62.56060540  006.11553062
111  62.56048095  006.11545369
112  62.56048095  006.11545369  62.56051030  006.11547183 11
112  62.56057989  006.11547443  62.56061654  006.11546830
111  62.56057989  006.11547443
111  62.56066797  006.11543373
111  62.56059843  006.11555956
112  62.56059843  006.11555956  62.56057525  006.11561298 11
112  62.56054580  006.11572230  62.56053340  006.11577656
111  62.56054580  006.11572230
112  62.56054580  006.11572230  62.56049095  006.11596236 10
111  62.56052723  006.11618706
112  62.56052723  006.11618706  62.56040957  006.11582652 10
115  62.56022191  006.11588960
120 Linear Feature 8
111  62.56309253  006.12272116 10
111  62.56289282  006.12180549
112  62.56289282  006.12180549  62.56276936  006.12125887 10
111  62.56249234  006.12148402 10
112  62.56263461  006.12062164  62.56252529  006.12001411
111  62.56263461  006.12062164 10
111  62.56241781  006.11962759
111  62.56249234  006.12148402 10
112  62.56235663  006.12149134  62.56228568  006.12144109
111  62.56235663  006.12149134 10
111  62.56174905  006.12101412
111  62.56169483  006.12095595
112  62.56169483  006.12095595  62.56167363  006.12092971 11
112  62.56161983  006.12084704  62.56159195  006.12080021
111  62.56161983  006.12084704
112  62.56161983  006.12084704  62.56155821  006.12074353 10
112  62.56143634  006.12035989  62.56138561  006.12013354
111  62.56143634  006.12035989 10
111  62.56018627  006.11462206
112  62.56018627  006.11462206  62.56009687  006.11422175 10
111  62.56001893  006.11415010 10
111  62.55951979  006.11365955 10
112  62.55940000  006.11340198  62.55936026  006.11322646
111  62.55940000  006.11340198 10
111  62.55900971  006.11160146 10
112  62.55896688  006.11073177  62.55901347  006.11033537
111  62.55896688  006.11073177 10
111  62.55912611  006.10943410 11
111  62.55914882  006.10924911
111  62.55916528  006.10911490 10
111  62.55948510  006.10649389
112  62.55948510  006.10649389  62.55950922  006.10626603 10
111  62.55945808  006.10605731 10
111  62.55936261  006.10561957
111  62.55930033  006.10800822
112  62.55930033  006.10800822  62.55932495  006.10781331 10
112  62.55953946  006.10756976  62.55965534  006.10752623
111  62.55953946  006.10756976
112  62.55953946  006.10756976  62.55966573  006.10752232 10
112  62.55986327  006.10791510  62.55992177  006.10817334
111  62.55986327  006.10791510 10
111  62.56007144  006.10886955
111  62.56081462  006.11227700 10
111  62.56091143  006.11272090
112  62.56091143  006.11272090  62.56103199  006.11331731 10
111  62.56077851  006.11360494 10
112  62.56117048  006.11390861  62.56130840  006.11442225
111  62.56117048  006.11390861 10
111  62.56121351  006.11410594
112  62.56121351  006.11410594  62.56133952  006.11466762 10
111  62.56109456  006.11499775 10
112  62.56147851  006.11532093  62.56161337  006.11585084
111  62.56147851  006.11532093 10
111  62.56164469  006.11608285
111  62.56109333  006.11499900 10
111  62.56064225  006.11546106
111  62.56058799  006.11551546 11
111  62.56050545  006.11559982 10
111  62.56022006  006.11589149
112  62.56022006  006.11589149  62.56018353  006.11592731 10
112  62.56004237  006.11589177  62.55997433  006.11584733
111  62.56004237  006.11589177
112  62.56004237  006.11589177  62.55997294  006.11584642 10
112  62.55988217  006.11562642  62.55985566  006.11550667
111  62.55988217  006.11562642 10
115  62.55940000  006.11340198
120 Linear Feature 7
111  62.56415084  006.12757351 10
111  62.56450949  006.12921789 10
112  62.56461166  006.12947659  62.56466700  006.12955050
111  62.56461166  006.12947659 10
111  62.56470460  006.12961825 10
112  62.56480464  006.12988927  62.56483586  006.13007406 10
112  62.56465990  006.13050369  62.56452504  006.13058573
111  62.56465990  006.13050369
112  62.56465990  006.13050369  62.56452192  006.13059436 10
112  62.56437043  006.12994163  62.56439614  006.12950443
111  62.56437043  006.12994163 10
111  62.56440803  006.12896535
112  62.56440803  006.12896535  62.56441512  006.12881752 10
115  62.56438836  006.12866252
120 Linear Feature 6
111  62.55656742  006.09280371 10
111  62.55619905  006.09111475 10
111  62.55618368  006.09085176 10
111  62.55619491  006.09055542 10
112  62.55616535  006.09027062  62.55612789  006.09010067 10
112  62.55587918  006.09005808  62.55575147  006.09017816
111  62.55587918  006.09005808
112  62.55587918  006.09005808  62.55568591  006.09027422 10
112  62.55583706  006.09089646  62.55594689  006.09105902
111  62.55583706  006.09089646 10
111  62.55626446  006.09153783
112  62.55626446  006.09153783  62.55630141  006.09159306 10
115  62.55632516  006.09169297
120 Linear Feature 5
111  62.56000761  006.11627270 3
112  62.56005870  006.11626347  62.56009154  006.11627416
111  62.56005870  006.11626347
112  62.56005870  006.11626347  62.56026881  006.11634748 3
112  62.56052565  006.11677531  62.56059815  006.11693679
111  62.56052565  006.11677531
112  62.56052565  006.11677531  62.56054209  006.11681193 3
112  62.56055671  006.11686564  62.56056065  006.11688813
111  62.56055671  006.11686564 3 102
111  62.56129215  006.12027656
112  62.56129215  006.12027656  62.56144824  006.12099063 3 102
111  62.56170229  006.12121748 3 102
111  62.56271501  006.12204403 3 102
115  62.56277121  006.12215859
120 Linear Feature 4
111  62.56248010  006.12080334 3 102
112  62.56240206  006.12103123  62.56230803  006.12112835
111  62.56240206  006.12103123 3 102
111  62.56233163  006.12109698 3 102
112  62.56220873  006.12111915  62.56217552  006.12109687
111  62.56220873  006.12111915 3 102
111  62.56180103  006.12079596 3 102
112  62.56153664  006.12026408  62.56146633  006.11995893
111  62.56153664  006.12026408 3 102
111  62.56065103  006.11620542 3 102
112  62.56074185  006.11563574  62.56092269  006.11544950
111  62.56074185  006.11563574 3 102
111  62.56111542  006.11524946 3 102
116  62.56127801  006.11530206  62.56133335  006.11542524
120 Linear Feature 3
111  62.56111497  006.11453476 3 102
112  62.56103712  006.11479458  62.56095090  006.11489616
111  62.56103712  006.11479458 3 102
111  62.56065220  006.11518909
112  62.56065220  006.11518909  62.56045922  006.11532458 3 102
111  62.56039191  006.11500841 3 102
111  62.56033189  006.11474935 3 102
112  62.56041679  006.11423554  62.56056934  006.11406361
111  62.56041679  006.11423554 3 102
111  62.56083132  006.11381324
112  62.56083132  006.11381324  62.56090129  006.11374908 3 102
115  62.56095056  006.11385173
120 Linear Feature 2
111  62.56080696  006.11313484 3 102
112  62.56072763  006.11340963  62.56062972  006.11350817
111  62.56072763  006.11340963 3 102
111  62.56019086  006.11396116 3 102
112  62.56006435  006.11394898  62.55999766  006.11387662
111  62.56006435  006.11394898 3 102
111  62.55960203  006.11349471 3 102
112  62.55948870  006.11327767  62.55945975  006.11312986
111  62.55948870  006.11327767 3 102
111  62.55910470  006.11151052 3 102
112  62.55907892  006.11072989  62.55912228  006.11038662
111  62.55907892  006.11072989 3 102
111  62.55938309  006.10823459
112  62.55938309  006.10823459  62.55941573  006.10808991 3 102
112  62.55949283  006.10796069  62.55953125  006.10791497
111  62.55949283  006.10796069
112  62.55949283  006.10796069  62.55958592  006.10784991 3 102
115  62.55967740  006.10796095
120 Linear Feature 1
111  62.55935548  006.10649644 3 102
111  62.55932033  006.10692179 3 102
111  62.55888759  006.11044143
112  62.55888759  006.11044143  62.55887035  006.11057597 3 102
111  62.55881270  006.11069050 3 102
111  62.55871224  006.11060182 3
111  62.55840621  006.10918618 3
111  62.55755108  006.10951816 3
115  62.55770934  006.11033750
21  62.55727846  006.09823564 3 64.6000 3.00 07  PAPI-4R
21  62.55809271  006.09739631 2 64.6000 3.00 07  PAPI-4L
21  62.56328988  006.12131904 3 244.6000 3.00 25  PAPI-4R
21  62.56250681  006.12212731 2 244.6000 3.00 25  PAPI-4L
21  62.55903477  006.10905263 6 284.0000 3.00 New WIG-WAG
21  62.55930560  006.10919955 6 284.0000 3.00 New WIG-WAG
21  62.56040063  006.11434965 6 334.0000 3.00 New WIG-WAG
21  62.56028315  006.11378281 6 334.0000 3.00 New WIG-WAG
21  62.56168951  006.12125132 6 25.2900 3.00 New WIG-WAG
21  62.56181861  006.12070320 6 27.4700 3.00 New WIG-WAG
20  62.55796288  006.11185650 153.9500 0 3 {@L}10
20  62.55817450  006.11270102 155.3300 0 3 {@L}11
20  62.55851091  006.11337895 154.7000 0 3 {@L}12
20  62.55866967  006.11417699 156.1000 0 3 {@L}13
20  62.55884688  006.11497735 155.7000 0 3 {@L}14
20  62.55903109  006.11578329 154.9300 0 3 {@L}15
20  62.55920617  006.11658131 153.4400 0 3 {@L}16
20  62.56186521  006.12052627 27.3900 0 3 {@L}A{@R}06-24{@@,@L}A
20  62.56164100  006.12146492 27.3900 0 3 {@L}A{@R}06-24{@@,@L}A
20  62.56051942  006.11494677 334.0000 0 3 {@L}B{@R}06-24{@@,@L}B
20  62.56075543  006.11598438 334.0000 0 3 {@L}B{@R}06-24{@@,@L}B
20  62.56044977  006.11456396 334.0000 0 3 {@L}C{@R}06-24{@@,@L}C
20  62.55940944  006.10926204 283.7900 0 3 {@L}D{@R}06-24{@@,@L}D{@Y}APRON{^u}
20  62.56022614  006.11359125 334.0000 0 3 {@R}06-24{@L}C{@@}C
20  62.55892720  006.10900308 283.8400 0 3 {@R}06-24{@L}D{@@}D{@Y,^u}APRON
20  62.56131350  006.11619391 244.6000 0 3 {@Y,^l}B
20  62.56091096  006.11433773 244.6000 0 3 {@Y,^l}C{@@}B{^r}
20  62.55974749  006.10902102 244.6000 0 3 {@Y,^ld}D
20  62.56285060  006.12324673 244.6000 0 3 {@Y,^lu}A
20  62.56007474  006.11371901 25.7400 0 3 {@Y,^lu}C|A{^ru}
20  62.56082447  006.11877979 244.6500 0 3 {@Y,^u}APRON{@L}A
20  62.56213467  006.11995173 64.6000 0 3 {@Y}A{^rd}
20  62.56047728  006.11235157 64.6000 0 3 {@Y}C{^r}
20  62.55895116  006.10533684 64.4600 0 3 {@Y}D{^ru}
14  62.55820883  006.11436445 101.71 0 ATC Tower
1300  62.55786359  006.11010529  70.20 tie_down props H
1301 A none 
1300  62.55804438  006.11031474  71.13 tie_down jets|turboprops|props|helos GA 1
1301 A general_aviation 
1300  62.55844888  006.11014115 100.51 tie_down jets|turboprops|props GA 4
1301 A general_aviation 
1300  62.55825174  006.11012838  68.85 tie_down jets|turboprops|props GA 3
1301 A general_aviation 
1300  62.55813698  006.11024011  68.85 tie_down jets|turboprops|props GA 2
1301 A general_aviation 
1300  62.55828261  006.11154848 154.80 gate jets|turboprops Stand 10
1301 C airline 
1300  62.55847171  006.11242119 154.80 gate jets|turboprops Stand 11
1301 C airline adr aee axy eve klm swn wzz
1300  62.55864522  006.11323103 154.80 gate jets|turboprops Stand 12
1301 C airline wif nax sas
1300  62.55882275  006.11403499 154.80 gate jets|turboprops Stand 13
1301 C airline wif nax sas
1300  62.55899702  006.11485601 154.80 gate jets|turboprops Stand 14
1301 C airline wif nax sas
1300  62.55917213  006.11565551 154.80 gate jets|turboprops Stand 15
1301 C airline adr aee axy eve klm swn wzz
1300  62.55934654  006.11644871 154.80 gate jets|turboprops Stand 16
1301 C airline adr aee axy eve klm swn wzz
19  62.55708753  006.09854939 1 New Windsock 2
19  62.56222752  006.12239064 1 New Windsock 2
19  62.55993869  006.11199138 1 New Windsock 2
50 12865 ATIS
54 11810 TWR
55 12932 APP
1200 
1201  62.55944121  006.11799977 both 0 _stop
1201  62.55891521  006.11123264 both 1 _stop
1201  62.55876809  006.11088457 both 2 _stop
1201  62.55860560  006.11069475 both 3 _stop
1201  62.55808662  006.11066731 both 4 _start
1201  62.56019132  006.11592145 both 5 _stop
1201  62.55993858  006.11588717 both 6 _stop
1201  62.55905561  006.11739863 both 7 F_stop
1201  62.55925992  006.11718050 both 8 F_stop
1201  62.55782065  006.11216239 both 9 F_stop
1201  62.55761357  006.11256223 both 10 F_stop
1201  62.55757333  006.11284239 both 11 F_stop
1201  62.55747415  006.11292196 both 12 F_stop
1201  62.55732657  006.11288113 both 13 F_stop
1201  62.55726015  006.11255391 both 14 F_stop
1201  62.55729961  006.11228244 both 15 F_stop
1201  62.55744089  006.11213210 both 16 F_stop
1201  62.55763016  006.11218637 both 17 F_stop
1201  62.55938197  006.11397230 both 18 G_stop
1201  62.55991402  006.11651196 both 19 G_stop
1201  62.55954643  006.11476123 both 20 G_stop
1201  62.55960367  006.11685043 both 21 G_stop
1201  62.55897872  006.11583139 both 22 G_stop
1201  62.55900175  006.11600673 both 23 G_stop
1201  62.55868453  006.11464434 both 24 G_stop
1201  62.55880268  006.11519494 both 25 G_stop
1201  62.55890341  006.11548344 both 26 G_stop
1201  62.55837644  006.11096012 both 27 G_stop
1201  62.55877595  006.11109132 both 28 G_stop
1201  62.55920605  006.11314117 both 29 G_stop
1201  62.55801965  006.11127032 both 30 G_stop
1201  62.55814133  006.11182784 both 31 G_stop
1201  62.55839995  006.11337443 both 32 G_start
1201  62.55843150  006.11314137 both 33 G_start
1201  62.56476169  006.13032553 both 34 C_stop
1201  62.56277192  006.12120068 both 35 C_stop
1201  62.56136529  006.11473654 both 36 C_stop
1201  62.56105595  006.11331372 both 37 C_stop
1201  62.55968311  006.10703886 both 38 C_stop
1201  62.55603998  006.09033830 both 39 C_start
1201  62.56156839  006.12078214 both 40 A_stop
1201  62.56143600  006.12035678 both 41 A_stop
1201  62.56010594  006.11429527 both 42 unnamed entity(split)
1201  62.56003239  006.11416143 both 43 A_stop
1201  62.55944187  006.11358611 both 44 A_stop
1201  62.55899985  006.11154901 both 45 A_stop
1201  62.55905751  006.11182415 both 46 
1201  62.55923448  006.11263517 both 47 unnamed entity(split)
1201  62.55895425  006.11108281 both 48 A_stop
1201  62.55896483  006.11072885 both 49 A_start
1201  62.56243113  006.12154985 both 50 A_stop
1201  62.56174657  006.12101496 both 51 A_start
1201  62.56041801  006.11569174 both 52 B_stop
1201  62.56063386  006.11546870 both 53 B_start
1201  62.56034276  006.11406648 both 54 C_start
1201  62.55917236  006.10913153 both 55 D_start
1201  62.55937722  006.10735529 both 56 D_stop
1201  62.55905907  006.11526731 both 57 _stop
1201  62.55887430  006.11446256 both 58 _stop
1201  62.55869323  006.11368949 both 59 _stop
1202 1 45 twoway taxiway_A 
1202 2 1 twoway taxiway_A 
1202 3 2 twoway taxiway_A 
1202 4 3 twoway taxiway_A 
1202 5 52 twoway taxiway_C 
1202 6 5 twoway taxiway_C 
1202 44 6 twoway taxiway_C 
1202 35 34 twoway runway 06/24
1204 departure 06,24
1204 arrival 06,24
1204 ils 06,24
1202 36 35 twoway runway 06/24
1204 departure 06,24
1204 arrival 06,24
1204 ils 06,24
1202 37 36 twoway runway 06/24
1204 departure 06,24
1204 arrival 06,24
1204 ils 06,24
1202 38 37 twoway runway 06/24
1204 departure 06,24
1204 arrival 06,24
1204 ils 06,24
1202 39 38 twoway runway 06/24
1204 departure 06,24
1204 arrival 06,24
1204 ils 06,24
1202 40 51 twoway taxiway_C A
1202 41 40 twoway taxiway_C A
1202 52 41 twoway taxiway_C A
1202 42 52 twoway taxiway_C 
1202 43 42 twoway taxiway_C A
1202 44 43 twoway taxiway_C 
1202 45 46 twoway taxiway_C A
1202 46 47 twoway taxiway_C 
1202 47 44 twoway taxiway_C 
1202 48 45 twoway taxiway_C 
1202 49 48 twoway taxiway_C 
1202 50 35 twoway taxiway_C A
1204 departure 06,24
1204 arrival 06,24
1202 51 50 twoway taxiway_C A
1204 departure 06,24
1204 arrival 06,24
1202 53 52 twoway taxiway_C B
1202 53 36 twoway taxiway_C B
1204 departure 06,24
1204 arrival 06,24
1202 54 42 twoway taxiway_C C
1202 54 37 twoway taxiway_C C
1204 departure 06,24
1204 arrival 06,24
1202 55 49 twoway taxiway_C D
1202 56 38 twoway taxiway_C D
1204 departure 06,24
1204 arrival 06,24
1202 55 56 twoway taxiway_C D
1204 departure 06,24
1204 arrival 06,24
1206 32 24 oneway  
1206 33 32 oneway  
1206 31 33 oneway  
1206 25 24 oneway  
1206 26 25 oneway  
1206 22 26 oneway  
1206 8 0 twoway  
1206 57 20 oneway  
1206 20 57 oneway  
1206 58 18 oneway  
1206 18 58 oneway  
1206 59 29 oneway  
1206 29 59 oneway  
1206 8 7 twoway  F
1206 10 9 oneway  F
1206 11 10 oneway  F
1206 12 11 oneway  F
1206 13 12 oneway  F
1206 14 13 oneway  F
1206 15 14 oneway  F
1206 16 15 oneway  F
1206 17 16 oneway  F
1206 9 17 oneway  F
1206 31 9 twoway  F
1206 19 20 twoway  G
1206 20 18 twoway  G
1206 21 19 twoway  G
1206 8 21 twoway  G
1206 22 23 twoway  G
1206 23 8 twoway  G
1206 24 25 oneway  G
1206 25 26 oneway  G
1206 26 22 oneway  G
1206 24 32 oneway  G
1206 27 28 twoway  G
1206 28 29 twoway  G
1206 29 18 twoway  G
1206 30 27 twoway  G
1206 31 30 twoway  G
1206 32 33 oneway  G
1206 33 31 oneway  G
1400  62.55909611  6.11756416  331.97 crew_car 0 New Service Truck 17
1400  62.55908474  6.11751032  331.16 crew_car 0 New Service Truck 16
1400  62.55883899  6.11459583  247.83 baggage_train 3 New Service Truck 134
1400  62.55881415  6.11462354  247.26 baggage_train 3 New Service Truck 133
1400  62.55922433  6.11626284  339.60 baggage_train 3 New Service Truck 132
1400  62.55921310  6.11620896  338.96 baggage_train 3 New Service Truck 131
1400  62.55910203  6.11580478  336.83 gpu 0 New Service Truck 130
1400  62.55880327  6.11445822  340.22 gpu 0 New Service Truck 129
1400  62.55866509  6.11381719  335.11 gpu 0 New Service Truck 128
1400  62.55889737  6.11495623  335.43 pushback 0 New Service Truck 127
1400  62.55906829  6.11575851  335.43 pushback 0 New Service Truck 127
1400  62.55927969  6.11782276  334.43 food 0 New Service Truck 126
1400  62.55929448  6.11788562  334.43 food 0 New Service Truck 126
1400  62.55930926  6.11794849  334.43 food 0 New Service Truck 126
1400  62.55932699  6.11802419  334.43 food 0 New Service Truck 126
1400  62.55915047  6.11747793  340.49 baggage_loader 0 New Service Truck 125
1400  62.55916088  6.11615118  336.64 baggage_loader 0 New Service Truck 124
1400  62.55901526  6.11550333  333.54 baggage_loader 0 New Service Truck 123
1400  62.55876410  6.11442870  336.07 baggage_loader 0 New Service Truck 122
1400  62.55862115  6.11375470  337.78 baggage_loader 0 New Service Truck 121
1400  62.55779057  6.11267948  156.72 fuel_props 0 New Service Truck 120
1400  62.55777993  6.11257633  156.92 fuel_props 0 New Service Truck 119
1400  62.55764547  6.11306210  247.64 fuel_jets 0 New Service Truck 118
1400  62.55760885  6.11310089  247.64 fuel_jets 0 New Service Truck 118
1400  62.55717837  6.11276071  341.20 fuel_liners 0 New Service Truck 117
1400  62.55716702  6.11269144  341.20 fuel_liners 0 New Service Truck 117
1401  62.55754456  6.11238669  60.40 crew_car New Service Truck Destination 3
99
