I
1100 Generated by WorldEditor 1.7.1r2

1      7 1 0 ENAT Alta
1302 city Alta
1302 country Norway
1302 datum_lat 69.976111111
1302 datum_lon 23.371666667
1302 faa_code 
1302 iata_code ALF
1302 icao_code ENAT
1302 region_code EN
1302 state Finnmark
1302 transition_alt 7000
1302 transition_level 
100 45.00 1 1 0.15 1 0 0 11  69.98274718  023.33963329  275    0 3 10 0 0 29  69.97228234  023.39001608  213    0 3 10 0 0
110 1 0.00 64.1400 New Taxiway 61
111  69.97751595  023.36370531
111  69.97743613  023.36357685
112  69.97716407  023.36383853  69.97701745  023.36347773
111  69.97716407  023.36383853
111  69.97698161  023.36295835
112  69.97707701  023.35935716  69.97748364  023.35740463
111  69.97707701  023.35935716
111  69.97653480  023.36078894
112  69.97653480  023.36078894  69.97646128  023.36210982
111  69.97665398  023.36327486
111  69.97698331  023.36508605
112  69.97698331  023.36508605  69.97703082  023.36538738
111  69.97699112  023.36566839
113  69.97704977  023.36596527
110 1 0.00 298.8800 New Taxiway 61
111  69.97707701  023.35935716
112  69.97707701  023.35935716  69.97718453  023.35890042
111  69.97740772  023.35904315
111  69.97756248  023.35931910
111  69.97798795  023.35880366
111  69.97827644  023.35932572
112  69.97829228  023.35964292  69.97825928  023.35984393
111  69.97829228  023.35964292
111  69.97832958  023.35980051
111  69.97858736  023.35855943
111  69.97852307  023.35843029
112  69.97843030  023.35856906  69.97838222  023.35851399
111  69.97843030  023.35856906
111  69.97822371  023.35823758
112  69.97819732  023.35782180  69.97822953  023.35764053
111  69.97819732  023.35782180
111  69.97901092  023.35377711
111  69.97907617  023.35274000
112  69.97895484  023.35214099  69.97895258  023.35174448
111  69.97895484  023.35214099
112  69.97895484  023.35214099  69.97888470  023.35180396
111  69.97881225  023.35082247
111  69.97889697  023.35028480
111  69.97953036  023.34719590
111  69.98003014  023.34493841
111  69.97962976  023.34295030
112  69.97962976  023.34295030  69.97956848  023.34345148
111  69.97942613  023.34404903
111  69.97887704  023.34311618
111  69.97846342  023.34520103
111  69.97841704  023.34520764
111  69.97815717  023.34467245
111  69.97736957  023.34841051
111  69.97734803  023.34839357
111  69.97683713  023.35075546
111  69.97726423  023.35144854
111  69.97752353  023.35026701
111  69.97811300  023.35134143
111  69.97803721  023.35176773
111  69.97834243  023.35232871
111  69.97769313  023.35535225
111  69.97650590  023.35313536
111  69.97642449  023.35349260
111  69.97623335  023.35445433
111  69.97642712  023.35506185
111  69.97598534  023.35719272
111  69.97605986  023.35732470
111  69.97601520  023.35757358
111  69.97655363  023.35848682
111  69.97660113  023.35828343
111  69.97672667  023.35850579
111  69.97635560  023.36029131
111  69.97649272  023.36052727
112  69.97653480  023.36078894  69.97652462  023.36091779
113  69.97653480  023.36078894
110 1 0.00 30.6100 New Taxiway 61
111  69.97901092  023.35377711
111  69.97919826  023.35413397
112  69.97919826  023.35413397  69.97931393  023.35443850
111  69.97925402  023.35491771
111  69.97930547  023.35506381
111  69.97975347  023.35295978
111  69.97969951  023.35288057
112  69.97937103  023.35324915  69.97918369  023.35304455
111  69.97937103  023.35324915
113  69.97907617  023.35274000
110 1 0.00 298.8800 New Taxiway 61
111  69.97953036  023.34719590
112  69.97953036  023.34719590  69.97962539  023.34679275
112  69.97989242  023.34685255  69.98005985  023.34713342
111  69.97989242  023.34685255
111  69.98047726  023.34792314
112  69.98047726  023.34792314  69.98064017  023.34830646
111  69.98055796  023.34878343
111  69.98059190  023.34887981
111  69.98101714  023.34684641
111  69.98094832  023.34675002
112  69.98060647  023.34692407  69.98035871  023.34658039
111  69.98060647  023.34692407
111  69.98016097  023.34614885
112  69.98003014  023.34493841  69.98010247  023.34450445
113  69.98003014  023.34493841
110 1 0.00 319.2100 New Taxiway 61
111  69.98003014  023.34493841
112  69.98003014  023.34493841  69.98013961  023.34429318
111  69.98181411  023.34004798
111  69.98168080  023.33902352
111  69.98062872  023.34184991
112  69.98052577  023.34187634  69.98046920  023.34176729
111  69.98052577  023.34187634
111  69.98043526  023.34170121
112  69.98043526  023.34170121  69.98028570  023.34137803
111  69.98009021  023.34172104
112  69.97994993  023.34163182  69.97989729  023.34145282
111  69.97994993  023.34163182
111  69.97981530  023.34117910
111  69.97949853  023.34198210
111  69.97963542  023.34256479
112  69.97962976  023.34295030  69.97959582  023.34312654
113  69.97962976  023.34295030
110 1 0.00 34.6800 New Taxiway 61
111  69.98181411  023.34004798
112  69.98228526  023.33979984  69.98251944  023.34029226
111  69.98228526  023.33979984
112  69.98228526  023.33979984  69.98234861  023.33993203
111  69.98232056  023.34016469
111  69.98236642  023.34033000
111  69.98257556  023.33933429
111  69.98291515  023.33993257
111  69.98291854  023.33970453
111  69.98233025  023.33866349
112  69.98233025  023.33866349  69.98200104  023.33799262
113  69.98168080  023.33902352
130 Airport Boundary 1
111  69.98055109  023.34095388
111  69.97856989  023.33764517
111  69.97816145  023.33988990
111  69.97655254  023.34715365
111  69.97652508  023.34943317
111  69.97586624  023.35384748
111  69.97574685  023.35730738
111  69.97571198  023.36102342
111  69.97636869  023.36221654
111  69.97533818  023.36899891
111  69.97288071  023.38068856
111  69.97125737  023.38981129
111  69.97158056  023.39179242
111  69.97236741  023.39412011
111  69.97327211  023.39027976
111  69.97359293  023.39057950
111  69.97432440  023.38983016
111  69.97526119  023.38503440
111  69.97454897  023.38366682
111  69.97549217  023.37918929
111  69.97731442  023.37710955
111  69.97808648  023.37560146
111  69.98165353  023.37594333
111  69.98156754  023.36725796
111  69.98100253  023.36413574
111  69.97991152  023.36060409
111  69.98117707  023.35334966
111  69.98323031  023.34544117
111  69.98351263  023.33936887
113  69.98151549  023.33672246
120 Linear Feature 11
111  69.97667612  023.35844767 32
111  69.97707069  023.35914448 32
111  69.97754799  023.35687474 32
111  69.97803780  023.35780132 32
111  69.97869111  023.35456662 32
111  69.97826603  023.35054061 32
115  69.97963565  023.34394463
120 Linear Feature 11
111  69.97667698  023.35844351 24
111  69.97707014  023.35913783 24
111  69.97754746  023.35686796 24
111  69.97803724  023.35779449 24
111  69.97868930  023.35456600 24
111  69.97826422  023.35053996 24
115  69.97963423  023.34394211
120 Linear Feature 11
111  69.97667786  023.35843924 24
111  69.97706957  023.35913100 24
111  69.97754692  023.35686100 24
111  69.97803668  023.35778747 24
111  69.97868745  023.35456536 24
111  69.97826236  023.35053929 24
115  69.97963277  023.34393953
120 Linear Feature 11
111  69.97667896  023.35843394 32
111  69.97706887  023.35912251 32
111  69.97754625  023.35685235 32
111  69.97803598  023.35777876 32
111  69.97868514  023.35456457 32
111  69.97826005  023.35053845 32
115  69.97963096  023.34393631
120 Linear Feature 10
111  69.97828099  023.35513516 1
111  69.97835131  023.35580265 1
112  69.97833724  023.35610301  69.97831130  023.35622930
111  69.97833724  023.35610301 1
111  69.97799485  023.35778526
112  69.97799485  023.35778526  69.97797748  023.35786178 1
111  69.97799198  023.35798513
111  69.97817218  023.35691151
112  69.97817218  023.35691151  69.97818744  023.35683485 1
111  69.97817112  023.35666197 1
115  69.97805088  023.35554061
120 Linear Feature 9
111  69.97866423  023.35550520 1
112  69.97857035  023.35570544  69.97853519  023.35587232
111  69.97857035  023.35570544 1
111  69.97813690  023.35781129
112  69.97813690  023.35781129  69.97812152  023.35788403 1
111  69.97812518  023.35798458 1
115  69.97812811  023.35817927
120 Linear Feature 11
111  69.97845760  023.34543384 25
115  69.97858859  023.34566665
120 Linear Feature 11
111  69.97845841  023.34542983 25
115  69.97858941  023.34566264
120 Linear Feature 11
111  69.97845926  023.34542567 25
115  69.97859025  023.34565849
120 Linear Feature 11
111  69.97846001  023.34542199 25
115  69.97859100  023.34565480
120 Linear Feature 11
111  69.97846081  023.34541802 25
115  69.97859180  023.34565083
120 Linear Feature 11
111  69.97846164  023.34541391 25
115  69.97859264  023.34564673
120 Linear Feature 11
111  69.97846246  023.34540987 25
115  69.97859345  023.34564269
120 Linear Feature 11
111  69.97846338  023.34540534 25
115  69.97859438  023.34563816
120 Linear Feature 11
111  69.97846435  023.34540056 25
115  69.97859535  023.34563337
120 Linear Feature 11
111  69.97846529  023.34539593 25
115  69.97859628  023.34562874
120 Linear Feature 11
111  69.97846616  023.34539165 25
115  69.97859715  023.34562447
120 Linear Feature 11
111  69.97826561  023.34632649 25
115  69.97839661  023.34655930
120 Linear Feature 11
111  69.97826643  023.34632248 25
115  69.97839742  023.34655529
120 Linear Feature 11
111  69.97826727  023.34631833 25
115  69.97839826  023.34655114
120 Linear Feature 11
111  69.97826802  023.34631464 25
115  69.97839901  023.34654745
120 Linear Feature 11
111  69.97826882  023.34631068 25
115  69.97839982  023.34654349
120 Linear Feature 11
111  69.97826966  023.34630657 25
115  69.97840065  023.34653938
120 Linear Feature 11
111  69.97827048  023.34630253 25
115  69.97840147  023.34653534
120 Linear Feature 11
111  69.97827139  023.34629800 25
115  69.97840239  023.34653081
120 Linear Feature 11
111  69.97827236  023.34629322 25
115  69.97840336  023.34652603
120 Linear Feature 11
111  69.97827331  023.34628859 25
115  69.97840430  023.34652140
120 Linear Feature 11
111  69.97827417  023.34628431 25
115  69.97840517  023.34651712
120 Linear Feature 11
111  69.97807425  023.34720864 25
115  69.97820524  023.34744145
120 Linear Feature 11
111  69.97807506  023.34720463 25
115  69.97820606  023.34743744
120 Linear Feature 11
111  69.97807591  023.34720048 25
115  69.97820690  023.34743329
120 Linear Feature 11
111  69.97807665  023.34719679 25
115  69.97820765  023.34742960
120 Linear Feature 11
111  69.97807746  023.34719283 25
115  69.97820845  023.34742564
120 Linear Feature 11
111  69.97807829  023.34718872 25
115  69.97820929  023.34742153
120 Linear Feature 11
111  69.97807911  023.34718468 25
115  69.97821011  023.34741749
120 Linear Feature 11
111  69.97808003  023.34718015 25
115  69.97821102  023.34741296
120 Linear Feature 11
111  69.97808100  023.34717537 25
115  69.97821199  023.34740818
120 Linear Feature 11
111  69.97808194  023.34717074 25
115  69.97821293  023.34740354
120 Linear Feature 11
111  69.97808281  023.34716646 25
115  69.97821380  023.34739927
120 Linear Feature 11
111  69.97788804  023.34814446 25
115  69.97801903  023.34837727
120 Linear Feature 11
111  69.97788885  023.34814045 25
115  69.97801984  023.34837325
120 Linear Feature 11
111  69.97788969  023.34813630 25
115  69.97802069  023.34836910
120 Linear Feature 11
111  69.97789044  023.34813261 25
115  69.97802144  023.34836541
120 Linear Feature 11
111  69.97789125  023.34812864 25
115  69.97802224  023.34836145
120 Linear Feature 11
111  69.97789208  023.34812454 25
115  69.97802307  023.34835734
120 Linear Feature 11
111  69.97789290  023.34812050 25
115  69.97802389  023.34835330
120 Linear Feature 11
111  69.97789382  023.34811597 25
115  69.97802481  023.34834877
120 Linear Feature 11
111  69.97789479  023.34811119 25
115  69.97802578  023.34834399
120 Linear Feature 11
111  69.97789573  023.34810656 25
115  69.97802672  023.34833936
120 Linear Feature 11
111  69.97789660  023.34810228 25
115  69.97802759  023.34833508
120 Linear Feature 11
111  69.97771590  023.34905154 25
115  69.97784689  023.34928435
120 Linear Feature 11
111  69.97771672  023.34904753 25
115  69.97784771  023.34928034
120 Linear Feature 11
111  69.97771756  023.34904338 25
115  69.97784855  023.34927618
120 Linear Feature 11
111  69.97771831  023.34903969 25
115  69.97784930  023.34927250
120 Linear Feature 11
111  69.97771911  023.34903573 25
115  69.97785010  023.34926853
120 Linear Feature 11
111  69.97771995  023.34903162 25
115  69.97785094  023.34926442
120 Linear Feature 11
111  69.97772077  023.34902758 25
115  69.97785176  023.34926038
120 Linear Feature 11
111  69.97772168  023.34902305 25
115  69.97785268  023.34925585
120 Linear Feature 11
111  69.97772265  023.34901827 25
115  69.97785365  023.34925107
120 Linear Feature 11
111  69.97772359  023.34901364 25
115  69.97785459  023.34924644
120 Linear Feature 11
111  69.97772446  023.34900936 25
115  69.97785545  023.34924216
120 Linear Feature 17
111  69.97763843  023.34696565 25
115  69.97750302  023.34671345
120 Linear Feature 17
111  69.97763935  023.34696145 25
115  69.97750394  023.34670926
120 Linear Feature 17
111  69.97764039  023.34695669 25
115  69.97750498  023.34670449
120 Linear Feature 17
111  69.97764125  023.34695276 25
115  69.97750584  023.34670057
120 Linear Feature 17
111  69.97764215  023.34694844 25
115  69.97750674  023.34669625
120 Linear Feature 17
111  69.97764320  023.34694360 25
115  69.97750779  023.34669141
120 Linear Feature 17
111  69.97764424  023.34693886 25
115  69.97750883  023.34668667
120 Linear Feature 17
111  69.97764523  023.34693430 25
115  69.97750982  023.34668210
120 Linear Feature 17
111  69.97764626  023.34692959 25
115  69.97751085  023.34667740
120 Linear Feature 17
111  69.97764730  023.34692485 25
115  69.97751189  023.34667265
120 Linear Feature 17
111  69.97764836  023.34691999 25
115  69.97751295  023.34666779
120 Linear Feature 17
111  69.97764938  023.34691531 25
115  69.97751397  023.34666311
120 Linear Feature 17
111  69.97765039  023.34691070 25
115  69.97751498  023.34665851
120 Linear Feature 17
111  69.97765145  023.34690585 25
115  69.97751603  023.34665366
120 Linear Feature 17
111  69.97765255  023.34690078 25
115  69.97751714  023.34664858
120 Linear Feature 17
111  69.97765358  023.34689609 25
115  69.97751817  023.34664389
120 Linear Feature 17
111  69.97765461  023.34689135 25
115  69.97751920  023.34663915
120 Linear Feature 17
111  69.97765567  023.34688652 25
115  69.97752026  023.34663433
120 Linear Feature 17
111  69.97765677  023.34688145 25
115  69.97752136  023.34662925
120 Linear Feature 17
111  69.97765786  023.34687647 25
115  69.97752245  023.34662427
120 Linear Feature 17
111  69.97765879  023.34687220 25
115  69.97752338  023.34662000
120 Linear Feature 17
111  69.97765969  023.34686809 25
115  69.97752428  023.34661589
120 Linear Feature 12
111  69.97801851  023.34094174 20
112  69.97804454  023.34148256  69.97814953  023.34167510
111  69.97804454  023.34148256 20
111  69.97834928  023.34201506
112  69.97834928  023.34201506  69.97857574  023.34254812 20
111  69.97841954  023.34322759 20
111  69.97740623  023.34808737 20
112  69.97730297  023.34836072  69.97723765  023.34846769
111  69.97730297  023.34836072 20
111  69.97713395  023.34863038
112  69.97713395  023.34863038  69.97711417  023.34866237 20
111  69.97711233  023.34868610
112  69.97711233  023.34868610  69.97710244  023.34880577 20
111  69.97712717  023.34883218
111  69.97710810  023.34896052
112  69.97710810  023.34896052  69.97707312  023.34885323 20
111  69.97701653  023.34890770 20
111  69.97656295  023.34989536
112  69.97656295  023.34989536  69.97646162  023.35020376 20
111  69.97656719  023.35055913 20
111  69.97673846  023.35094230
112  69.97673846  023.35094230  69.97676957  023.35102765 20
111  69.97679109  023.35090559
111  69.97670109  023.35113283 20
111  69.97666055  023.35100343 20
111  69.97646445  023.35046929
112  69.97646445  023.35046929  69.97640562  023.35024132 20
111  69.97631267  023.35025728 20
112  69.97575664  023.34984699  69.97552313  023.34921265
111  69.97575664  023.34984699 20
111  69.97559486  023.34944824
112  69.97559486  023.34944824  69.97533013  023.34885686 20
111  69.97503262  023.34915687
112  69.97503262  023.34915687  69.97479976  023.34934684 20
111  69.97467343  023.34962492
111  69.97463948  023.34898620 20
112  69.97480258  023.34913762  69.97490346  023.34907980
111  69.97480258  023.34913762 20
111  69.97506939  023.34893114 20
112  69.97563033  023.34928902  69.97586565  023.34987709
111  69.97563033  023.34928902 20
111  69.97581323  023.34972127
112  69.97581323  023.34972127  69.97618657  023.35051419 20
111  69.97651465  023.34977810 20
111  69.97674468  023.34930453
112  69.97674468  023.34930453  69.97680125  023.34916962 20
111  69.97676544  023.34893443 20
111  69.97665529  023.34821326
112  69.97665529  023.34821326  69.97655076  023.34759871 20
111  69.97670149  023.34699904 20
111  69.97796691  023.34083716
111  69.97786997  023.34170995 20
112  69.97800385  023.34163010  69.97808204  023.34175857
111  69.97800385  023.34163010 20
111  69.97826054  023.34209921 20
112  69.97829415  023.34287716  69.97820455  023.34334820
111  69.97829415  023.34287716 20
111  69.97752769  023.34659478 20
111  69.97749693  023.34673383 20
111  69.97727356  023.34780605
112  69.97727356  023.34780605  69.97721209  023.34810689 20
111  69.97714393  023.34832460 20
111  69.97692483  023.34885164 20
112  69.97680698  023.34876368  69.97677576  023.34856148
111  69.97680698  023.34876368 20
111  69.97671973  023.34818080
112  69.97671973  023.34818080  69.97663420  023.34759799 20
111  69.97674173  023.34710012 20
111  69.97697242  023.34600725 20
112  69.97703171  023.34594731  69.97706953  023.34598125
111  69.97703171  023.34594731 20
111  69.97705791  023.34598774 20
112  69.97707196  023.34622121  69.97705232  023.34640813
111  69.97707196  023.34622121
111  69.97716069  023.34578431
112  69.97716069  023.34578431  69.97712973  023.34585835 20
111  69.97709022  023.34583287 20
111  69.97706156  023.34578139
112  69.97706156  023.34578139  69.97703430  023.34569191 20
111  69.97705199  023.34561421 20
111  69.97729657  023.34441812 20
112  69.97734633  023.34436075  69.97737416  023.34440378
111  69.97734633  023.34436075 20
111  69.97738499  023.34442018
112  69.97738499  023.34442018  69.97741446  023.34447436 20
111  69.97740466  023.34458296
111  69.97748513  023.34418675 20
112  69.97741950  023.34425483  69.97738240  023.34418950
111  69.97741950  023.34425483 20
111  69.97738892  023.34420265
112  69.97738892  023.34420265  69.97736271  023.34412431 20
111  69.97737186  023.34404526 20
115  69.97786997  023.34170995
120 Linear Feature 16
111  69.97845437  023.34241778 23
112  69.97840648  023.34314362  69.97833950  023.34347543
111  69.97840648  023.34314362 23
111  69.97738877  023.34804609
112  69.97738877  023.34804609  69.97735316  023.34821248 23
111  69.97729716  023.34837000
111  69.97734379  023.34810129 23
115  69.97839174  023.34304905
120 Linear Feature 13
111  69.97465856  023.34903867 21
111  69.97468844  023.34933571
112  69.97468844  023.34933571  69.97476962  023.34930540 1
111  69.97485691  023.34922519 8
111  69.97502538  023.34907367 8
112  69.97561382  023.34937848  69.97589966  023.35002842
111  69.97561382  023.34937848 8
111  69.97579816  023.34981166
112  69.97579816  023.34981166  69.97620003  023.35064643 8
111  69.97652529  023.34986690 8
115  69.97672628  023.34944077
120 Linear Feature 8
111  69.97865241  023.35309643 1
111  69.97868105  023.35338386
111  69.97870197  023.35359388 1
111  69.97875101  023.35408621
111  69.97878818  023.35445933 1
115  69.97881327  023.35471126
120 Linear Feature 6
111  69.97857918  023.35859883 3
112  69.97839701  023.35871422  69.97828791  023.35851586
111  69.97839701  023.35871422 3
111  69.97757543  023.35723531 3
112  69.97754938  023.35677803  69.97761599  023.35648328
111  69.97754938  023.35677803 3
111  69.97772684  023.35593577
112  69.97772684  023.35593577  69.97781178  023.35554031 3
111  69.97766046  023.35529126 3
111  69.97699256  023.35404410
111  69.97690943  023.35388886 3
115  69.97679627  023.35367757
120 Linear Feature 4
111  69.97605096  023.35687619 10
111  69.97679589  023.35819800 10
111  69.97672914  023.35851016
111  69.97667065  023.35797577 10
111  69.97660686  023.35829358
111  69.97655031  023.35776224 10
111  69.97648268  023.35807361
111  69.97642815  023.35754547 10
111  69.97636013  023.35785655
111  69.97630835  023.35733289 10
111  69.97623843  023.35764100
111  69.97618036  023.35710579 10
115  69.97611652  023.35742507
120 Helipad
112  69.97707437  023.35635530  69.97708817  023.35638072 51
112  69.97711511  023.35632836  69.97712382  023.35628807 51
112  69.97710589  023.35620938  69.97709210  023.35618396 51
114  69.97706515  023.35623631  69.97705645  023.35627661 51
120 Helipad
112  69.97695595  023.35691811  69.97697242  023.35694650
111  69.97695595  023.35691811
112  69.97695595  023.35691811  69.97697295  023.35694741 51
112  69.97699733  023.35688163  69.97700517  023.35684162
111  69.97699733  023.35688163
112  69.97699733  023.35688163  69.97700487  023.35684316 51
112  69.97698538  023.35676600  69.97696953  023.35673749
111  69.97698538  023.35676600
112  69.97698538  023.35676600  69.97696902  023.35673657 51
112  69.97694400  023.35680248  69.97693583  023.35684215
111  69.97694400  023.35680248
114  69.97694400  023.35680248  69.97693603  023.35684120 51
120 Linear Feature 3
111  69.97647619  023.35584696 10
111  69.97668860  023.35560679 10
111  69.97660694  023.35499080 10
111  69.97639453  023.35523097 10
111  69.97653937  023.35632352 10
111  69.97633225  023.35655773 10
111  69.97625052  023.35594124 10
115  69.97645764  023.35570704
120 Linear Feature 1
111  69.97675696  023.35624116 10
111  69.97654835  023.35647583 10
111  69.97662920  023.35708887 10
111  69.97683752  023.35685452 10
111  69.97669405  023.35576224 10
111  69.97690233  023.35552524 10
111  69.97698401  023.35614464 10
115  69.97677514  023.35637960
120 Linear Feature 21
111  69.97708552  023.35629718 51
115  69.97709312  023.35625528
120 Linear Feature 21
111  69.97696686  023.35686048 51
115  69.97697605  023.35681349
120 Linear Feature 21
111  69.97709961  023.35632283 51
115  69.97707146  023.35627409
120 Linear Feature 21
111  69.97698068  023.35688305 51
115  69.97695214  023.35683619
120 Linear Feature 21
111  69.97710818  023.35628423 51
115  69.97707951  023.35623394
120 Linear Feature 21
111  69.97698900  023.35683702 51
115  69.97696277  023.35678942
120 Linear Feature 4
111  69.97887704  023.34311618 24
111  69.97922092  023.34370481
112  69.97922092  023.34370481  69.97924064  023.34374722 24
112  69.97930751  023.34391056  69.97931157  023.34392583
111  69.97930751  023.34391056 24
111  69.97942386  023.34435452
112  69.97942386  023.34435452  69.97946242  023.34451646 24
112  69.97943642  023.34485297  69.97941027  023.34497425
111  69.97943642  023.34485297 24
111  69.97828110  023.35040787
112  69.97828110  023.35040787  69.97825854  023.35050714 24
112  69.97804950  023.35042256  69.97792503  023.35017653
111  69.97804950  023.35042256 24
111  69.97769789  023.34980161
112  69.97769789  023.34980161  69.97765259  023.34973072 24
112  69.97757033  023.34990174  69.97753880  023.35006224
111  69.97757033  023.34990174 24
115  69.97740268  023.35073025
120 Linear Feature 3
112  69.97884809  023.34326208  69.97888348  023.34340371 24
112  69.97883436  023.34364314  69.97881267  023.34374577
111  69.97883436  023.34364314 24
115  69.97734687  023.35061917
120 Linear Feature 2
112  69.97772499  023.34914187  69.97776078  023.34896743
111  69.97772499  023.34914187 24
111  69.97882619  023.34385804
112  69.97882619  023.34385804  69.97885871  023.34370317 24
112  69.97897999  023.34351223  69.97905266  023.34359744
111  69.97897999  023.34351223 24
111  69.97916464  023.34381091
112  69.97916464  023.34381091  69.97921445  023.34390266 24
112  69.97926774  023.34405996  69.97929167  023.34414953
111  69.97926774  023.34405996 24
111  69.97937440  023.34446355
112  69.97937440  023.34446355  69.97940146  023.34461047 24
112  69.97936915  023.34483959  69.97934809  023.34494035
111  69.97936915  023.34483959 24
111  69.97823086  023.35028280
112  69.97823086  023.35028280  69.97819067  023.35047684 24
112  69.97808173  023.35024459  69.97805940  023.35020914
111  69.97808173  023.35024459 24
114  69.97771719  023.34961428  69.97766878  023.34953629 24
120 Linear Feature 26
111  69.98033747  023.34669286 4 103
115  69.98022480  023.34722084
120 Linear Feature 17
111  69.97758118  023.35475027 20
111  69.97691493  023.35794364
112  69.97691493  023.35794364  69.97688605  023.35808164 20
112  69.97673303  023.35806900  69.97666806  023.35796742
111  69.97673303  023.35806900 20
111  69.97646494  023.35760270
112  69.97646494  023.35760270  69.97638231  023.35746521 20
112  69.97639731  023.35700040  69.97642997  023.35685168
111  69.97639731  023.35700040 20
111  69.97686534  023.35473901
112  69.97686534  023.35473901  69.97690348  023.35456230 20
112  69.97691824  023.35432631  69.97691592  023.35425048
111  69.97691824  023.35432631 20
115  69.97690943  023.35388886
120 Linear Feature 18
111  69.97739212  023.35493719
112  69.97739212  023.35493719  69.97744790  023.35504027 20
112  69.97740526  023.35543678  69.97738113  023.35554256
111  69.97740526  023.35543678 20
111  69.97688029  023.35790203
112  69.97688029  023.35790203  69.97683584  023.35806305 20
112  69.97670023  023.35790074  69.97662998  023.35777495
111  69.97670023  023.35790074 20
111  69.97647425  023.35750739
112  69.97647425  023.35750739  69.97644145  023.35745337 20
112  69.97642441  023.35705542  69.97645985  023.35688868
111  69.97642441  023.35705542 20
111  69.97688630  023.35482234
112  69.97688630  023.35482234  69.97692579  023.35461450 20
112  69.97709552  023.35440850  69.97719736  023.35456037
113  69.97709552  023.35440850 20
120 Linear Feature 11
111  69.97975347  023.35295978 3 102
112  69.97945241  023.35344512  69.97929357  023.35331427 3 102
111  69.97912594  023.35301688 3
112  69.97893148  023.35237549  69.97885681  023.35193139 3
112  69.97878578  023.35083005  69.97877899  023.35051680
111  69.97878578  023.35083005
112  69.97878578  023.35083005  69.97877899  023.35051680 3
111  69.97882879  023.35025337 3
111  69.97938098  023.34759233 3
112  69.97969768  023.34662163  69.97979678  023.34654232
111  69.97969768  023.34662163
112  69.97969768  023.34662163  69.97979678  023.34654232 3
111  69.98023137  023.34724402 3 102
112  69.98060281  023.34813476  69.98067340  023.34851544 3 102
115  69.98060672  023.34886567
120 Linear Feature 8
111  69.98257424  023.33932622 3
111  69.98231359  023.33886461
112  69.98231359  023.33886461  69.98204478  023.33838872 3
111  69.98183137  023.33889792 3
111  69.98065518  023.34205982 3
112  69.98046620  023.34201223  69.98036063  023.34177241
111  69.98046620  023.34201223 3
111  69.98040918  023.34189803
112  69.98040918  023.34189803  69.98025865  023.34164107 3
111  69.98009639  023.34200276 3
111  69.97970052  023.34298777 3
111  69.97960115  023.34363491 3
115  69.97947408  023.34431536
120 Linear Feature 10
111  69.98003409  023.34360961
112  69.98003409  023.34360961  69.97994912  023.34384158 3
112  69.97994065  023.34331868  69.98001876  023.34313690
111  69.97994065  023.34331868 3
111  69.98022277  023.34266099
112  69.98022277  023.34266099  69.98028530  023.34249331 3
112  69.98031022  023.34293699  69.98023156  023.34312398
113  69.98031022  023.34293699 3
120 Linear Feature 9
111  69.98102703  023.34691278 3 102
112  69.98074356  023.34725539  69.98059423  023.34714040
111  69.98074356  023.34725539
112  69.98074356  023.34725539  69.98063333  023.34716664 3 102
112  69.98033747  023.34669286  69.98013914  023.34632388
111  69.98033747  023.34669286
112  69.98033747  023.34669286  69.98026105  023.34655069 3
112  69.98004957  023.34605630  69.97997926  023.34581966
111  69.98004957  023.34605630 3
112  69.97998896  023.34478867  69.98010571  023.34427317
111  69.97998896  023.34478867
112  69.97998896  023.34478867  69.98010571  023.34427317 3
111  69.98030957  023.34371018 3
111  69.98193583  023.33940736 3
112  69.98217511  023.33932146  69.98230707  023.33954037
111  69.98217511  023.33932146 3
111  69.98240156  023.33972597
112  69.98240156  023.33972597  69.98245369  023.33985446 3
115  69.98240807  023.34012096
120 Linear Feature 16
111  69.97643636  023.35501724 3
111  69.97598534  023.35719272 3
111  69.97682951  023.35868793
112  69.97682951  023.35868793  69.97686823  023.35876163 3
112  69.97685474  023.35896299  69.97683864  023.35906390
111  69.97685474  023.35896299 3
112  69.97659478  023.36097847  69.97656682  023.36211287 3
112  69.97674870  023.36336759  69.97686361  023.36394431
111  69.97674870  023.36336759 3 102
111  69.97700733  023.36477053
112  69.97700733  023.36477053  69.97713654  023.36550525 3 102
116  69.97708513  023.36581153  69.97705684  023.36595361
120 Linear Feature 15
112  69.97747228  023.36395112  69.97737480  023.36418704 3 102
112  69.97727387  023.36419239  69.97723332  023.36417567 3 102
112  69.97693774  023.36306240  69.97676931  023.36201384 3
112  69.97682282  023.36086572  69.97683784  023.36028601
111  69.97682282  023.36086572
112  69.97682282  023.36086572  69.97688176  023.35990418 3
111  69.97708176  023.35904282 3
111  69.97732773  023.35786685
112  69.97732773  023.35786685  69.97736545  023.35769679 3
112  69.97748114  023.35770855  69.97754636  023.35782227
111  69.97748114  023.35770855 3
111  69.97832641  023.35924949
112  69.97832641  023.35924949  69.97840244  023.35944774 3
115  69.97834962  023.35970401
120 Linear Feature 3
111  69.97807497  023.36210777 10 105
111  69.97840416  023.36052155
112  69.97840416  023.36052155  69.97848343  023.36015618 10 105
116  69.97838628  023.35902327  69.97819521  023.35846529
120 Linear Feature 2
111  69.97904447  023.35743621 10 105
111  69.97881793  023.35852781
112  69.97881793  023.35852781  69.97873189  023.35893458 10 105
112  69.97838628  023.35902327  69.97824074  023.35876950
111  69.97838628  023.35902327 10 105
111  69.97794275  023.35822524
111  69.97789069  023.35813159 10 101
115  69.97748192  023.35739611
120 Linear Feature 17
111  69.97818467  023.34956298 10
115  69.97849177  023.35010545
120 Linear Feature 17
111  69.97836857  023.34865399 10
115  69.97868059  023.34920412
120 Linear Feature 17
111  69.97855295  023.34773843 10
115  69.97886840  023.34830764
120 Linear Feature 17
111  69.97874595  023.34684858 10
115  69.97905950  023.34739546
120 Linear Feature 17
111  69.97909093  023.34498508 10
115  69.97943479  023.34560406
120 Linear Feature 17
111  69.97893094  023.34595320 10
115  69.97924497  023.34651013
120 Linear Feature 13
111  69.97692070  023.36766962 10 105
111  69.97719754  023.36633569 10 105
116  69.97717381  023.36493820  69.97703319  023.36412686
120 Linear Feature 6
111  69.98001853  023.34405810 10 101
111  69.98056245  023.34268631 10 101
111  69.98065038  023.34244943 10 101
111  69.98156090  023.34001431
111  69.98160095  023.33990720 10 101
111  69.98168221  023.33968987 10 105
111  69.98190099  023.33910978
112  69.98190099  023.33910978  69.98196044  023.33895718 10 105
112  69.98226521  023.33912393  69.98241131  023.33940273
111  69.98226521  023.33912393 10 105
111  69.98246920  023.33950867
112  69.98246920  023.33950867  69.98253205  023.33963382 10 105
112  69.98256367  023.34047888  69.98252761  023.34074899
111  69.98256367  023.34047888 10 105
115  69.98232680  023.34162024
120 Linear Feature 8
111  69.98046102  023.35061052 10 105
111  69.98073140  023.34930769
112  69.98073140  023.34930769  69.98081703  023.34874595 10 105
116  69.98062709  023.34758407  69.98038873  023.34699388
120 Linear Feature 7
112  69.98122001  023.34695333  69.98108770  023.34763861 10 105
112  69.98062709  023.34758407  69.98044073  023.34728305
111  69.98062709  023.34758407 10 105
111  69.98028014  023.34695882
111  69.98023129  023.34687856 10 101
115  69.97987144  023.34622231
120 Linear Feature 6
112  69.98043979  023.34236227  69.98048412  023.34255908 10 101
116  69.98043657  023.34300412  69.98037799  023.34320325
120 Linear Feature 5
112  69.98043979  023.34236227  69.98047751  023.34249907 10 101
116  69.98065038  023.34244943  69.98074242  023.34230530
120 Linear Feature 4
112  69.97985604  023.34469969  69.97986543  023.34462782 10 101
116  69.97981337  023.34404400  69.97971463  023.34375124
120 Linear Feature 3
112  69.98001853  023.34405810  69.97997652  023.34416919 10 101
116  69.97981337  023.34404400  69.97976913  023.34393291
120 Linear Feature 2
112  69.97981337  023.34404400  69.97977324  023.34395621 10 101
112  69.97974216  023.34372249  69.97973550  023.34362196 10 101
112  69.97979871  023.34311787  69.97989058  023.34285037
111  69.97979871  023.34311787 10 101
111  69.98014229  023.34229191
112  69.98014229  023.34229191  69.98020073  023.34214761 10 101
112  69.98035195  023.34215855  69.98041710  023.34224350 10 101
115  69.98043979  023.34236227
120 Linear Feature 18
112  69.97849177  023.35010545  69.97855604  023.35020715 10
116  69.97864530  023.35095863  69.97865166  023.35130738
120 Linear Feature 18
112  69.97868059  023.34920412  69.97874485  023.34930581 10
112  69.97875372  023.34997070  69.97868635  023.35031778 10
116  69.97849177  023.35010545  69.97842224  023.34999451
120 Linear Feature 18
112  69.97886840  023.34830764  69.97893267  023.34840933 10
112  69.97894479  023.34905707  69.97889316  023.34930360 10
116  69.97868059  023.34920412  69.97861105  023.34909319
120 Linear Feature 18
112  69.97905950  023.34739546  69.97912377  023.34749716 10
112  69.97912890  023.34817671  69.97907728  023.34842324 10
116  69.97886840  023.34830764  69.97877883  023.34816699
120 Linear Feature 18
112  69.97924497  023.34651013  69.97931037  023.34663166 10
112  69.97932295  023.34724879  69.97927132  023.34749531 10
116  69.97905950  023.34739546  69.97896179  023.34721276
120 Linear Feature 18
112  69.97943479  023.34560406  69.97957680  023.34592071 10
112  69.97949560  023.34642324  69.97944160  023.34667868 10
116  69.97924497  023.34651013  69.97918070  023.34640844
120 Linear Feature 18
112  69.97943479  023.34560406  69.97949906  023.34570575 10
116  69.97968388  023.34552292  69.97979034  023.34522119
120 Linear Feature 15
111  69.97717381  023.36493820 10 105
111  69.97683751  023.36321570
112  69.97681230  023.36307472  69.97679729  023.36298406
111  69.97681230  023.36307472
112  69.97681230  023.36307472  69.97677348  023.36284032 10 101
112  69.97669251  023.36173569  69.97668252  023.36113503
111  69.97669251  023.36173569
112  69.97669251  023.36173569  69.97667865  023.36090272 10 101
112  69.97685655  023.35954441  69.97697398  023.35896313
111  69.97685655  023.35954441 10 101
115  69.97743008  023.35677497
120 Linear Feature 14
111  69.97779535  023.36345512 10 105
111  69.97760015  023.36439566
112  69.97760015  023.36439566  69.97748272  023.36494388 10 105
116  69.97707667  023.36444065  69.97695731  023.36386649
120 Linear Feature 27
112  69.97935692  023.35381057  69.97941723  023.35394361 10 105
112  69.97942256  023.35561438  69.97922279  023.35657610
111  69.97942256  023.35561438 10 105
115  69.97921855  023.35659738
120 Linear Feature 26
111  69.97935692  023.35381057 10 105
112  69.97966742  023.35385110  69.97979754  023.35368338 10 105
116  69.97996964  023.35297825  69.98008905  023.35236685
120 Linear Feature 25
111  69.97935692  023.35381057 10 105
111  69.97898703  023.35316361
112  69.97893986  023.35307396  69.97892467  023.35304141
111  69.97893986  023.35307396
112  69.97893986  023.35307396  69.97889534  023.35297855 10 101
116  69.97882198  023.35264904  69.97877602  023.35237299
120 Linear Feature 24
112  69.97827136  023.35151852  69.97835086  023.35161995 10
112  69.97847256  023.35131516  69.97848693  023.35125633
111  69.97847256  023.35131516 10
115  69.97867497  023.35034727
120 Linear Feature 23
111  69.97818061  023.35136187 10
111  69.97874176  023.35233054 10
116  69.97882198  023.35264904  69.97884561  023.35283707
120 Linear Feature 22
111  69.97882198  023.35264904 10 101
111  69.97864530  023.35095863 10 101
116  69.97867497  023.35034727  69.97871289  023.35015003
120 Linear Feature 21
112  69.97987086  023.34622126  69.97981720  023.34612530 10 101
116  69.97976328  023.34514325  69.97983294  023.34469245
120 Linear Feature 20
111  69.97987144  023.34622231 10
112  69.97973408  023.34605167  69.97968726  023.34602079 10
112  69.97960515  023.34589961  69.97957140  023.34584888 10
115  69.97943479  023.34560406
120 Linear Feature 19
112  69.97987144  023.34622231  69.97971871  023.34599176 10
116  69.97949560  023.34642324  69.97945504  023.34658447
120 Linear Feature 1
111  69.97867497  023.35034727 10 101
111  69.97985604  023.34469969
112  69.97985604  023.34469969  69.97993423  023.34431544 10 101
115  69.98001875  023.34405826
120 Linear Feature 21
111  69.97775644  023.35593243 1
115  69.97799198  023.35798513
120 Linear Feature 12
112  69.97706447  023.35854040  69.97711060  023.35831616 10
116  69.97700548  023.35787673  69.97695001  023.35777100
120 Linear Feature 11
112  69.97726214  023.35758591  69.97719707  023.35795295 10
112  69.97700548  023.35787673  69.97694814  023.35776890 10
115  69.97681375  023.35752792
120 Linear Feature 10
112  69.97748192  023.35739611  69.97742079  023.35730539 10 101
116  69.97726214  023.35758591  69.97721629  023.35780335
120 Linear Feature 8
112  69.97748192  023.35739611  69.97743343  023.35728544 10
112  69.97743008  023.35677497  69.97746179  023.35660660
111  69.97743008  023.35677497 10 101
112  69.97750649  023.35640601  69.97754973  023.35620117 10
112  69.97745617  023.35578242  69.97740830  023.35569436 10
115  69.97724230  023.35538872
120 Linear Feature 11
111  69.97261384  023.38842057 10
112  69.97257905  023.38875763  69.97256995  023.38892793 10
112  69.97260255  023.38933322  69.97260942  023.38949410 10
112  69.97255169  023.38971907  69.97252238  023.38980884 10
112  69.97232751  023.38980579  69.97223931  023.38963357 10
112  69.97224371  023.38922743  69.97225826  023.38902521 10
112  69.97232294  023.38890767  69.97235206  023.38885446 10
114  69.97253399  023.38865166  69.97255947  023.38859311 10
120 Linear Feature 16
111  69.97289568  023.38820445 19
111  69.97291581  023.38846106 19
111  69.97250684  023.39041285 19
111  69.97205196  023.38960894 19
111  69.97245866  023.38767229 19
115  69.97254596  023.38760717
120 Linear Feature 27
111  69.97693774  023.36306240 54 103
115  69.97674215  023.36336950
120 Linear Feature 2
111  69.97799198  023.35798513 54 103
115  69.97789417  023.35846150
120 Linear Feature 15
111  69.97904844  023.35286771 54 103
115  69.97891802  023.35347647
120 Linear Feature 25
111  69.98161402  023.33947995 54 104
115  69.98175753  023.33991804
120 Linear Feature 1
111  69.97831971  023.35243450 3
111  69.97915193  023.35388700 3 102
112  69.97931755  023.35434697  69.97937322  023.35459678 3 102
115  69.97932299  023.35497347
21  69.98056747  023.35282153 2 119.3600 3.70 11 PAPI L
21  69.97977913  023.35142869 3 119.3600 3.70 11 PAPI R
21  69.97472668  023.38094314 3 299.0600 4.20 29 PAPI R
21  69.97393955  023.37955009 2 300.2600 4.20 29 PAPI L
20  69.98004832  023.34502632 298.9500 0 1 {@Y,^l}DE-ICE{@L}Y
20  69.97664574  023.36355038 65.2200 0 2 {@L}E{@R}11-29_CAT{r1,@@,@L}E
20  69.97705425  023.36291469 65.2200 0 2 {@L}E{@R}11-29_CAT{r1,@@,@L}E
20  69.97783914  023.35875907 31.7900 0 2 {@L}D{@R}11-29_CAT{r1,@@,@Y,^l}E{@L}D
20  69.97805680  023.35766236 31.7900 0 2 {@L}D{@R}11-29_CAT{r1,@@,@Y,^l}E{@L}D
20  69.97887613  023.35377524 31.0800 0 2 {@L}C{@R}11-29_CAT{r1,@@,@Y,^ru}Y{@L}C
20  69.97912474  023.35257002 31.0800 0 2 {@L}C{@R}11-29_CAT{r1,@@,@Y,^ru}Y{@L}C
20  69.98017738  023.34757730 30.3100 0 3 {@L}B{@R}11-29_CAT{r1,@@,@Y,^l}Y{^r,@L}B
20  69.98040555  023.34640578 30.3100 0 3 {@L}B{@R}11-29_CAT{r1,@@,@Y,^l}Y{^r,@L}B
20  69.98145950  023.33941746 317.3900 0 3 {@L}A{@R}11_CAT{r1,@@,@Y,^u}A{@L}A
20  69.98026304  023.34430022 312.4900 0 2 {@L}A{@Y}{@@}{^u}GATE{@L}A
20  69.98175629  023.34037493 316.4600 0 3 {@L}A{@R}11_CAT{r1,@@,@Y,^u}A{@L}A
14  69.97720364  023.34908248 154.20 0 Tower view
1300  69.97660829  023.35792193 -56.94 tie_down props GA Ramp 34
1301 A general_aviation 
1300  69.97648284  023.35770773 -57.82 tie_down props GA Ramp 33
1301 A general_aviation 
1300  69.97634316  023.35750346 298.16 tie_down props GA Ramp 32
1301 A general_aviation 
1300  69.97621937  023.35729528 298.77 tie_down props GA Ramp 31
1301 A general_aviation 
1300  69.97609293  023.35707272 298.77 tie_down props GA Ramp 30
1301 A general_aviation 
1300  69.97632987  023.35623293 159.06 tie_down jets|turboprops|props GA Ramp 27
1301 B general_aviation 
1300  69.97659793  023.35536945 340.12 tie_down jets|turboprops|props GA Ramp 26
1301 B general_aviation 
1300  69.97661763  023.35676553 157.78 tie_down jets|turboprops|props GA Stand 29
1301 B general_aviation 
1300  69.97689309  023.35586216 336.96 tie_down jets|turboprops|props GA Stand 28
1301 B general_aviation 
1300  69.97883405  023.34451190 210.80 gate jets|turboprops Ramp 25
1301 C airline 
1300  69.97864292  023.34543186 211.47 gate jets|turboprops Ramp 24
1301 C airline 
1300  69.97845675  023.34632800 209.86 gate jets|turboprops|props Ramp 23
1301 C airline sas nax wif
1300  69.97827005  023.34722667 209.49 gate jets|turboprops|props Ramp 22
1301 C airline sas nax wif
1300  69.97808110  023.34813615 211.93 gate jets|turboprops|props Ramp 21
1301 C airline sas nax wif
1300  69.97789386  023.34903738 210.01 gate jets|turboprops|props Ramp 20
1301 C airline sas nax wif
1300  69.97708980  023.35627615 209.91 misc helos Helipad 1
1301 A none 
1300  69.97697119  023.35684368 209.91 misc helos Helipad 2
1301 A none 
19  69.97393690  023.37865806 0 New Windsock 153
19  69.98074234  023.34560657 1 New Windsock 152
54 12040 Alta Tower
54 11810 Alta Tower
55 12040 Alta Approach
50 11817 Alta Information
1000 FLOW RWY 11
1001 ENAT 031 210 999
1002 ENAT 0
1003 ENAT 0.0
1101 11 right
1100 11  11820 arrivals|departures heavy|jets|turboprops|props|helos 000000 000000 Arr,Dep Rwy 11
1000 FLOW RWY 29
1001 ENAT 211 030 999
1002 ENAT 0
1003 ENAT 0.0
1101 11 right
1100 29  11820 arrivals|departures heavy|jets|turboprops|props|helos 000000 000000 Arr,Dep Rwy 29
1200 
1201  69.97892269  023.34331957 both 0 _stop
1201  69.97861381  023.34477727 both 1 _stop
1201  69.97841962  023.34569369 both 2 _stop
1201  69.97822965  023.34659018 both 3 _stop
1201  69.97804617  023.34745605 both 4 _stop
1201  69.97785109  023.34837668 both 5 _stop
1201  69.97939978  023.34437726 both 6 _stop
1201  69.97925328  023.34389239 both 7 _stop
1201  69.97941167  023.34482415 both 8 _stop
1201  69.97825442  023.35035227 both 9 _stop
1201  69.97844134  023.34946087 both 10 _stop
1201  69.97864239  023.34849671 both 11 _stop
1201  69.97883010  023.34758344 both 12 _stop
1201  69.97900820  023.34672140 both 13 _stop
1201  69.97919567  023.34581894 both 14 _stop
1201  69.97813381  023.35044947 both 15 _stop
1201  69.97760790  023.34952436 both 16 _start
1201  69.97733159  023.36570745 both 17 E_stop
1201  69.97235091  023.38967839 both 18 unnamed entity(split)
1201  69.97681313  023.35752809 both 19 unnamed entity(split)
1201  69.97658447  023.35742227 both 20 unnamed entity(split)
1201  69.97643835  023.35716574 both 21 unnamed entity(split)
1201  69.97630308  023.35692826 both 22 unnamed entity(split)
1201  69.97614216  023.35664575 both 23 GA WEST_stop
1201  69.97715178  023.35812611 both 24 GA WEST_stop
1201  69.97736644  023.35561257 both 25 GA WEST_stop
1201  69.97683751  023.36321570 both 26 L_stop
1201  69.97669407  023.36173449 both 27 L_stop
1201  69.97671491  023.36068664 both 28 L_stop
1201  69.97685655  023.35954441 both 29 L_stop
1201  69.97726278  023.35758282 both 30 L_start
1201  69.97682618  023.35464540 both 31 GA WEST_stop
1201  69.97724038  023.35538541 both 32 GA WEST_stop
1201  69.97745798  023.35577751 both 33 GA WEST_stop
1201  69.97750649  023.35640601 both 34 GA WEST_stop
1201  69.97743008  023.35677497 both 35 GA WEST_stop
1201  69.97748192  023.35739611 both 36 GA WEST_stop
1201  69.97862822  023.35945858 both 37 D_stop
1201  69.97794382  023.35822718 both 38 D_start
1201  69.97968581  023.35436514 both 39 C_stop
1201  69.98096737  023.34819729 both 40 B_stop
1201  69.98256869  023.34048934 both 41 A_stop
1201  69.98257131  023.34005421 both 42 A_stop
1201  69.98250433  023.33959113 both 43 A_stop
1201  69.98237608  023.33932373 both 44 A_stop
1201  69.98229570  023.33916876 both 45 A_stop
1201  69.98215263  023.33897623 both 46 A_stop
1201  69.98194847  023.33901849 both 47 A_stop
1201  69.98027991  023.34695841 both 48 Y_stop
1201  69.97962980  023.34578685 both 49 Y_stop
1201  69.98168864  023.33968493 both 50 Y_stop
1201  69.97985604  023.34469969 both 51 Y_stop
1201  69.98001747  023.34406415 both 52 Y_stop
1201  69.98056007  023.34269423 both 53 Y_stop
1201  69.97976395  023.34514006 both 54 Y_stop
1201  69.97861312  023.35064642 both 55 Y_stop
1201  69.97885059  023.34951021 both 56 Y_stop
1201  69.97904658  023.34857247 both 57 Y_stop
1201  69.97923315  023.34767978 both 58 Y_stop
1201  69.97942025  023.34678454 both 59 Y_stop
1201  69.97882207  023.35264390 both 60 Y_stop
1201  69.97898989  023.35316787 both 61 Y_start
1202 54 49 twoway taxiway_C Y
1202 20 21 twoway taxiway_B GA WEST
1202 21 22 twoway taxiway_B GA WEST
1202 22 23 twoway taxiway_B GA WEST
1202 37 17 twoway runway 11/29
1204 departure 11,29
1204 arrival 11,29
1204 ils 11,29
1202 41 40 twoway runway 11/29
1204 departure 11,29
1204 arrival 11,29
1204 ils 11,29
1202 40 39 twoway runway 11/29
1204 departure 11,29
1204 arrival 11,29
1204 ils 11,29
1202 39 37 twoway runway 11/29
1204 departure 11,29
1204 arrival 11,29
1204 ils 11,29
1202 17 18 twoway runway 11/29
1204 departure 11,29
1204 arrival 11,29
1204 ils 11,29
1202 26 17 twoway taxiway_B E
1204 departure 11,29
1204 arrival 11,29
1202 36 30 twoway taxiway_B GA WEST
1202 27 26 twoway taxiway_B L
1202 28 27 twoway taxiway_B L
1202 29 28 twoway taxiway_B L
1202 30 24 twoway taxiway_B L
1202 24 29 twoway taxiway_B L
1202 24 19 twoway taxiway_B GA WEST
1202 19 20 twoway taxiway_B GA WEST
1202 32 31 twoway taxiway_B GA WEST
1202 33 25 twoway taxiway_B GA WEST
1202 25 32 twoway taxiway_B GA WEST
1202 34 33 twoway taxiway_B GA WEST
1202 35 34 twoway taxiway_B GA WEST
1202 36 35 twoway taxiway_B GA WEST
1202 38 36 twoway taxiway_B GA WEST
1202 38 37 twoway taxiway_B D
1204 departure 11,29
1204 arrival 11,29
1202 61 39 twoway taxiway_C C
1204 departure 11,29
1204 arrival 11,29
1202 48 40 twoway taxiway_C B
1204 departure 11,29
1204 arrival 11,29
1202 42 41 twoway taxiway_C A
1204 departure 11,29
1204 arrival 11,29
1202 43 42 twoway taxiway_C A
1204 departure 11,29
1204 arrival 11,29
1202 44 43 twoway taxiway_C A
1204 departure 11,29
1204 arrival 11,29
1202 45 44 twoway taxiway_C A
1204 departure 11,29
1204 arrival 11,29
1202 46 45 twoway taxiway_C A
1204 departure 11,29
1204 arrival 11,29
1202 47 46 twoway taxiway_C A
1204 departure 11,29
1204 arrival 11,29
1202 50 47 twoway taxiway_C A
1204 departure 11,29
1204 arrival 11,29
1202 49 48 twoway taxiway_C Y
1202 51 52 twoway taxiway_C Y
1202 52 53 twoway taxiway_C Y
1202 53 50 twoway taxiway_C Y
1202 54 51 twoway taxiway_C Y
1202 55 56 twoway taxiway_C Y
1202 56 57 twoway taxiway_C Y
1202 57 58 twoway taxiway_C Y
1202 58 59 twoway taxiway_C Y
1202 59 49 twoway taxiway_C Y
1202 60 55 twoway taxiway_C Y
1202 61 60 twoway taxiway_C Y
1206 0 1 oneway  
1206 1 2 oneway  
1206 2 3 oneway  
1206 3 4 oneway  
1206 4 5 oneway  
1206 5 16 oneway  
1206 6 7 twoway  
1206 7 0 twoway  
1206 8 6 twoway  
1206 9 10 twoway  
1206 10 11 twoway  
1206 11 12 twoway  
1206 12 13 twoway  
1206 13 14 twoway  
1206 14 8 twoway  
1206 15 9 twoway  
1206 16 15 twoway  
1400  69.97752633  23.34883149  29.56 fuel_jets 0 New Service Truck 51
1400  69.97753887  23.34866411  28.58 fuel_liners 0 New Service Truck 50
1400  69.97781223  23.34889686  32.12 pushback 0 New Service Truck 49
1400  69.97773113  23.34843127  26.81 gpu 0 New Service Truck 48
1400  69.97775161  23.34834455  27.44 gpu 0 New Service Truck 47
1400  69.97777740  23.34825249  32.50 baggage_loader 0 New Service Truck 46
1400  69.97852469  23.34597988  30.72 baggage_loader 0 New Service Truck 45
1400  69.97812231  23.34770837  29.74 baggage_loader 0 New Service Truck 44
1400  69.97789524  23.34864759  27.73 baggage_loader 0 New Service Truck 43
1400  69.97792055  23.34860299  29.74 baggage_loader 0 New Service Truck 42
1400  69.97744200  23.34952349  30.74 baggage_train 3 New Service Truck 41
1400  69.97745776  23.34944608  30.74 baggage_train 3 New Service Truck 41
1400  69.97811494  23.34735096 -59.37 baggage_train 3 New Service Truck 41
1400  69.97800264  23.34862127  28.71 baggage_train 3 New Service Truck 41
99
