I
1100 Generated by WorldEditor 1.6.1r1

17     50 0 0 ENBJ [H] Bjornoya
1302 city Herwighamna
1302 country Norway
1302 datum_lat 
1302 datum_lon 
1302 faa_code 
1302 iata_code 
1302 icao_code ENBJ
1302 region_code 
1302 state Svalbard
1302 transition_alt 
1302 transition_level 
102 H1  74.50432029  019.00235475 223.77 15.30 15.90 2 0 0 0.30 1
102 H2  74.50473791  018.99957154 216.32 20.30 20.20 2 0 0 0.30 1
110 5 0.25 306.1200 Taxiway
111  74.50488210  018.99949310
111  74.50471234  018.99901444
111  74.50458901  018.99966004
111  74.50467085  018.99987838
111  74.50455376  019.00047679
112  74.50459138  019.00063575  74.50459401  019.00072238
111  74.50458925  019.00081122
112  74.50448169  019.00132521  74.50443996  019.00148805
111  74.50429740  019.00187653
111  74.50401700  019.00059392
111  74.50386482  019.00104100
111  74.50408752  019.00200348
112  74.50364954  019.00203308  74.50362610  019.00202909
112  74.50354448  019.00172333  74.50353585  019.00160795
112  74.50349038  019.00038207  74.50348186  019.00022655
112  74.50343434  018.99980438  74.50341623  018.99970468
112  74.50333809  018.99929711  74.50332477  018.99916751
112  74.50331231  018.99849674  74.50332474  018.99830733
112  74.50342233  018.99786983  74.50346228  018.99770700
111  74.50353841  018.99749296
111  74.50382134  018.99897302
111  74.50412994  018.99808000
111  74.50389275  018.99681391
111  74.50373544  018.99698467
111  74.50358591  018.99694895
111  74.50355303  018.99661169
111  74.50366545  018.99611549
111  74.50354092  018.99578912
112  74.50345229  018.99612740  74.50342906  018.99620632
111  74.50334731  018.99640125
112  74.50328449  018.99625461  74.50324720  018.99616157
112  74.50313792  018.99572896  74.50309956  018.99548491
111  74.50308637  018.99509647
111  74.50303939  018.99511327
112  74.50310671  018.99581712  74.50314890  018.99605160
111  74.50329640  018.99648470
111  74.50348255  018.99690474
111  74.50350571  018.99727577
112  74.50338304  018.99780573  74.50335345  018.99792646
112  74.50327524  018.99845669  74.50325748  018.99869263
112  74.50330476  018.99934910  74.50332341  018.99950861
112  74.50340241  018.99987766  74.50342372  019.00002521
112  74.50345228  019.00037800  74.50346293  019.00053751
112  74.50350422  019.00171126  74.50351038  019.00184742
112  74.50363682  019.00218773  74.50368050  019.00218375
111  74.50408858  019.00216397
111  74.50420351  019.00238641
111  74.50432039  019.00282434
111  74.50444578  019.00234702
111  74.50433011  019.00191832
112  74.50450006  019.00140938  74.50455333  019.00120666
113  74.50462049  019.00086047
130 Airport Boundary
111  74.50507317  018.99929356
111  74.50368351  018.99336419
111  74.50257255  018.99406428
111  74.50358425  019.00340840
113  74.50451578  019.00337982
14  74.50368942  018.99979395  49.21 0 ATC Tower
1300  74.50473791  018.99957154  35.36 misc helos Heli Ramp 1
1301 C none 
1300  74.50432029  019.00235475  44.41 misc helos Heli Ramp 2
1301 C none 
18  74.50423894  019.00021190 3 BCN
19  74.50486528  018.99986458 1 WS
19  74.50442671  019.00269007 1 WS
99
