I
1100 Generated by WorldEditor 1.7.1r2

1     57 1 0 ENCN Kristiansand Kjevik
1302 city Kjevik
1302 country Norway
1302 datum_lat 58.203888889
1302 datum_lon 8.085
1302 faa_code 
1302 iata_code KRS
1302 icao_code ENCN
1302 region_code EN
1302 state Vest-Agder
1302 transition_alt 7000
1302 transition_level 
100 45.11 1 2 0.00 1 2 0 03  58.19670300  008.07540600   61   53 3 9 0 0 21  58.21167800  008.09526900   99   95 3 9 0 0
110 4 0.00 35.8400 New Taxiway 4
111  58.20188983  008.07738548
111  58.20173006  008.07718543
111  58.20161434  008.07699836
112  58.20161434  008.07699836  58.20158091  008.07695118
111  58.20162977  008.07689100
111  58.20167348  008.07683243
111  58.20170434  008.07687961
111  58.20176606  008.07676411
111  58.20173652  008.07668062
111  58.20149044  008.07704974
111  58.20150633  008.07706180
111  58.20155433  008.07700324
111  58.20160062  008.07704228
111  58.20167520  008.07717242
111  58.20170863  008.07723586
112  58.20170863  008.07723586  58.20173091  008.07728304
111  58.20176949  008.07734323
113  58.20188055  008.07748581
110 4 0.00 353.9400 New Taxiway 60
111  58.20453588  008.07168848
111  58.20452119  008.07148352
111  58.20421992  008.07152648
113  58.20424063  008.07176505
110 4 0.00 0.0000 New Taxiway 26
111  58.20555686  008.07018672
111  58.20552471  008.07017595
111  58.20537679  008.07024364
111  58.20527798  008.07021923
111  58.20526336  008.07013490
112  58.20514643  008.07007941  58.20511251  008.07006166
111  58.20509673  008.07011270
111  58.20508913  008.07014488
111  58.20503417  008.07009273
112  58.20503417  008.07009273  58.20498740  008.07003946
111  58.20494296  008.07012713
111  58.20489560  008.07026140
111  58.20490847  008.07032354
113  58.20541160  008.07068538
110 4 0.00 121.7400 New Taxiway 13
111  58.19705690  008.07898329
111  58.19716028  008.07944958
112  58.19729414  008.07991315  58.19736170  008.08010543
111  58.19746729  008.08033734
111  58.19810576  008.08168314
111  58.19823063  008.08142547
111  58.19858257  008.08054874
112  58.19865329  008.08046246  58.19869258  008.08044782
111  58.19865329  008.08046246
111  58.19872704  008.08042604
112  58.19872704  008.08042604  58.19875300  008.08041272
111  58.19876341  008.08038194
111  58.19879069  008.08031676
111  58.19886141  008.08003877
111  58.19908653  008.07937762
111  58.19903872  008.07931416
111  58.19886946  008.07978164
111  58.19888162  008.07981446
111  58.19873591  008.08026251
112  58.19862874  008.08032149  58.19856139  008.08030951
111  58.19862874  008.08032149
111  58.19819229  008.08021547
111  58.19804107  008.08021943
111  58.19801139  008.08010018
111  58.19776523  008.07979209
113  58.19768749  008.07958680
110 1 0.00 52.0000 New Taxiway 20
111  58.20421149  008.08085200
111  58.20451614  008.08167864
111  58.20489118  008.08263714
112  58.20493277  008.08270002  58.20495567  008.08276013
111  58.20493277  008.08270002
112  58.20493277  008.08270002  58.20511207  008.08318088
111  58.20538074  008.08399973
111  58.20525884  008.08234371
111  58.20523902  008.08235613
111  58.20484711  008.08130224
111  58.20383274  008.07884577
111  58.20382217  008.07886426
111  58.20332907  008.07769781
113  58.20307029  008.07806083
110 1 0.00 64.0000 New Taxiway 7
111  58.20468063  008.07811458
112  58.20488033  008.07853649  58.20496318  008.07881240
111  58.20498012  008.07899835
111  58.20507728  008.07887591
112  58.20498912  008.07838884  58.20490817  008.07811111
113  58.20475286  008.07793799
110 1 0.00 33.0000 New Taxiway 6
111  58.20413410  008.07750449
112  58.20422106  008.07753877  58.20427544  008.07760868
111  58.20422106  008.07753877
111  58.20459805  008.07798855
111  58.20468063  008.07811458
111  58.20475286  008.07793799
111  58.20427436  008.07736790
112  58.20427436  008.07736790  58.20423285  008.07730465
113  58.20424427  008.07716682
110 1 0.00 81.0800 New Taxiway 1
111  58.20525884  008.08234371
111  58.20538074  008.08399973
111  58.20547724  008.08517990
111  58.20553697  008.08591045
111  58.20533486  008.08644147
111  58.20566872  008.08685517
111  58.20575910  008.08655645
111  58.20570288  008.08615074
111  58.20566110  008.08609521
111  58.20558428  008.08515093
111  58.20539657  008.08284354
111  58.20507728  008.07887591
113  58.20498012  008.07899835
110 1 0.00 125.0000 New Taxiway 21
112  58.20388679  008.08392637  58.20372969  008.08402092
111  58.20388679  008.08392637
112  58.20388679  008.08392637  58.20385092  008.08394796
112  58.20375965  008.08395280  58.20371267  008.08395068
111  58.20375965  008.08395280
112  58.20375965  008.08395280  58.20372072  008.08395104
112  58.20364055  008.08393200  58.20360116  008.08392094
111  58.20364055  008.08393200
112  58.20364055  008.08393200  58.20351931  008.08389796
111  58.20341130  008.08383483
111  58.20448936  008.08526491
112  58.20439423  008.08494138  58.20434943  008.08476109
111  58.20439423  008.08494138
112  58.20439423  008.08494138  58.20437834  008.08487742
112  58.20435113  008.08474025  58.20433912  008.08467171
111  58.20435113  008.08474025
112  58.20435113  008.08474025  58.20433639  008.08465616
112  58.20432593  008.08449709  58.20432540  008.08442199
111  58.20432593  008.08449709
112  58.20432593  008.08449709  58.20432375  008.08418824
111  58.20438580  008.08402433
111  58.20489118  008.08263714
111  58.20451614  008.08167864
112  58.20457527  008.08205524  58.20457527  008.08224989
111  58.20450303  008.08247624
113  58.20411000  008.08363298
110 1 0.00 342.0000 New Taxiway 17
111  58.19729962  008.07572513
112  58.19737805  008.07544665  58.19743974  008.07526688
112  58.19760378  008.07494300  58.19768124  008.07483540
111  58.19775789  008.07476717
111  58.19789363  008.07481534
111  58.19930349  008.07391870
112  58.19963723  008.07385059  58.19979189  008.07389884
111  58.19989191  008.07403838
111  58.19963841  008.07345221
111  58.19994413  008.07240511
112  58.19992170  008.07246039  58.19991403  008.07247476
111  58.19989769  008.07248994
111  58.19980508  008.07254794
112  58.19978622  008.07254986  58.19977797  008.07254459
111  58.19977587  008.07252478
111  58.19973112  008.07226756
111  58.19942336  008.07246454
111  58.19943279  008.07252069
111  58.19931952  008.07274694
112  58.19925783  008.07281156  58.19923194  008.07282580
111  58.19925783  008.07281156
111  58.19916793  008.07284561
111  58.19918574  008.07296018
112  58.19918574  008.07296018  58.19918772  008.07298805
111  58.19917955  008.07302201
111  58.19903624  008.07331232
112  58.19896656  008.07341978  58.19893266  008.07346011
111  58.19888906  008.07349240
111  58.19692388  008.07472417
113  58.19680268  008.07506948
110 1 0.00 33.0000 New Taxiway 16
111  58.19988116  008.07193353
111  58.20000694  008.07211011
111  58.19996280  008.07227004
111  58.19997919  008.07228974
111  58.19963841  008.07345221
111  58.19989191  008.07403838
111  58.20052523  008.07479556
112  58.20054507  008.07504626  58.20054638  008.07513115
111  58.20052380  008.07526849
111  58.20048548  008.07539401
111  58.20050117  008.07585753
111  58.20061500  008.07680702
111  58.20130257  008.07760686
111  58.20148749  008.07705416
111  58.20191355  008.07641508
111  58.20270121  008.07734522
112  58.20283865  008.07754412  58.20289027  008.07763346
111  58.20295713  008.07778286
111  58.20307029  008.07806083
111  58.20332907  008.07769781
111  58.20382217  008.07886426
111  58.20383274  008.07884577
112  58.20381245  008.07860492  58.20381599  008.07851286
111  58.20383547  008.07845380
111  58.20413410  008.07750449
111  58.20421328  008.07725670
111  58.20431698  008.07696548
111  58.20423128  008.07684788
111  58.20426773  008.07673450
111  58.20416306  008.07660522
111  58.20413010  008.07671063
111  58.20147027  008.07353864
111  58.20144396  008.07361490
111  58.20119383  008.07330820
111  58.20125460  008.07318243
111  58.20122056  008.07314092
111  58.20125147  008.07305580
111  58.20102297  008.07280732
111  58.20097982  008.07293946
111  58.20059530  008.07250338
111  58.20069885  008.07217673
111  58.20060591  008.07206620
111  58.20053646  008.07227824
113  58.19998597  008.07163487
110 1 0.00 35.0000 New Taxiway 15
111  58.20426773  008.07673450
111  58.20487713  008.07483918
112  58.20487713  008.07483918  58.20489439  008.07478920
111  58.20492369  008.07482405
111  58.20488846  008.07428562
113  58.20416306  008.07660522
110 1 0.00 83.5000 New Taxiway 3
111  58.20473898  008.07287283
111  58.20475187  008.07305558
111  58.20462858  008.07310681
111  58.20467662  008.07367168
111  58.20479339  008.07364387
111  58.20480422  008.07379724
111  58.20487534  008.07409128
111  58.20493415  008.07497869
111  58.20524547  008.07491963
111  58.20507359  008.07241592
111  58.20493995  008.07248466
113  58.20488570  008.07266036
130 Airport Boundary 8
111  58.19679470  008.08107491
111  58.19997074  008.08947429
111  58.20061692  008.09042767
111  58.20161695  008.09048080
111  58.20504132  008.09014912
111  58.20596458  008.09055931
111  58.20891618  008.09560702
111  58.21111402  008.09783320
111  58.21181121  008.09737372
111  58.21271462  008.09754015
111  58.21289795  008.09671336
111  58.21287479  008.09598920
111  58.21140279  008.09209900
111  58.20755405  008.08724334
111  58.20616903  008.08463865
111  58.20552210  008.08295161
111  58.20521831  008.07836791
111  58.20455319  008.07597732
111  58.20492974  008.07503283
111  58.20556918  008.07485218
111  58.20538910  008.07229305
111  58.20475386  008.07251615
111  58.20403802  008.07155301
111  58.20322834  008.07096447
111  58.20219303  008.07109541
111  58.20174257  008.07199110
111  58.20133050  008.07244047
111  58.19958571  008.07022402
111  58.19710331  008.07190853
113  58.19563605  008.07403903
120 Circle Number
112  58.20359785  008.07747500  58.20359785  008.07750466 10
112  58.20356955  008.07752870  58.20355392  008.07752870 10
112  58.20354125  008.07747500  58.20354125  008.07744534 10
114  58.20356955  008.07742130  58.20358518  008.07742130 10
120 Circle Number
112  58.20299501  008.07676835  58.20299501  008.07679801 10
112  58.20296671  008.07682205  58.20295108  008.07682205 10
112  58.20293841  008.07676835  58.20293841  008.07673869 10
114  58.20296671  008.07671465  58.20298234  008.07671465 10
120 Circle Number
112  58.20267389  008.07638702  58.20267389  008.07641667 10
112  58.20264559  008.07644072  58.20262996  008.07644072 10
112  58.20261729  008.07638701  58.20261729  008.07635736 10
114  58.20264559  008.07633332  58.20266122  008.07633332 10
120 Circle Number
112  58.20234411  008.07600480  58.20234411  008.07603446 10
112  58.20231581  008.07605850  58.20230018  008.07605850 10
112  58.20228751  008.07600480  58.20228751  008.07597514 10
114  58.20231581  008.07595110  58.20233144  008.07595110 10
120 Circle Number
112  58.20203720  008.07563461  58.20203720  008.07566427 10
112  58.20200891  008.07568831  58.20199328  008.07568831 10
112  58.20198061  008.07563461  58.20198061  008.07560495 10
114  58.20200891  008.07558091  58.20202453  008.07558091 10
120 Circle Number
112  58.20172567  008.07526288  58.20172567  008.07529254 10
112  58.20169737  008.07531658  58.20168174  008.07531658 10
112  58.20166908  008.07526288  58.20166908  008.07523322 10
114  58.20169737  008.07520918  58.20171300  008.07520918 10
120 Circle Number
112  58.20140473  008.07488821  58.20140473  008.07491787 10
112  58.20137643  008.07494191  58.20136081  008.07494191 10
112  58.20134814  008.07488821  58.20134814  008.07485855 10
114  58.20137643  008.07483451  58.20139206  008.07483451 10
120 Circle Number
112  58.20109150  008.07451581  58.20109150  008.07454547 10
112  58.20106321  008.07456951  58.20104758  008.07456951 10
112  58.20103491  008.07451581  58.20103491  008.07448615 10
114  58.20106321  008.07446211  58.20107883  008.07446211 10
120 Circle Number
112  58.20074323  008.07409632  58.20074323  008.07412597 10
112  58.20071494  008.07415001  58.20069931  008.07415001 10
112  58.20068664  008.07409631  58.20068664  008.07406666 10
114  58.20071494  008.07404262  58.20073057  008.07404262 10
120 Circle Number
112  58.20035751  008.07363502  58.20035751  008.07366468 10
112  58.20032921  008.07368872  58.20031359  008.07368872 10
112  58.20030092  008.07363502  58.20030092  008.07360537 10
114  58.20032921  008.07358133  58.20034484  008.07358133 10
120 Circle Parking
112  58.20004374  008.07285437  58.20004374  008.07292029 10
112  58.19998084  008.07297373  58.19994610  008.07297373 10
112  58.19991794  008.07285437  58.19991794  008.07278845 10
114  58.19998084  008.07273501  58.20001558  008.07273501 10
120 Circle Parking
112  58.20018374  008.07301140  58.20018374  008.07307733 10
112  58.20012084  008.07313077  58.20008610  008.07313077 10
112  58.20005794  008.07301140  58.20005794  008.07294548 10
114  58.20012084  008.07289204  58.20015558  008.07289204 10
120 Circle Parking
112  58.20034428  008.07266084  58.20034428  008.07270750 10
112  58.20029976  008.07274533  58.20027517  008.07274533 10
112  58.20025524  008.07266084  58.20025524  008.07261418 10
114  58.20029976  008.07257635  58.20032435  008.07257635 10
120 Circle Parking
112  58.20028651  008.07283061  58.20028651  008.07287727 10
112  58.20024198  008.07291510  58.20021739  008.07291510 10
112  58.20019746  008.07283060  58.20019746  008.07278394 10
114  58.20024198  008.07274611  58.20026657  008.07274611 10
120 Circle Parking
112  58.20019425  008.07272568  58.20019425  008.07277234 10
112  58.20014973  008.07281017  58.20012514  008.07281017 10
112  58.20010521  008.07272568  58.20010521  008.07267902 10
114  58.20014973  008.07264119  58.20017432  008.07264119 10
120 Circle Parking
112  58.20025078  008.07255297  58.20025078  008.07259963 10
112  58.20020626  008.07263746  58.20018167  008.07263746 10
112  58.20016174  008.07255297  58.20016174  008.07250631 10
114  58.20020626  008.07246848  58.20023085  008.07246848 10
120 Circle Parking
112  58.20015853  008.07244451  58.20015853  008.07249117 10
112  58.20011401  008.07252900  58.20008942  008.07252900 10
112  58.20006949  008.07244451  58.20006949  008.07239784 10
114  58.20011401  008.07236002  58.20013860  008.07236002 10
120 Circle Parking
112  58.20010355  008.07261722  58.20010355  008.07266388 10
112  58.20005903  008.07270171  58.20003444  008.07270171 10
112  58.20001451  008.07261722  58.20001451  008.07257056 10
114  58.20005903  008.07253273  58.20008362  008.07253273 10
120 Circle Parking
112  58.20066988  008.07628726  58.20066988  008.07633230 10
112  58.20062691  008.07636880  58.20060317  008.07636880 10
112  58.20058394  008.07628726  58.20058394  008.07624222 10
114  58.20062691  008.07620571  58.20065064  008.07620571 10
120 Circle Parking
112  58.20069783  008.07652246  58.20069783  008.07656749 10
112  58.20065486  008.07660400  58.20063113  008.07660400 10
112  58.20061189  008.07652246  58.20061189  008.07647742 10
114  58.20065486  008.07644091  58.20067859  008.07644091 10
120 Circle Parking
112  58.20092215  008.07684742  58.20092215  008.07691631 10
112  58.20085642  008.07697216  58.20082011  008.07697216 10
112  58.20079068  008.07684742  58.20079068  008.07677852 10
114  58.20085642  008.07672267  58.20089272  008.07672267 10
120 Circle Parking
112  58.20104925  008.07700092  58.20104925  008.07706981 10
112  58.20098352  008.07712566  58.20094722  008.07712566 10
112  58.20091779  008.07700092  58.20091779  008.07693202 10
114  58.20098352  008.07687617  58.20101983  008.07687617 10
120 Circle Parking
112  58.20118046  008.07715159  58.20118046  008.07722048 10
112  58.20111473  008.07727633  58.20107842  008.07727633 10
112  58.20104899  008.07715159  58.20104899  008.07708269 10
114  58.20111473  008.07702684  58.20115103  008.07702684 10
120 Circle Parking
112  58.20130945  008.07729840  58.20130945  008.07736729 10
112  58.20124371  008.07742314  58.20120741  008.07742314 10
112  58.20117798  008.07729840  58.20117798  008.07722950 10
114  58.20124371  008.07717365  58.20128002  008.07717365 10
120 Linear Feature 31
111  58.20209513  008.07208457 25
115  58.20209495  008.07202569
120 Linear Feature 31
111  58.20209338  008.07208447 25
115  58.20209321  008.07202566
120 Linear Feature 31
111  58.20209162  008.07208437 25
115  58.20209144  008.07202563
120 Linear Feature 31
111  58.20208980  008.07208426 25
115  58.20208962  008.07202560
120 Linear Feature 31
111  58.20208808  008.07208416 25
115  58.20208790  008.07202558
120 Linear Feature 31
111  58.20208624  008.07208405 25
115  58.20208606  008.07202555
120 Linear Feature 31
111  58.20208427  008.07208394 25
115  58.20208409  008.07202551
120 Linear Feature 31
111  58.20208245  008.07208383 25
115  58.20208227  008.07202548
120 Linear Feature 31
111  58.20207098  008.07208382 25
115  58.20207080  008.07202548
120 Linear Feature 31
111  58.20207230  008.07208380 25
115  58.20207212  008.07202548
120 Linear Feature 31
111  58.20207410  008.07208379 25
115  58.20207392  008.07202547
120 Linear Feature 31
111  58.20207567  008.07208377 25
115  58.20207549  008.07202547
120 Linear Feature 31
111  58.20207715  008.07208376 25
115  58.20207697  008.07202546
120 Linear Feature 31
111  58.20207890  008.07208374 25
115  58.20207872  008.07202546
120 Linear Feature 31
111  58.20208057  008.07208373 25
115  58.20208040  008.07202545
120 Linear Feature 31
111  58.20289445  008.07280218 25
115  58.20292909  008.07269261
120 Linear Feature 31
111  58.20289307  008.07280016 25
115  58.20292768  008.07269065
120 Linear Feature 31
111  58.20289167  008.07279812 25
115  58.20292627  008.07268867
120 Linear Feature 31
111  58.20289023  008.07279601 25
115  58.20292480  008.07268662
120 Linear Feature 31
111  58.20288886  008.07279402 25
115  58.20292341  008.07268468
120 Linear Feature 31
111  58.20288740  008.07279188 25
115  58.20292193  008.07268260
120 Linear Feature 31
111  58.20288585  008.07278961 25
115  58.20292035  008.07268040
120 Linear Feature 31
111  58.20288440  008.07278750 25
115  58.20291888  008.07267834
120 Linear Feature 31
111  58.20287512  008.07277473 25
115  58.20290959  008.07266558
120 Linear Feature 31
111  58.20287619  008.07277618 25
115  58.20291066  008.07266704
120 Linear Feature 31
111  58.20287765  008.07277817 25
115  58.20291212  008.07266904
120 Linear Feature 31
111  58.20287893  008.07277991 25
115  58.20291339  008.07267078
120 Linear Feature 31
111  58.20288013  008.07278154 25
115  58.20291459  008.07267243
120 Linear Feature 31
111  58.20288155  008.07278348 25
115  58.20291601  008.07267437
120 Linear Feature 31
111  58.20288291  008.07278533 25
115  58.20291737  008.07267623
120 Linear Feature 31
111  58.20209480  008.07218122 25
115  58.20209462  008.07212484
120 Linear Feature 31
111  58.20209305  008.07218112 25
115  58.20209287  008.07212481
120 Linear Feature 31
111  58.20209129  008.07218102 25
115  58.20209111  008.07212478
120 Linear Feature 31
111  58.20208947  008.07218092 25
115  58.20208929  008.07212475
120 Linear Feature 31
111  58.20208775  008.07218082 25
115  58.20208757  008.07212473
120 Linear Feature 31
111  58.20208590  008.07218072 25
115  58.20208573  008.07212470
120 Linear Feature 31
111  58.20208394  008.07218061 25
115  58.20208376  008.07212467
120 Linear Feature 31
111  58.20208212  008.07218051 25
115  58.20208194  008.07212464
120 Linear Feature 31
111  58.20207065  008.07218049 25
115  58.20207047  008.07212463
120 Linear Feature 31
111  58.20207197  008.07218048 25
115  58.20207179  008.07212463
120 Linear Feature 31
111  58.20207377  008.07218047 25
115  58.20207359  008.07212463
120 Linear Feature 31
111  58.20207534  008.07218045 25
115  58.20207516  008.07212462
120 Linear Feature 31
111  58.20207682  008.07218044 25
115  58.20207664  008.07212462
120 Linear Feature 31
111  58.20207857  008.07218042 25
115  58.20207839  008.07212461
120 Linear Feature 31
111  58.20208024  008.07218041 25
115  58.20208006  008.07212461
120 Linear Feature 31
111  58.20170327  008.07219226 25
115  58.20168492  008.07212136
120 Linear Feature 31
111  58.20170168  008.07219363 25
115  58.20168333  008.07212272
120 Linear Feature 31
111  58.20170008  008.07219501 25
115  58.20168173  008.07212411
120 Linear Feature 31
111  58.20169842  008.07219644 25
115  58.20168006  008.07212553
120 Linear Feature 31
111  58.20169685  008.07219779 25
115  58.20167850  008.07212689
120 Linear Feature 31
111  58.20169517  008.07219923 25
115  58.20167682  008.07212833
120 Linear Feature 31
111  58.20169338  008.07220077 25
115  58.20167503  008.07212987
120 Linear Feature 31
111  58.20169172  008.07220221 25
115  58.20167336  008.07213130
120 Linear Feature 31
111  58.20168140  008.07221170 25
115  58.20166305  008.07214080
120 Linear Feature 31
111  58.20168258  008.07221060 25
115  58.20166423  008.07213970
120 Linear Feature 31
111  58.20168420  008.07220909 25
115  58.20166585  008.07213819
120 Linear Feature 31
111  58.20168561  008.07220778 25
115  58.20166726  008.07213688
120 Linear Feature 31
111  58.20168694  008.07220654 25
115  58.20166859  008.07213564
120 Linear Feature 31
111  58.20168851  008.07220507 25
115  58.20167016  008.07213417
120 Linear Feature 31
111  58.20169001  008.07220368 25
115  58.20167166  008.07213277
120 Linear Feature 31
111  58.20173908  008.07230975 25
115  58.20172073  008.07223884
120 Linear Feature 31
111  58.20173749  008.07231111 25
115  58.20171914  008.07224021
120 Linear Feature 31
111  58.20173588  008.07231250 25
115  58.20171753  008.07224159
120 Linear Feature 31
111  58.20173422  008.07231392 25
115  58.20171587  008.07224302
120 Linear Feature 31
111  58.20173266  008.07231527 25
115  58.20171430  008.07224437
120 Linear Feature 31
111  58.20173097  008.07231672 25
115  58.20171262  008.07224582
120 Linear Feature 31
111  58.20172919  008.07231826 25
115  58.20171084  008.07224736
120 Linear Feature 31
111  58.20172752  008.07231969 25
115  58.20170917  008.07224879
120 Linear Feature 31
111  58.20171721  008.07232919 25
115  58.20169886  008.07225828
120 Linear Feature 31
111  58.20171839  008.07232809 25
115  58.20170004  008.07225719
120 Linear Feature 31
111  58.20172001  008.07232658 25
115  58.20170166  008.07225568
120 Linear Feature 31
111  58.20172142  008.07232527 25
115  58.20170306  008.07225437
120 Linear Feature 31
111  58.20172274  008.07232403 25
115  58.20170439  008.07225313
120 Linear Feature 31
111  58.20172432  008.07232256 25
115  58.20170596  008.07225166
120 Linear Feature 31
111  58.20172582  008.07232116 25
115  58.20170747  008.07225026
120 Linear Feature 31
111  58.20195599  008.07266411 25
115  58.20191444  008.07265956
120 Linear Feature 31
111  58.20195584  008.07266741 25
115  58.20191429  008.07266286
120 Linear Feature 31
111  58.20195569  008.07267074 25
115  58.20191413  008.07266619
120 Linear Feature 31
111  58.20195552  008.07267418 25
115  58.20191397  008.07266964
120 Linear Feature 31
111  58.20195537  008.07267744 25
115  58.20191382  008.07267290
120 Linear Feature 31
111  58.20195521  008.07268093 25
115  58.20191365  008.07267638
120 Linear Feature 31
111  58.20195504  008.07268464 25
115  58.20191348  008.07268009
120 Linear Feature 31
111  58.20195488  008.07268809 25
115  58.20191332  008.07268355
120 Linear Feature 31
111  58.20195416  008.07270980 25
115  58.20191260  008.07270526
120 Linear Feature 31
111  58.20195424  008.07270732 25
115  58.20191268  008.07270277
120 Linear Feature 31
111  58.20195434  008.07270390 25
115  58.20191278  008.07269935
120 Linear Feature 31
111  58.20195443  008.07270093 25
115  58.20191287  008.07269639
120 Linear Feature 31
111  58.20195451  008.07269812 25
115  58.20191296  008.07269358
120 Linear Feature 31
111  58.20195461  008.07269481 25
115  58.20191306  008.07269026
120 Linear Feature 31
111  58.20195471  008.07269163 25
115  58.20191316  008.07268709
120 Linear Feature 31
111  58.20310144  008.07419576 25
115  58.20296299  008.07462172
120 Linear Feature 31
111  58.20310291  008.07419754 25
115  58.20296446  008.07462350
120 Linear Feature 31
111  58.20310439  008.07419933 25
115  58.20296595  008.07462530
120 Linear Feature 31
111  58.20310593  008.07420119 25
115  58.20296748  008.07462716
120 Linear Feature 31
111  58.20310739  008.07420295 25
115  58.20296894  008.07462891
120 Linear Feature 31
111  58.20310894  008.07420483 25
115  58.20297049  008.07463079
120 Linear Feature 31
111  58.20311060  008.07420683 25
115  58.20297215  008.07463279
120 Linear Feature 31
111  58.20311214  008.07420869 25
115  58.20297369  008.07463466
120 Linear Feature 31
111  58.20311372  008.07421060 25
115  58.20297527  008.07463656
120 Linear Feature 31
111  58.20249110  008.07361999 25
115  58.20238496  008.07395104
120 Linear Feature 31
111  58.20249257  008.07362177 25
115  58.20238643  008.07395282
120 Linear Feature 31
111  58.20249406  008.07362357 25
115  58.20238792  008.07395462
120 Linear Feature 31
111  58.20249560  008.07362543 25
115  58.20238945  008.07395648
120 Linear Feature 31
111  58.20249705  008.07362718 25
115  58.20239091  008.07395823
120 Linear Feature 31
111  58.20249861  008.07362906 25
115  58.20239246  008.07396011
120 Linear Feature 31
111  58.20250026  008.07363106 25
115  58.20239412  008.07396211
120 Linear Feature 31
111  58.20250180  008.07363293 25
115  58.20239566  008.07396397
120 Linear Feature 31
111  58.20250339  008.07363484 25
115  58.20239724  008.07396588
120 Linear Feature 31
111  58.20251517  008.07503392 25
115  58.20248746  008.07512132
120 Linear Feature 31
111  58.20251665  008.07503570 25
115  58.20248893  008.07512309
120 Linear Feature 31
111  58.20251813  008.07503750 25
115  58.20249042  008.07512489
120 Linear Feature 31
111  58.20251967  008.07503936 25
115  58.20249196  008.07512675
120 Linear Feature 31
111  58.20252112  008.07504111 25
115  58.20249341  008.07512850
120 Linear Feature 31
111  58.20252268  008.07504299 25
115  58.20249497  008.07513038
120 Linear Feature 31
111  58.20252433  008.07504499 25
115  58.20249662  008.07513238
120 Linear Feature 31
111  58.20252588  008.07504686 25
115  58.20249816  008.07513425
120 Linear Feature 31
111  58.20252746  008.07504877 25
115  58.20249974  008.07513615
120 Linear Feature 31
111  58.20211371  008.07451928 25
115  58.20207499  008.07463481
120 Linear Feature 31
111  58.20211519  008.07452103 25
115  58.20207647  008.07463658
120 Linear Feature 31
111  58.20211668  008.07452280 25
115  58.20207795  008.07463838
120 Linear Feature 31
111  58.20211823  008.07452463 25
115  58.20207949  008.07464024
120 Linear Feature 31
111  58.20211969  008.07452635 25
115  58.20208094  008.07464199
120 Linear Feature 31
111  58.20212126  008.07452821 25
115  58.20208250  008.07464387
120 Linear Feature 31
111  58.20212292  008.07453017 25
115  58.20208416  008.07464587
120 Linear Feature 31
111  58.20212448  008.07453201 25
115  58.20208570  008.07464774
120 Linear Feature 31
111  58.20212607  008.07453389 25
115  58.20208728  008.07464965
120 Linear Feature 16
112  58.20192313  008.07177899  58.20192701  008.07178346 20
111  58.20191906  008.07189158
112  58.20191906  008.07189158  58.20191837  008.07189763 20
111  58.20191284  008.07189703 20
111  58.20189346  008.07189340 20
112  58.20189251  008.07187433  58.20189832  008.07185831
111  58.20189251  008.07187433 20
112  58.20192313  008.07177899  58.20192742  008.07177584
111  58.20192313  008.07177899
111  58.20188533  008.07202915
112  58.20188533  008.07202915  58.20191009  008.07203009 20
112  58.20192696  008.07212131  58.20192495  008.07216870 20
112  58.20188304  008.07220003  58.20186007  008.07220003 20
112  58.20183342  008.07210841  58.20183486  008.07203813 20
116  58.20188533  008.07202915  58.20190859  008.07203135
120 Linear Feature 6
111  58.20218050  008.07210955 1
111  58.20200244  008.07207330
112  58.20200244  008.07207330  58.20199867  008.07207255 1
111  58.20199759  008.07208415 1
111  58.20199901  008.07212536 1
112  58.20200530  008.07213349  58.20201026  008.07213274
111  58.20200530  008.07213349 1
111  58.20218050  008.07210955 3
112  58.20271748  008.07249759  58.20306209  008.07289251
111  58.20271748  008.07249759 8
111  58.20356790  008.07354600 8
112  58.20422158  008.07489711  58.20444467  008.07577004
111  58.20422158  008.07489711 8
111  58.20508103  008.07822633 8
112  58.20524242  008.07912768  58.20527156  008.07953787
111  58.20524242  008.07912768 8
111  58.20544048  008.08184527 8
112  58.20576517  008.08344943  58.20606376  008.08423312
111  58.20576517  008.08344943 8
111  58.20660536  008.08544908 8
112  58.20771167  008.08732024  58.20836995  008.08819660
111  58.20771167  008.08732024 8
111  58.21096826  008.09160416
112  58.21096826  008.09160416  58.21112797  008.09180471 8
112  58.21191565  008.09323085  58.21230222  008.09417145
111  58.21191565  008.09323085 8
111  58.21281883  008.09550186
112  58.21281883  008.09550186  58.21319587  008.09645276 8
111  58.21293550  008.09731514 3
111  58.21285655  008.09755021 3
111  58.21272593  008.09789991 1
111  58.21254230  008.09843702 1
111  58.21249019  008.09856589 1
112  58.21245830  008.09859518  58.21243886  008.09860083
111  58.21245830  008.09859518
112  58.21245830  008.09859518  58.21245592  008.09856881 1
111  58.21246584  008.09853595 1
111  58.21252756  008.09840708 1
111  58.21260984  008.09820271 1
115  58.21272593  008.09789991
120 Linear Feature 5
111  58.21237854  008.09849359 20
112  58.21247311  008.09841928  58.21251940  008.09833630 20
111  58.21254255  008.09827110 22
111  58.21277064  008.09768906 20
111  58.21285667  008.09745635
112  58.21285667  008.09745635  58.21314685  008.09666194 20
111  58.21288143  008.09580981 20
112  58.21272920  008.09536811  58.21264388  008.09515434
111  58.21272920  008.09536811 20
111  58.21188403  008.09325110 20
112  58.21132942  008.09217980  58.21106529  008.09183582
111  58.21132942  008.09217980 20
111  58.21005452  008.09046555 22
111  58.20966281  008.08995329 20
111  58.20757572  008.08719949
112  58.20757572  008.08719949  58.20683546  008.08613508 20
111  58.20657727  008.08546521 22
111  58.20628309  008.08478493 20
111  58.20570543  008.08338388
112  58.20570543  008.08338388  58.20549351  008.08288063 20
111  58.20542861  008.08206474 20
111  58.20520668  008.07904007
112  58.20520668  008.07904007  58.20517256  008.07862717 20
111  58.20504590  008.07821029 20
111  58.20419794  008.07492137 20
111  58.20411042  008.07464206
112  58.20411042  008.07464206  58.20403755  008.07442618 20
111  58.20393847  008.07451277
111  58.20390137  008.07445109
112  58.20390137  008.07445109  58.20398533  008.07432306 20
111  58.20394718  008.07422783 20
111  58.20391211  008.07414855
112  58.20391211  008.07414855  58.20369670  008.07376131 20
111  58.20353910  008.07357206 20
111  58.20308046  008.07300466
111  58.20286872  008.07275833 20
111  58.20265219  008.07247597
112  58.20265219  008.07247597  58.20251111  008.07230129 20
111  58.20231908  008.07220600
112  58.20231908  008.07220600  58.20202821  008.07208107 20
111  58.20191526  008.07233345
111  58.20206507  008.07202178 20
112  58.20271851  008.07242385  58.20300715  008.07282322
111  58.20271851  008.07242385 20
111  58.20302772  008.07281615
112  58.20302772  008.07281615  58.20312399  008.07289580 20
111  58.20317090  008.07272503
111  58.20328301  008.07269836 20
111  58.20323124  008.07284867
112  58.20323124  008.07284867  58.20318529  008.07298336 20
111  58.20326834  008.07311055 20
111  58.20362328  008.07355184 20
112  58.20414656  008.07455078  58.20427930  008.07503415
111  58.20414656  008.07455078
112  58.20414656  008.07455078  58.20417207  008.07462261 20
111  58.20422227  008.07459430
111  58.20424559  008.07486043 20
112  58.20425176  008.07489167  58.20425612  008.07490824
111  58.20425176  008.07489167 20
111  58.20499005  008.07777016 22
112  58.20519842  008.07860229  58.20524392  008.07881279 20
111  58.20526732  008.07914943 20
111  58.20545324  008.08168323
112  58.20545324  008.08168323  58.20552286  008.08273830 20
112  58.20580656  008.08347548  58.20591098  008.08369699
111  58.20580656  008.08347548 20
111  58.20592050  008.08374422 22
111  58.20639729  008.08488808
112  58.20639729  008.08488808  58.20688378  008.08601962 20
112  58.20784874  008.08743786  58.20838510  008.08813273
111  58.20784874  008.08743786 20
111  58.21095298  008.09151444
112  58.21095298  008.09151444  58.21166142  008.09235785 20
111  58.21203945  008.09345107 20
111  58.21284219  008.09546674 20
112  58.21302100  008.09706376  58.21289304  008.09805978
111  58.21302100  008.09706376
111  58.21297756  008.09740211
112  58.21297756  008.09740211  58.21295082  008.09741512 20
111  58.21292621  008.09747802 20
111  58.21271096  008.09806848 20
111  58.21265615  008.09821656 20
112  58.21255791  008.09854741  58.21252562  008.09867378 20
115  58.21258062  008.09875641
120 Linear Feature 74
111  58.20250259  008.07374847 20
112  58.20253554  008.07388216  58.20254020  008.07394583
111  58.20253554  008.07388216
112  58.20253554  008.07388216  58.20253989  008.07397766 20
111  58.20255573  008.07399653 20
111  58.20312591  008.07465906 20
111  58.20313804  008.07462798 20
111  58.20257540  008.07396124 20
112  58.20256869  008.07385513  58.20257726  008.07381976
111  58.20256869  008.07385513 20
111  58.20258658  008.07380137 20
113  58.20251397  008.07371408 20
120 Linear Feature 73
111  58.20217910  008.07378906 20
111  58.20168982  008.07320822 20
112  58.20170194  008.07313748  58.20172770  008.07312037
111  58.20170194  008.07313748 20
111  58.20312965  008.07482268
112  58.20312965  008.07482268  58.20334735  008.07507694 20
115  58.20343961  008.07502696
120 Linear Feature 72
112  58.20149638  008.07286773  58.20153440  008.07296111 20
111  58.20159508  008.07301658 20
112  58.20159296  008.07304488  58.20158053  008.07305519
111  58.20159296  008.07304488 20
111  58.20157682  008.07304383 20
115  58.20148595  008.07288860
120 Linear Feature 66
111  58.21106670  008.09399925 19
111  58.21134708  008.09404198 19
111  58.21187483  008.09473920 19
111  58.21147693  008.09580125 19
111  58.21095938  008.09511246 19
115  58.21084132  008.09462621
120 Linear Feature 25
112  58.20176594  008.07214169  58.20176666  008.07216284
111  58.20176594  008.07214169
112  58.20176594  008.07214169  58.20176666  008.07216762 24
111  58.20177474  008.07221094 24
112  58.20176719  008.07222322  58.20175515  008.07221879
111  58.20176719  008.07222322 24
111  58.20168001  008.07224676 24
112  58.20167965  008.07222868  58.20168954  008.07221231
111  58.20167965  008.07222868 24
113  58.20175299  008.07213282 24
120 Linear Feature 24
111  58.20251616  008.07116053 20
112  58.20252243  008.07114611  58.20253627  008.07114850
111  58.20252243  008.07114611 20
112  58.20262954  008.07121015  58.20266441  008.07125279
111  58.20262954  008.07121015 20
111  58.20266086  008.07124748 20
112  58.20265361  008.07126075  58.20263923  008.07125188
111  58.20265361  008.07126075
112  58.20265361  008.07126075  58.20262845  008.07122595 20
111  58.20259977  008.07121457 20
113  58.20254697  008.07118755 20
120 Linear Feature 22
111  58.20261102  008.07515363 20
111  58.20220309  008.07467752
111  58.20219252  008.07470562 24
111  58.20260103  008.07519034 24
115  58.20391878  008.07675937
120 Linear Feature 21
111  58.19946814  008.07255401 24
111  58.19951043  008.07278737
112  58.19951043  008.07278737  58.19951823  008.07283370 24
111  58.19955419  008.07281484 24
111  58.19987794  008.07265218
112  58.19987794  008.07265218  58.19992967  008.07262764 24
111  58.19996003  008.07256673 24
111  58.20007506  008.07234133 24
112  58.20014192  008.07233013  58.20017381  008.07237024
111  58.20014192  008.07233013 24
111  58.20041383  008.07265437 24
111  58.20042444  008.07271133 24
111  58.20333392  008.07611722 24
111  58.20339398  008.07607447 24
111  58.20393352  008.07671798 24
115  58.20398897  008.07654300
120 Linear Feature 21
111  58.19946661  008.07255502 30
111  58.19950888  008.07278834
112  58.19950888  008.07278834  58.19951715  008.07283746 30
111  58.19955461  008.07281782 30
111  58.19987834  008.07265517
112  58.19987834  008.07265517  58.19993053  008.07263041 30
111  58.19996121  008.07256887 30
111  58.20007614  008.07234364 30
112  58.20014104  008.07233273  58.20017197  008.07237163
111  58.20014104  008.07233273 30
111  58.20041249  008.07265641 30
111  58.20042310  008.07271339 30
111  58.20333374  008.07612064 30
111  58.20339379  008.07607790 30
111  58.20393406  008.07672227 30
115  58.20399036  008.07654460
120 Linear Feature 20
111  58.20029687  008.07373911 10
111  58.20031405  008.07368062
111  58.20069986  008.07414192 10
111  58.20067633  008.07421445
111  58.20102314  008.07463843 10
111  58.20104827  008.07456163
111  58.20136138  008.07493405 10
111  58.20133829  008.07500504
111  58.20165968  008.07537970 10
111  58.20168264  008.07530881
111  58.20199010  008.07567560 10
111  58.20196797  008.07574222
111  58.20227796  008.07611902 10
111  58.20230081  008.07605038
111  58.20263083  008.07643333 10
111  58.20260860  008.07650048
111  58.20292804  008.07689089 10
111  58.20295246  008.07681490
111  58.20356502  008.07742176 10
111  58.20353080  008.07706629 10
111  58.20346647  008.07636261 10
111  58.20338133  008.07638832
111  58.20345644  008.07625294 10
111  58.20344660  008.07614537
111  58.20322951  008.07595288 10
111  58.20319901  008.07604779
111  58.20317153  008.07613328 10
111  58.20311834  008.07607036
111  58.20291911  008.07556263 10
111  58.20288485  008.07566612
111  58.20285438  008.07575815 10
111  58.20278982  008.07568176
111  58.20252703  008.07537099 10
111  58.20246835  008.07530151
111  58.20255347  008.07529158 10
111  58.20258816  008.07518740
111  58.20227206  008.07482694 10
111  58.20224211  008.07491708
111  58.20221425  008.07500096 10
111  58.20215109  008.07492623
111  58.20195716  008.07446131 10
111  58.20193032  008.07454416
111  58.20190200  008.07463159 10
111  58.20184485  008.07456400
111  58.20163669  008.07408753 10
111  58.20160967  008.07417060
111  58.20158029  008.07426095 10
111  58.20153423  008.07420461
111  58.20132110  008.07372784 10
111  58.20129452  008.07380906
111  58.20126604  008.07389611 10
111  58.20120177  008.07381774
111  58.20118132  008.07388209 10
111  58.20124660  008.07395551
111  58.20091425  008.07348110 10
111  58.20085347  008.07341116
111  58.20094115  008.07339818 10
111  58.20096629  008.07332069
111  58.20052539  008.07302606 10
115  58.20046873  008.07296091
120 Linear Feature 18
111  58.20119125  008.07516921 10
112  58.20124855  008.07570313  58.20114388  008.07601380
111  58.20124855  008.07570313
112  58.20124855  008.07570313  58.20136395  008.07540875 10
111  58.20156592  008.07561025 10
112  58.20162371  008.07617522  58.20152093  008.07650307
111  58.20162371  008.07617522
112  58.20162371  008.07617522  58.20173353  008.07587119 10
111  58.20189463  008.07599720
111  58.20162371  008.07617522 10
111  58.20151551  008.07650856
112  58.20151551  008.07650856  58.20149986  008.07655864 10
112  58.20132010  008.07629346  58.20131433  008.07600318
111  58.20132010  008.07629346
112  58.20132010  008.07629346  58.20117480  008.07640494 10
112  58.20113037  008.07606613  58.20114777  008.07602015
111  58.20113037  008.07606613
111  58.20134999  008.07620127 10
111  58.20138524  008.07609618
111  58.20113037  008.07606613 10
115  58.20124855  008.07570313
120 Linear Feature 15
111  58.20471690  008.08149478 10
111  58.20528026  008.08289374
112  58.20528026  008.08289374  58.20535562  008.08307589 10
115  58.20537931  008.08326805
120 Linear Feature 14
111  58.20422205  008.07663393 10
111  58.20369724  008.07829071
111  58.20424814  008.07745065 10
111  58.20471342  008.07800804
112  58.20471342  008.07800804  58.20495365  008.07829145 10
111  58.20502640  008.07890126 10
111  58.20565137  008.08663438
112  58.20565137  008.08663438  58.20568487  008.08723218 10
111  58.20593490  008.08763080 10
111  58.20640125  008.08824767
111  58.20560582  008.08607070
112  58.20560582  008.08607070  58.20557619  008.08656092 10
112  58.20512168  008.08655510  58.20492845  008.08630938
111  58.20512168  008.08655510 10
115  58.20475833  008.08607447
120 Linear Feature 12
111  58.19754284  008.07651867 10 101
111  58.19716099  008.07602122 10 101
112  58.19710808  008.07518035  58.19730904  008.07474623
111  58.19710808  008.07518035
112  58.19710808  008.07518035  58.19723020  008.07492075 10 101
111  58.19750220  008.07472223 10 101
111  58.19932567  008.07358530 10 101
112  58.20000342  008.07377095  58.20031452  008.07416820
111  58.20000342  008.07377095 10
111  58.20282506  008.07709246 10
112  58.20306481  008.07752658  58.20314577  008.07771842
111  58.20306481  008.07752658 10
111  58.20471338  008.08149433 10
112  58.20471474  008.08257875  58.20452182  008.08314910
111  58.20471474  008.08257875 10
111  58.20423780  008.08387638
112  58.20423780  008.08387638  58.20382319  008.08474197 10
111  58.20337628  008.08424635 10
111  58.20294565  008.08367672
111  58.20423780  008.08387638
112  58.20423780  008.08387638  58.20393503  008.08493037 10
111  58.20440904  008.08561245 10
115  58.20475833  008.08607447
120 Linear Feature 11
111  58.19729962  008.07572513 3
112  58.19737805  008.07544665  58.19743974  008.07526688 3
112  58.19760378  008.07494300  58.19768124  008.07483540 3
111  58.19775789  008.07476717 3
111  58.19929909  008.07380774
112  58.19929909  008.07380774  58.19962743  008.07360005 3
112  58.19993630  008.07392761  58.19999751  008.07400154
111  58.19993630  008.07392761 3 102
111  58.20104340  008.07522804 3
112  58.20107424  008.07543385  58.20105041  008.07552553
111  58.20107424  008.07543385 3
111  58.20105001  008.07552440 3
111  58.20100896  008.07591878
112  58.20100896  008.07591878  58.20100492  008.07595533 3
111  58.20100901  008.07600284 3
111  58.20103989  008.07650339 3
111  58.20134423  008.07685583 3
111  58.20161797  008.07667859 3
111  58.20181764  008.07639236 3
111  58.20183267  008.07634448 3
112  58.20196525  008.07630883  58.20205061  008.07635976
111  58.20196525  008.07630883 3 102
111  58.20271871  008.07719101
112  58.20271871  008.07719101  58.20284160  008.07733036 3 102
111  58.20296706  008.07759674 3 102
111  58.20413204  008.08041249
112  58.20413204  008.08041249  58.20451829  008.08135544 3 102
111  58.20461215  008.08172219
112  58.20461215  008.08172219  58.20471972  008.08215005 3 102
111  58.20457997  008.08248052 3 102
111  58.20416781  008.08372426
112  58.20416781  008.08372426  58.20392741  008.08432247 3 102
111  58.20362781  008.08411651
111  58.20442523  008.08518517 3 102
112  58.20430620  008.08404097  58.20448651  008.08339206
111  58.20430620  008.08404097 3 102
111  58.20484423  008.08254143
112  58.20484423  008.08254143  58.20486742  008.08246564 3 102
111  58.20488986  008.08225211 3
111  58.20514909  008.08289477
112  58.20514909  008.08289477  58.20530676  008.08328939 3
111  58.20536310  008.08376009 3
111  58.20538074  008.08399973
111  58.20527409  008.08255091 3
111  58.20481542  008.08142746 3 102
111  58.20381417  008.07900971 3
112  58.20378498  008.07838682  58.20386485  008.07802009
111  58.20378498  008.07838682 3
111  58.20410044  008.07740705 2
111  58.20416549  008.07719557 3
115  58.20426476  008.07689383
120 Linear Feature 10
111  58.19686824  008.07491729 3
111  58.19894403  008.07360291 3
111  58.19911848  008.07333401 2
111  58.19929185  008.07323340 2
112  58.20008706  008.07344590  58.20050813  008.07390898
111  58.20008706  008.07344590 2
112  58.20131637  008.07488798  58.20173745  008.07535106
111  58.20131637  008.07488798
111  58.20131352  008.07490162 13
111  58.20366970  008.07766920 8
115  58.20401728  008.07657609
120 Linear Feature 17
111  58.20558414  008.08514929 4
111  58.20547718  008.08517924
111  58.20441247  008.08374479 4
111  58.20423823  008.08351178
111  58.19815741  008.07451846 4
115  58.19809826  008.07413845
120 Linear Feature 13
111  58.20007658  008.07385708 10
112  58.20029687  008.07373911  58.20038705  008.07350993
111  58.20029687  008.07373911
112  58.20029687  008.07373911  58.20022710  008.07402024 10
111  58.20034734  008.07417580
111  58.20047715  008.07432860 10
112  58.20067633  008.07421445  58.20075416  008.07400768
111  58.20067633  008.07421445
112  58.20067633  008.07421445  58.20061353  008.07446197 10
111  58.20071725  008.07461124
111  58.20082766  008.07474121 10
112  58.20102314  008.07463843  58.20110142  008.07445254
111  58.20102314  008.07463843
112  58.20102314  008.07463843  58.20096857  008.07484810 10
111  58.20105998  008.07501468
111  58.20114813  008.07511844 10
112  58.20133829  008.07500504  58.20141936  008.07481758
111  58.20133829  008.07500504
112  58.20133829  008.07500504  58.20128549  008.07523434 10
111  58.20137404  008.07538437
111  58.20145728  008.07548236 10
112  58.20165968  008.07537970  58.20173683  008.07518163
111  58.20165968  008.07537970
112  58.20165968  008.07537970  58.20159855  008.07560111 10
111  58.20170107  008.07576935
111  58.20176110  008.07584000 10
112  58.20196797  008.07574222  58.20203953  008.07553255
111  58.20196797  008.07574222
112  58.20196797  008.07574222  58.20190624  008.07597056 10
111  58.20199787  008.07611873
111  58.20208716  008.07622383 10
112  58.20227796  008.07611902  58.20235257  008.07592751
111  58.20227796  008.07611902
112  58.20227796  008.07611902  58.20222214  008.07634108 10
111  58.20231166  008.07648810
111  58.20240080  008.07659304 10
112  58.20260860  008.07650048  58.20268482  008.07628657
111  58.20260860  008.07650048
112  58.20260860  008.07650048  58.20254902  008.07674802 10
111  58.20265802  008.07689582
111  58.20273767  008.07698958 10
112  58.20292804  008.07689089  58.20299567  008.07670549
111  58.20292804  008.07689089
112  58.20292804  008.07689089  58.20287651  008.07709156 10
111  58.20294629  008.07729262
111  58.20320992  008.07787582
112  58.20320992  008.07787582  58.20332006  008.07813497 10
112  58.20357957  008.07759971  58.20357102  008.07716348
111  58.20357957  008.07759971
111  58.20338185  008.07828962
112  58.20338185  008.07828962  58.20358410  008.07862089 10
111  58.20369724  008.07829071
112  58.20369724  008.07829071  58.20359418  008.07872711 10
111  58.20368469  008.07901849
111  58.20364850  008.07865744 10
112  58.20363305  008.07818458  58.20362011  008.07802640
111  58.20363305  008.07818458 10
115  58.20357296  008.07752738
120 Linear Feature 75
111  58.20197314  008.07326417
112  58.20197314  008.07326417  58.20193646  008.07324634 20
111  58.20196035  008.07329388 20
111  58.20239602  008.07379536 20
113  58.20240461  008.07376887 20
120 safety_area_white.pol
111  58.20182207  008.07369144 20
111  58.20178761  008.07364873 20
111  58.20170805  008.07389216 20
111  58.20173603  008.07392534 20
111  58.20178031  008.07379141 20
113  58.20178587  008.07379795 20
21  58.20560475  008.08514908 6 81.1800 3.00 New WIG-WAG
21  58.20545133  008.08518764 6 81.1200 3.00 New WIG-WAG
21  58.20419930  008.08346838 6 123.2200 3.00 New WIG-WAG
21  58.20444433  008.08379965 6 124.7700 3.00 New WIG-WAG
21  58.19815681  008.07458176 6 161.8600 3.00 New WIG-WAG
21  58.19808155  008.07407240 6 161.5100 3.00 New WIG-WAG
21  58.20960761  008.09142670 3 215.0000 3.50 New PAPI-4R
21  58.20905821  008.09289854 2 215.0000 3.50 New PAPI-4L
21  58.19893170  008.07944611 3 35.0000 3.40 New PAPI-4R
21  58.19947169  008.07797595 2 35.0000 3.40 New PAPI-4L
20  58.20528851  008.08410083 81.9300 0 3 {@L}C
20  58.19818046  008.07470137 162.5000 0 3 {@R}03{@L}A{@@,safety}
20  58.19806259  008.07394725 162.5000 0 3 {@R}03{@L}A{@@,safety}
20  58.20450774  008.08388041 122.9900 0 3 {@R}21-03{@L}B{@@,safety}
20  58.20413609  008.08338532 122.9900 0 3 {@R}21-03{@L}B{@@,safety}
20  58.20569831  008.08512066 81.2400 0 3 {@R}21-03{@L}C{@@,safety}
20  58.20536145  008.08521968 81.2400 0 3 {@R}21-03{@L}C{@@,safety}
20  58.20428914  008.07775712 210.8200 0 2 {@Y,^l}F{^r}
20  58.20510849  008.08131091 81.1200 0 3 {@Y,^u}G
20  58.20463147  008.08065169 52.8600 0 3 {@Y,^u}C{@L}Y{@Y}B{^r}
14  58.20191575  008.07373470 144.36 0 New Tower Viewpoint 5
1300  58.20000837  008.07277946 -58.44 tie_down jets|turboprops|props Ramp 38
1301 A general_aviation 
1300  58.20023917  008.07259102  32.58 tie_down props Ramp 32
1301 A general_aviation 
1300  58.20026279  008.07277641 -58.44 tie_down props Ramp 34
1301 A general_aviation 
1300  58.20128814  008.07735786  35.23 tie_down jets|turboprops|props Ramp 41
1301 A general_aviation 
1300  58.20115502  008.07721321  35.23 tie_down jets|turboprops|props Ramp 42
1301 A general_aviation 
1300  58.20102674  008.07705839  35.23 tie_down jets|turboprops|props Ramp 43
1301 A general_aviation 
1300  58.20089094  008.07689133  35.23 tie_down jets|turboprops|props Ramp 44
1301 A general_aviation 
1300  58.20061849  008.07654053 169.45 tie_down props Ramp 45
1301 A general_aviation 
1300  58.20059277  008.07629790 169.45 tie_down props Ramp 46
1301 A general_aviation 
1300  58.20015168  008.07293734 -58.44 tie_down jets|turboprops|props Ramp 37
1301 A general_aviation 
1300  58.20052329  008.07303419 -58.44 gate jets|turboprops Ramp 19
1301 B airline 
1300  58.20090971  008.07349507 -58.44 gate jets|turboprops Ramp 18
1301 B airline 
1300  58.20125897  008.07391772 -58.44 gate jets|turboprops Ramp 17
1301 B airline 
1300  58.20157219  008.07428584 -58.44 gate jets|turboprops Ramp 16
1301 C airline klm aee cai vkg swn wzz
1300  58.20189209  008.07466218 -58.44 gate jets|turboprops Ramp 15
1301 C airline klm aee cai vkg swn wzz
1300  58.20220414  008.07503138 -57.81 gate jets|turboprops Ramp 14
1301 C airline klm swn sas nax wif
1300  58.20251549  008.07540563 -57.81 gate jets|turboprops Ramp 13
1301 C airline sas nax wif
1300  58.20284387  008.07578989 -57.81 gate jets|turboprops Ramp 12
1301 C airline sas nax wif
1300  58.20316149  008.07616693 -58.53 gate jets|turboprops Ramp 11
1301 C airline sas nax wif
1300  58.20347169  008.07642504 -99.99 gate jets|turboprops Ramp 10
1301 C airline sas nax wif
19  58.20852411  008.09303014 1 New Windsock 1
19  58.19867488  008.07541169 1 New Windsock 1
50 12447 Kjevik Information
54 11810 Kjevik Tower
55 11995 Kjevik Approach
1200 
1201  58.20080764  008.07571414 both 0 _stop
1201  58.20087833  008.07650310 both 1 _stop
1201  58.20141969  008.07713090 both 2 _start
1201  58.19993963  008.07369511 both 3 Y_start
1201  58.20019813  008.07399920 both 4 Y_start
1201  58.20059435  008.07446531 both 5 Y_start
1201  58.20126008  008.07524846 both 6 Y_start
1201  58.20188823  008.07598740 both 7 Y_start
1201  58.20252190  008.07673285 both 8 Y_start
1201  58.20284273  008.07711027 both 9 Y_start
1201  58.20299995  008.07736163 both 10 Y_stop
1201  58.20335722  008.07822265 both 11 Y_stop
1201  58.19975268  008.07356461 both 12 Y_stop
1201  58.20094321  008.07487570 both 13 unnamed entity(split)
1201  58.20101465  008.07496343 both 14 unnamed entity(split)
1201  58.20158218  008.07562738 both 15 unnamed entity(split)
1201  58.20219859  008.07635252 both 16 unnamed entity(split)
1201  58.19949467  008.07346872 both 17 Y_stop
1201  58.20432835  008.08362847 both 18 B_stop
1201  58.20479654  008.08235201 both 19 B_stop
1201  58.20479291  008.08167682 both 20 Bravo entry
1201  58.20385499  008.08489142 both 21 Bravo exit
1201  58.19812997  008.07433185 both 22 _stop
1201  58.19746748  008.07474229 both 23 _stop
1201  58.19722998  008.07498285 both 24 _stop
1201  58.19693793  008.07571544 both 25 _start
1201  58.20536697  008.08311032 both 26 G_stop
1201  58.20571524  008.08737354 both 27 Golf exit
1201  58.20552724  008.08516166 both 28 Golf Entry
1201  58.21148409  008.09500840 both 29 _stop
1201  58.20135756  008.07719134 both 30 _stop
1201  58.20080814  008.07655508 both 31 _stop
1201  58.20068002  008.07504421 both 32 _stop
1201  58.20219252  008.07470562 both 33 _stop
1201  58.20277812  008.07540181 both 34 _stop
1201  58.20339954  008.07614399 both 35 _stop
1201  58.20014485  008.07224003 both 36 _stop
1201  58.20077718  008.07300466 both 37 _stop
1201  58.20117670  008.07348154 both 38 _stop
1201  58.20176932  008.07419922 both 39 _stop
1201  58.20079047  008.07469603 both 40 _stop
1201  58.20007781  008.07224116 both 41 _stop
1201  58.19992379  008.07255146 both 42 _stop
1201  58.19952882  008.07277743 both 43 _start
1202 0 14 twoway taxiway_A 
1202 1 0 twoway taxiway_A 
1202 2 1 twoway taxiway_A 
1202 10 11 twoway taxiway_C Y
1202 11 20 twoway taxiway_C Y
1202 12 3 twoway taxiway_C Y
1202 3 4 twoway taxiway_C Y
1202 4 5 twoway taxiway_C Y
1202 5 40 twoway taxiway_C Y
1202 40 13 twoway taxiway_C Y
1202 13 14 twoway taxiway_C Y
1202 14 6 twoway taxiway_C Y
1202 6 15 twoway taxiway_C Y
1202 15 7 twoway taxiway_C Y
1202 7 16 twoway taxiway_C Y
1202 16 8 twoway taxiway_C Y
1202 8 9 twoway taxiway_C Y
1202 9 10 twoway taxiway_C Y
1202 17 12 twoway taxiway_C Y
1202 22 17 twoway taxiway_C Y
1202 18 19 twoway taxiway_C B
1202 19 20 twoway taxiway_C B
1202 21 18 twoway taxiway_C B
1204 departure 03,21
1204 arrival 03,21
1202 23 22 twoway taxiway_C A
1204 departure 03,21
1204 arrival 03,21
1202 24 23 twoway taxiway_C A
1204 departure 03
1204 arrival 03,21
1202 25 24 twoway taxiway_C A
1204 departure 03,21
1204 arrival 03,21
1202 28 27 twoway taxiway_A C
1204 departure 03,21
1204 arrival 03,21
1202 28 26 twoway taxiway_A C
1202 20 26 twoway taxiway_A G
1202 25 21 twoway runway 03/21
1204 departure 03,21
1204 arrival 03,21
1204 ils 03,21
1202 21 27 twoway runway 03/21
1204 departure 03,21
1204 arrival 03,21
1204 ils 03,21
1202 27 29 twoway runway 03/21
1204 departure 03,21
1204 arrival 03,21
1204 ils 03,21
1206 31 30 twoway  
1206 32 31 twoway  
1206 38 40 twoway  
1206 40 32 twoway  
1206 33 34 twoway  
1206 34 35 twoway  
1206 36 37 twoway  
1206 37 38 twoway  
1206 38 39 twoway  
1206 39 33 twoway  
1206 41 36 twoway  
1206 42 41 twoway  
1206 43 42 twoway  
1400  58.19967127  8.07257274  71.45 fuel_props 0 New Service Truck 3
1400  58.19971472  8.07253151  70.49 fuel_jets 0 New Service Truck 2
1400  58.19975668  8.07251840  70.34 fuel_liners 0 New Service Truck 1
1400  58.20053355  8.07565683  85.59 gpu 0 New Service Truck 15
1400  58.20055132  8.07595926  73.97 gpu 0 New Service Truck 14
1400  58.20120710  8.07330296  118.38 gpu 0 New Service Truck 13
1400  58.20118458  8.07325686  119.28 gpu 0 New Service Truck 12
1400  58.20132922  8.07336729  121.88 food 0 New Service Truck 11
1400  58.20135470  8.07339877  121.88 food 0 New Service Truck 11
1400  58.20137721  8.07342800  121.88 food 0 New Service Truck 11
1400  58.20140328  8.07345948  121.88 food 0 New Service Truck 11
1400  58.20214761  8.07489704  33.45 baggage_train 3 New Service Truck 10
1400  58.20215358  8.07483876  29.60 baggage_train 3 New Service Truck 9
1400  58.20193648  8.07422525  125.64 baggage_train 3 New Service Truck 8
1400  58.20195524  8.07425711  124.70 baggage_train 3 New Service Truck 7
1400  58.20094499  8.07338745  123.18 pushback 0 New Service Truck 6
1400  58.20255796  8.07527675  123.18 pushback 0 New Service Truck 6
1400  58.20345875  8.07627565  81.93 pushback 0 New Service Truck 5
1400  58.20161087  8.07416756  123.18 pushback 0 New Service Truck 6
1400  58.20345875  8.07627565  81.93 pushback 0 New Service Truck 5
1400  58.20345875  8.07627565  81.93 pushback 0 New Service Truck 5
1400  58.20177569  8.07400688  127.88 baggage_loader 0 New Service Truck 30
1400  58.20181783  8.07404453  123.36 baggage_loader 0 New Service Truck 29
99
