I
1100 Generated by WorldEditor 1.7.1r2

1    252 1 0 ENDU Bardufoss
1302 city Målselv
1302 country Norway
1302 datum_lat 69.055833333
1302 datum_lon 18.540277778
1302 faa_code 
1302 iata_code BDU
1302 icao_code ENDU
1302 region_code EN
1302 state Troms
1302 transition_alt 7000
1302 transition_level 
100 45.11 1 0 0.25 0 2 0 10  69.05950607  018.50989727  442  275 3 10 0 1 28  69.05236476  018.56784372    0  271 3 3 0 1
110 5 0.00 110.0875 New Taxiway 1
111  69.05275862  018.57116311
111  69.05260885  018.57110396
111  69.05211853  018.57372716
111  69.05194360  018.57461144
111  69.05196928  018.57475508
111  69.05215865  018.57490769
111  69.05229506  018.57477303
111  69.05233839  018.57459348
111  69.05249727  018.57377654
113  69.05256147  018.57298652
110 4 0.00 0.0000 New Taxiway 88
112  69.05426101  018.51085073  69.05421830  018.51072619
111  69.05426101  018.51085073
112  69.05423498  018.51108848  69.05417560  018.51113864
111  69.05423498  018.51108848
111  69.05420744  018.51130036
111  69.05451871  018.51144692
111  69.05452186  018.51124653
112  69.05452186  018.51124653  69.05449363  018.51116107
111  69.05450781  018.51101831
113  69.05434973  018.51098816
110 5 0.00 0.0000 New Taxiway 86
111  69.05965749  018.54407050
111  69.05933911  018.54384274
111  69.05928337  018.54463862
111  69.05924699  018.54463597
111  69.05923027  018.54490459
111  69.05932383  018.54498818
111  69.05933454  018.54517128
111  69.05921079  018.54584708
111  69.05917205  018.54584010
111  69.05916666  018.54592682
111  69.05908283  018.54590337
111  69.05902622  018.54654052
111  69.05917672  018.54662660
111  69.05921205  018.54618259
111  69.05930391  018.54623990
111  69.05926590  018.54665130
111  69.05934286  018.54663939
111  69.05950112  018.54602019
111  69.05948208  018.54584042
111  69.05954800  018.54570259
111  69.05955180  018.54538700
111  69.05958202  018.54515130
113  69.05961058  018.54474848
110 2 0.00 0.0000 New Taxiway 85
111  69.05958586  018.53600710
111  69.05991875  018.53625085
111  69.06002403  018.53474382
111  69.06006743  018.53413922
111  69.05966063  018.53471381
111  69.05965581  018.53480847
113  69.05967047  018.53482381
110 5 0.00 68.5500 New Taxiway 53
111  69.04745778  018.56668805
111  69.04739333  018.56676751
111  69.04743671  018.56705731
111  69.04739494  018.56711411
111  69.04745703  018.56749441
112  69.04745703  018.56749441  69.04749214  018.56769466
113  69.04761165  018.56777073
110 5 0.00 0.6400 New Taxiway 35
111  69.05373092  018.51554202
111  69.05371336  018.51475110
111  69.05371934  018.51431898
111  69.05350367  018.51435931
111  69.05350024  018.51403821
111  69.05252875  018.51399509
111  69.05255788  018.51315163
111  69.05269837  018.51314204
111  69.05269256  018.51159726
111  69.05249869  018.51236280
111  69.05221049  018.51276363
111  69.05213564  018.51337492
111  69.05235935  018.51391188
111  69.05249426  018.51495549
113  69.05265808  018.51548204
110 4 0.00 0.0000 New Taxiway 34
111  69.05377511  018.51180495
111  69.05375940  018.51199665
111  69.05365660  018.51198867
111  69.05363844  018.51182763
111  69.05333952  018.51181917
112  69.05331392  018.51196470  69.05328965  018.51196870
111  69.05331392  018.51196470
111  69.05301122  018.51194873
111  69.05300408  018.51306299
111  69.05360234  018.51314687
111  69.05360370  018.51273878
111  69.05367410  018.51271105
112  69.05367410  018.51271105  69.05380102  018.51265835
111  69.05379804  018.51232275
113  69.05379599  018.51181300
110 2 0.00 0.0000 New Taxiway 26
112  69.05789795  018.51395186  69.05792676  018.51388516
111  69.05789795  018.51395186
112  69.05783896  018.51390050  69.05781658  018.51382986
111  69.05783896  018.51390050
111  69.05770056  018.51350365
111  69.05750432  018.51357878
111  69.05742306  018.51378298
112  69.05742306  018.51378298  69.05740126  018.51383756
111  69.05741205  018.51395443
111  69.05743546  018.51426651
112  69.05743546  018.51426651  69.05744636  018.51442384
111  69.05736706  018.51451000
112  69.05736706  018.51451000  69.05742056  018.51450384
112  69.05751737  018.51445738  69.05756400  018.51442980
111  69.05751737  018.51445738
111  69.05748091  018.51430889
111  69.05747677  018.51413166
112  69.05753163  018.51399810  69.05757868  018.51396599
111  69.05753163  018.51399810
111  69.05769322  018.51387834
112  69.05778319  018.51400645  69.05780098  018.51413969
111  69.05778319  018.51400645
112  69.05778319  018.51400645  69.05779639  018.51409956
111  69.05775131  018.51422165
114  69.05775131  018.51422165  69.05781950  018.51412184
110 5 0.00 89.0600 New Taxiway 25
111  69.05744190  018.50806107
112  69.05749291  018.50809231  69.05751242  018.50815011
111  69.05749291  018.50809231
112  69.05751770  018.50853061  69.05750278  018.50888057
111  69.05751770  018.50853061
111  69.05749093  018.50917695
111  69.05734319  018.50931287
111  69.05717859  018.50965685
112  69.05703284  018.50965130  69.05703085  018.50965130
111  69.05688633  018.50980857
111  69.05767335  018.50972776
111  69.05763196  018.50960127
111  69.05755691  018.50957623
112  69.05751835  018.50935084  69.05752810  018.50914375
111  69.05751835  018.50935084
111  69.05754934  018.50856871
112  69.05754934  018.50856871  69.05756483  018.50819948
113  69.05752598  018.50788563
110 5 0.00 105.3000 New Taxiway 16
111  69.06056154  018.52064616
112  69.06061542  018.52065795  69.06064847  018.52069455
111  69.06061542  018.52065795
112  69.06061542  018.52065795  69.06063883  018.52068877
111  69.06062977  018.52077676
111  69.06054335  018.52159657
112  69.06054335  018.52159657  69.06052958  018.52171603
111  69.06050907  018.52174824
111  69.06068849  018.52183299
111  69.06067911  018.52176741
111  69.06074556  018.52100893
111  69.06065887  018.52091683
111  69.06067739  018.52075846
112  69.06067739  018.52075846  69.06068772  018.52065827
111  69.06067165  018.52063868
113  69.06057417  018.52053355
110 4 0.00 280.9000 New Taxiway 15
111  69.06075571  018.52513450
111  69.06081377  018.52484746
111  69.06085906  018.52412097
111  69.06071560  018.52292201
111  69.06067693  018.52293033
111  69.06073643  018.52350187
112  69.06073643  018.52350187  69.06074535  018.52359897
111  69.06069379  018.52355458
111  69.06066603  018.52385977
112  69.06070073  018.52400681  69.06069280  018.52410392
111  69.06070073  018.52400681
112  69.06070073  018.52400681  69.06068387  018.52417883
111  69.06062240  018.52412611
111  69.06060951  018.52428703
112  69.06060951  018.52428703  69.06060554  018.52436194
111  69.06062537  018.52440633
111  69.06056985  018.52436194
111  69.06056092  018.52457280
112  69.06068387  018.52491960  69.06067594  018.52514155
111  69.06068387  018.52491960
113  69.06067013  018.52506405
110 5 0.00 18.6500 New Taxiway 39
111  69.05776113  018.52642467
111  69.05772741  018.52670490
111  69.05802069  018.52699281
113  69.05805657  018.52672642
110 5 0.00 18.6500 New Taxiway 39
111  69.05692838  018.52563044
111  69.05689465  018.52591066
111  69.05724325  018.52625066
113  69.05727913  018.52598428
110 5 0.00 18.6500 New Taxiway 39
111  69.05326082  018.56278066
111  69.05322710  018.56306084
111  69.05351705  018.56334555
113  69.05355293  018.56307920
110 5 0.00 18.6500 New Taxiway 39
111  69.05239942  018.56189763
111  69.05236569  018.56217779
111  69.05271429  018.56251772
113  69.05275017  018.56225139
110 1 0.00 252.4100 New Taxiway 11
111  69.05935988  018.50936649
112  69.05918455  018.50910112  69.05914662  018.50875373
111  69.05918455  018.50910112
111  69.05911845  018.50836934
111  69.05882296  018.50610467
112  69.05882296  018.50610467  69.05881942  018.50607392
112  69.05881432  018.50601805  69.05881206  018.50599110
111  69.05881432  018.50601805
112  69.05881432  018.50601805  69.05880131  018.50586295
111  69.05880740  018.50577296
111  69.05864536  018.50466931
112  69.05851775  018.50440395  69.05846027  018.50406890
111  69.05851775  018.50440395
111  69.05837290  018.50470790
111  69.05843325  018.50517589
112  69.05839244  018.50550711  69.05833136  018.50564784
111  69.05839244  018.50550711
111  69.05896139  018.51048576
113  69.05901472  018.51219020
110 1 0.00 311.1300 New Taxiway 11
111  69.05880740  018.50577296
111  69.05969434  018.50285575
111  69.05955562  018.50162980
113  69.05864536  018.50466931
110 1 0.00 46.1600 New Taxiway 11
111  69.05969434  018.50285575
112  69.05972667  018.50285910  69.05973998  018.50290796
111  69.05972667  018.50285910
111  69.05991229  018.50346893
111  69.06004638  018.50383122
111  69.06012368  018.50318493
111  69.06049951  018.50354512
111  69.06055125  018.50370998
111  69.06063316  018.50309880
111  69.06038455  018.50265650
112  69.06001089  018.50270090  69.05982011  018.50306855
111  69.06001089  018.50270090
112  69.06001089  018.50270090  69.05998427  018.50275442
111  69.05992811  018.50269125
113  69.05955562  018.50162980
110 1 0.00 316.4200 New Taxiway 11
111  69.05896139  018.51048576
112  69.05889097  018.51122957  69.05880844  018.51144775
111  69.05889097  018.51122957
111  69.05792713  018.51387912
111  69.05795449  018.51433371
111  69.05876212  018.51207014
112  69.05901472  018.51219020  69.05913248  018.51264811
113  69.05901472  018.51219020
110 1 0.00 180.3500 New Taxiway 11
111  69.05792713  018.51387912
112  69.05789795  018.51395186  69.05787871  018.51399638
111  69.05789795  018.51395186
112  69.05789795  018.51395186  69.05786913  018.51401855
112  69.05775131  018.51422165  69.05768312  018.51432147
111  69.05775131  018.51422165
112  69.05775131  018.51422165  69.05768848  018.51431362
112  69.05751737  018.51445738  69.05742483  018.51451211
111  69.05751737  018.51445738
112  69.05751737  018.51445738  69.05747074  018.51448496
112  69.05736706  018.51451000  69.05731357  018.51451616
111  69.05736706  018.51451000
111  69.05371934  018.51431898
111  69.05371336  018.51475110
111  69.05542730  018.51482486
111  69.05585692  018.51484335
111  69.05735620  018.51490787
112  69.05735620  018.51490787  69.05773075  018.51486735
113  69.05795449  018.51433371
110 1 0.25 131.5800 New Taxiway 11
111  69.05542730  018.51482486
111  69.05504500  018.51604814
111  69.05505634  018.51712666
111  69.05569871  018.51516090
112  69.05585692  018.51484335  69.05590693  018.51483853
113  69.05585692  018.51484335
110 2 0.00 131.5800 New Taxiway 11
111  69.05542730  018.51482486
111  69.05504500  018.51604814
111  69.05505634  018.51712666
111  69.05569871  018.51516090
112  69.05585692  018.51484335  69.05590693  018.51483853
113  69.05585692  018.51484335
110 1 0.00 1.1900 New Taxiway 11
111  69.05504500  018.51604814
112  69.05504500  018.51604814  69.05497547  018.51629126
111  69.05482364  018.51630245
111  69.05376713  018.51623662
111  69.05373092  018.51554202
111  69.05339888  018.51552345
111  69.05283683  018.51745398
112  69.05298486  018.51723066  69.05305527  018.51722664
111  69.05298486  018.51723066
111  69.05322302  018.51726026
111  69.05333460  018.51727189
111  69.05481922  018.51731559
112  69.05505634  018.51712666  69.05511842  018.51693216
113  69.05505634  018.51712666
110 1 0.00 90.7000 New Taxiway 11
111  69.05322302  018.51726026
111  69.05322094  018.51786450
111  69.05333419  018.51788120
113  69.05333460  018.51727189
110 1 0.00 129.8900 New Taxiway 11
111  69.05339888  018.51552345
111  69.05265808  018.51548204
111  69.05249426  018.51495549
111  69.05235935  018.51391188
111  69.05071193  018.51912002
111  69.05163613  018.52133007
113  69.05283683  018.51745398
110 1 0.00 27.2400 New Taxiway 10
111  69.05690562  018.52945847
112  69.05667968  018.52984139  69.05652870  018.52984188
111  69.05667968  018.52984139
111  69.05663592  018.53019265
112  69.05663592  018.53019265  69.05673777  018.53040716
113  69.05673411  018.53081565
110 2 0.00 19.5700 New Taxiway 10
111  69.05667968  018.52984139
112  69.05667968  018.52984139  69.05666043  018.52984145
112  69.05661821  018.52982135  69.05659648  018.52980741
111  69.05661821  018.52982135
111  69.05626613  018.52946650
112  69.05591241  018.52825185  69.05580962  018.52738361
111  69.05591241  018.52825185
111  69.05580296  018.52837123
112  69.05580296  018.52837123  69.05581343  018.52844226
112  69.05583555  018.52857440  69.05584678  018.52863887
111  69.05583555  018.52857440
112  69.05583555  018.52857440  69.05586409  018.52873826
112  69.05592620  018.52900622  69.05595761  018.52913104
111  69.05592620  018.52900622
112  69.05592620  018.52900622  69.05608740  018.52964687
111  69.05626706  018.52980499
111  69.05658341  018.53011210
112  69.05658341  018.53011210  69.05660346  018.53013340
112  69.05663592  018.53019265  69.05665100  018.53022440
113  69.05663592  018.53019265
110 2 0.00 47.8200 New Taxiway 10
111  69.05591241  018.52825185
112  69.05591241  018.52825185  69.05589445  018.52808434
111  69.05597776  018.52796429
111  69.05605959  018.52789170
111  69.05603105  018.52762649
111  69.05593484  018.52770801
112  69.05583644  018.52755558  69.05582347  018.52742995
111  69.05583644  018.52755558
112  69.05583644  018.52755558  69.05576858  018.52688835
111  69.05562687  018.52635625
112  69.05562687  018.52635625  69.05560592  018.52623621
111  69.05564005  018.52608155
111  69.05569034  018.52595760
111  69.05562448  018.52571304
111  69.05558496  018.52582359
112  69.05546041  018.52581187  69.05541850  018.52570299
111  69.05546041  018.52581187
112  69.05546041  018.52581187  69.05529974  018.52533728
111  69.05506402  018.52507320
111  69.05504790  018.52537125
112  69.05517931  018.52556592  69.05525586  018.52569847
111  69.05517931  018.52556592
112  69.05517931  018.52556592  69.05524235  018.52567507
112  69.05539400  018.52604125  69.05546791  018.52625053
111  69.05539400  018.52604125
112  69.05539400  018.52604125  69.05541994  018.52612501
111  69.05537843  018.52627911
111  69.05535208  018.52636286
111  69.05541555  018.52657726
111  69.05545387  018.52651696
112  69.05555307  018.52657782  69.05558501  018.52671461
111  69.05555307  018.52657782
112  69.05572951  018.52762639  69.05576943  018.52806191
111  69.05572951  018.52762639
112  69.05572951  018.52762639  69.05574947  018.52784694
111  69.05567662  018.52792734
111  69.05557483  018.52799435
111  69.05560117  018.52825565
111  69.05571015  018.52822215
112  69.05580296  018.52837123  69.05582591  018.52855270
113  69.05580296  018.52837123
110 2 0.00 13.3700 New Taxiway 10
111  69.05506402  018.52507320
112  69.05500894  018.52479180  69.05501240  018.52461732
111  69.05500894  018.52479180
111  69.05501492  018.52458410
111  69.05490954  018.52452380
111  69.05490475  018.52471140
112  69.05490475  018.52471140  69.05489920  018.52487424
111  69.05480535  018.52487555
111  69.05446983  018.52465833
112  69.05441714  018.52437024  69.05442823  018.52423453
111  69.05441714  018.52437024
111  69.05443989  018.52412235
111  69.05434169  018.52406205
111  69.05432493  018.52429319
112  69.05422074  018.52449753  69.05414769  018.52447409
111  69.05422074  018.52449753
111  69.05409021  018.52440039
111  69.05407309  018.52470460
111  69.05421081  018.52481515
112  69.05425273  018.52503624  69.05424554  018.52517358
111  69.05425273  018.52503624
111  69.05423836  018.52529417
111  69.05433656  018.52534777
111  69.05435691  018.52510658
112  69.05448146  018.52497259  69.05455354  018.52502881
111  69.05448146  018.52497259
111  69.05478803  018.52518365
112  69.05478803  018.52518365  69.05485664  018.52524956
111  69.05483594  018.52548179
111  69.05480839  018.52571294
111  69.05491258  018.52578664
111  69.05493533  018.52554879
112  69.05504790  018.52537125  69.05510750  018.52543134
113  69.05504790  018.52537125
110 2 0.00 53.1300 New Taxiway 10
111  69.05409021  018.52440039
112  69.05360902  018.52368451  69.05346232  018.52323787
111  69.05360902  018.52368451
112  69.05360902  018.52368451  69.05357908  018.52359239
111  69.05363397  018.52340071
111  69.05371048  018.52324019
111  69.05364977  018.52299361
111  69.05355663  018.52317739
112  69.05345267  018.52310295  69.05341076  018.52292259
111  69.05345267  018.52310295
112  69.05345267  018.52310295  69.05333491  018.52255691
111  69.05333131  018.52193472
111  69.05322403  018.52195109
112  69.05337372  018.52330104  69.05351233  018.52385142
111  69.05337372  018.52330104
112  69.05337372  018.52330104  69.05341253  018.52345224
111  69.05336414  018.52360587
111  69.05328750  018.52376330
111  69.05335217  018.52398439
111  69.05342402  018.52383365
112  69.05353060  018.52387050  69.05357351  018.52398774
111  69.05353060  018.52387050
112  69.05353060  018.52387050  69.05375414  018.52450416
113  69.05407309  018.52470460
110 2 0.00 88.5600 New Taxiway 10
111  69.05333131  018.52193472
111  69.05333170  018.52138574
112  69.05341198  018.52121824  69.05345772  018.52121243
111  69.05341198  018.52121824
111  69.05346853  018.52122290
111  69.05347358  018.52094329
111  69.05340449  018.52091816
112  69.05333223  018.52064376  69.05333154  018.52042083
111  69.05333223  018.52064376
111  69.05333342  018.51897995
112  69.05340606  018.51875547  69.05346594  018.51875780
111  69.05340606  018.51875547
111  69.05351300  018.51876222
111  69.05351863  018.51845065
111  69.05341564  018.51845400
112  69.05341564  018.51845400  69.05334328  018.51844702
111  69.05333395  018.51823295
111  69.05333419  018.51788120
111  69.05322094  018.51786450
111  69.05321967  018.51823299
112  69.05311984  018.51844730  69.05303501  018.51842404
111  69.05311984  018.51844730
111  69.05305398  018.51841381
111  69.05305217  018.51871558
111  69.05314619  018.51873538
112  69.05322055  018.51898321  69.05321972  018.51913209
111  69.05322055  018.51898321
111  69.05322257  018.52070827
112  69.05322257  018.52070827  69.05322673  018.52091763
111  69.05312703  018.52092273
111  69.05303899  018.52092287
111  69.05303721  018.52122086
111  69.05314739  018.52122756
112  69.05322342  018.52143521  69.05323035  018.52158254
111  69.05322342  018.52143521
113  69.05322403  018.52195109
110 2 0.00 95.1200 New Taxiway 9
111  69.04918913  018.56095909
111  69.04858173  018.56079700
111  69.04856017  018.56192804
111  69.04869240  018.56197455
112  69.04876226  018.56226992  69.04876226  018.56253785
111  69.04876226  018.56226992
111  69.04867860  018.56483976
113  69.04904026  018.56497372
110 1 0.00 19.1000 New Taxiway 7
111  69.05467096  018.54745713
112  69.05431269  018.54791215  69.05413306  018.54774734
111  69.05431269  018.54791215
111  69.05356290  018.54712298
111  69.05339921  018.54823879
112  69.05374267  018.54778858  69.05396168  018.54799599
111  69.05374267  018.54778858
111  69.05428444  018.54830310
112  69.05428444  018.54830310  69.05443821  018.54846791
113  69.05445545  018.54920354
110 1 0.00 108.7800 New Taxiway 7
111  69.05356290  018.54712298
112  69.05343931  018.54708842  69.05341690  018.54705465
111  69.05343931  018.54681347
112  69.05349212  018.54651320  69.05353050  018.54633758
111  69.05349212  018.54651320
111  69.05324725  018.54658684
112  69.05327693  018.54679338  69.05329938  018.54693801
111  69.05327693  018.54679338
111  69.05328124  018.54700642
112  69.05328124  018.54700642  69.05327779  018.54713665
111  69.05320364  018.54722750
111  69.05307355  018.54833853
112  69.05314659  018.54910167  69.05310313  018.54946054
111  69.05314659  018.54910167
111  69.05307405  018.54968739
111  69.05298128  018.55043652
111  69.05260562  018.55347001
111  69.05253100  018.55407256
111  69.05210449  018.55751661
111  69.05202013  018.55819787
111  69.05181528  018.55985199
111  69.05175019  018.56037764
111  69.05117664  018.56500904
111  69.05108841  018.56572043
111  69.05087097  018.56649025
111  69.05094377  018.56683368
111  69.05140446  018.56455333
113  69.05339921  018.54823879
110 1 0.00 20.7700 New Taxiway 7
111  69.05117664  018.56500904
112  69.05098523  018.56471116  69.05089375  018.56432970
111  69.05098523  018.56471116
111  69.05090118  018.56531377
112  69.05090118  018.56531377  69.05110660  018.56533006
113  69.05108841  018.56572043
110 1 0.00 20.6500 New Taxiway 7
111  69.05181528  018.55985199
112  69.05169953  018.55985653  69.05160112  018.55976930
111  69.05169953  018.55985653
111  69.05165213  018.56017419
112  69.05165213  018.56017419  69.05176232  018.56024010
113  69.05175019  018.56037764
110 1 0.00 20.8700 New Taxiway 7
111  69.05210449  018.55751661
112  69.05203232  018.55758074  69.05197883  018.55751375
111  69.05203232  018.55758074
111  69.05182626  018.55734364
112  69.05182626  018.55734364  69.05176638  018.55726828
111  69.05173326  018.55715944
111  69.05162590  018.55778805
111  69.05176532  018.55777544
111  69.05198869  018.55798309
112  69.05198869  018.55798309  69.05203061  018.55803110
113  69.05202013  018.55819787
110 1 0.00 197.5900 New Taxiway 7
111  69.05260562  018.55347001
112  69.05244918  018.55330753  69.05240128  018.55310097
111  69.05244918  018.55330753
111  69.05236453  018.55387617
112  69.05236453  018.55387617  69.05246333  018.55383988
113  69.05253100  018.55407256
110 1 0.00 21.1600 New Taxiway 7
111  69.05307405  018.54968739
112  69.05290983  018.54968991  69.05281004  018.54946381
111  69.05290983  018.54968991
111  69.05281008  018.55017732
112  69.05281008  018.55017732  69.05293083  018.55013545
113  69.05298128  018.55043652
110 1 0.00 151.9800 New Taxiway 7
111  69.05320364  018.54722750
111  69.05125987  018.55003698
111  69.05099552  018.55041906
111  69.05022435  018.55153369
111  69.04997603  018.55189261
112  69.04997603  018.55189261  69.04979784  018.55223021
111  69.04967005  018.55283289
112  69.04962348  018.55287243  69.04959936  018.55284684
111  69.04962348  018.55287243
111  69.04952950  018.55272590
112  69.04952950  018.55272590  69.04951869  018.55263054
111  69.04944592  018.55246308
111  69.04931163  018.55314830
112  69.04945466  018.55316083  69.04948376  018.55307710
111  69.04945466  018.55316083
111  69.04955778  018.55330271
112  69.04955778  018.55330271  69.04958439  018.55334457
111  69.04955552  018.55366088
111  69.04969762  018.55393187
112  69.05021356  018.55204501  69.05070073  018.55133766
111  69.05021356  018.55204501
111  69.05090905  018.55103406
111  69.05113055  018.55071209
111  69.05283506  018.54823445
112  69.05283506  018.54823445  69.05298020  018.54804554
113  69.05307355  018.54833853
110 1 0.00 64.0500 New Taxiway 7
111  69.05022435  018.55153369
112  69.05015966  018.55144046  69.05014816  018.55133596
111  69.05015966  018.55144046
111  69.05010876  018.55108041
111  69.05009479  018.55089620
111  69.04988322  018.55112786
111  69.04996106  018.55132602
111  69.05002294  018.55168328
112  69.04997603  018.55189261  69.04991855  018.55199710
113  69.04997603  018.55189261
110 1 0.00 60.3700 New Taxiway 7
111  69.05090905  018.55103406
112  69.05101709  018.55164750  69.05095971  018.55216386
111  69.05101709  018.55164750
111  69.05123936  018.55129225
112  69.05123936  018.55129225  69.05109382  018.55102709
113  69.05113055  018.55071209
110 1 0.00 245.0600 New Taxiway 7
111  69.05125987  018.55003698
112  69.05125987  018.55003698  69.05120400  018.55008328
111  69.05118523  018.54998472
111  69.05105808  018.54910988
111  69.05089582  018.54937903
111  69.05103853  018.55012428
112  69.05099552  018.55041906  69.05093551  018.55053481
113  69.05099552  018.55041906
110 1 0.00 96.1000 New Taxiway 7
111  69.04955552  018.55366088
111  69.04950324  018.55496528
111  69.04947391  018.55569735
111  69.04934271  018.55897127
111  69.04931087  018.55976594
111  69.04929702  018.56011144
112  69.04916796  018.56037432  69.04907893  018.56036624
111  69.04916796  018.56037432
111  69.04916413  018.56047873
112  69.04916413  018.56047873  69.04926087  018.56052988
111  69.04926709  018.56085835
111  69.04923514  018.56165558
112  69.04916028  018.56173719  69.04911292  018.56171780
111  69.04916028  018.56173719
111  69.04914446  018.56216376
112  69.04914446  018.56216376  69.04919701  018.56219768
111  69.04920580  018.56238793
111  69.04912434  018.56442070
112  69.04905405  018.56460169  69.04898619  018.56457379
111  69.04905405  018.56460169
111  69.04904026  018.56497372
112  69.04904026  018.56497372  69.04915103  018.56503512
111  69.04917224  018.56515750
111  69.04927405  018.56423797
111  69.04934845  018.56242771
111  69.04936771  018.56195903
111  69.04954663  018.55760561
111  69.04957060  018.55702246
111  69.04966643  018.55469065
112  69.04991890  018.55477490  69.05006361  018.55510703
111  69.04991890  018.55477490
111  69.04990477  018.55410394
112  69.04990477  018.55410394  69.04972713  018.55429652
113  69.04969762  018.55393187
110 1 0.00 7.8000 New Taxiway 7
111  69.04954663  018.55760561
112  69.04973240  018.55764974  69.04982820  018.55794558
111  69.04973240  018.55764974
111  69.04973720  018.55707981
112  69.04973720  018.55707981  69.04962743  018.55723332
113  69.04957060  018.55702246
110 1 0.00 188.8000 New Taxiway 7
111  69.04950324  018.55496528
112  69.04941474  018.55509934  69.04934774  018.55508803
111  69.04941474  018.55509934
111  69.04934654  018.55507498
112  69.04926255  018.55490520  69.04922928  018.55480247
111  69.04926255  018.55490520
111  69.04922901  018.55558433
112  69.04933277  018.55551921  69.04937878  018.55554560
111  69.04933277  018.55551921
112  69.04943470  018.55557270  69.04946104  018.55561289
113  69.04947391  018.55569735
110 1 0.00 192.1100 New Taxiway 7
111  69.04934271  018.55897127
112  69.04924580  018.55912983  69.04917096  018.55909727
111  69.04912782  018.55897030
111  69.04907604  018.55957472
112  69.04920988  018.55945804  69.04926477  018.55946270
111  69.04920988  018.55945804
111  69.04926257  018.55949488
112  69.04926257  018.55949488  69.04931081  018.55953675
113  69.04931087  018.55976594
110 1 0.00 188.6300 New Taxiway 7
111  69.04934845  018.56242771
112  69.04942922  018.56239798  69.04948192  018.56242478
111  69.04942922  018.56239798
111  69.04956855  018.56244780
112  69.04956855  018.56244780  69.04961526  018.56248129
111  69.04967628  018.56267175
111  69.04968173  018.56203919
112  69.04968173  018.56203919  69.04965539  018.56211622
111  69.04961490  018.56210092
111  69.04943188  018.56206320
112  69.04943188  018.56206320  69.04937440  018.56204311
113  69.04936771  018.56195903
110 1 0.00 19.3400 New Taxiway 7
111  69.04917224  018.56515750
112  69.04917224  018.56515750  69.04921299  018.56564591
111  69.04934196  018.56595617
111  69.04957094  018.56636086
111  69.05015044  018.56692406
111  69.05040809  018.56715027
112  69.05040809  018.56715027  69.05075471  018.56736248
111  69.05094377  018.56683368
111  69.05087097  018.56649025
112  69.05037462  018.56669783  69.05010388  018.56640845
111  69.05037462  018.56669783
111  69.04959714  018.56590650
112  69.04927405  018.56423797  69.04930854  018.56303229
113  69.04927405  018.56423797
110 1 0.00 312.1600 New Taxiway 7
111  69.04934196  018.56595617
112  69.04933448  018.56619146  69.04929872  018.56629612
111  69.04933448  018.56619146
111  69.04920350  018.56654033
112  69.04920350  018.56654033  69.04918314  018.56659392
111  69.04909858  018.56668090
111  69.04933144  018.56716270
112  69.04937165  018.56675600  69.04940278  018.56659189
111  69.04937165  018.56675600
111  69.04945507  018.56636008
112  69.04957094  018.56636086  69.04963664  018.56646319
113  69.04957094  018.56636086
110 1 0.00 286.8700 New Taxiway 7
111  69.05015044  018.56692406
112  69.05016411  018.56724978  69.05011980  018.56736700
111  69.05009273  018.56750407
111  69.05035234  018.56764673
111  69.05032628  018.56730094
112  69.05032628  018.56730094  69.05033586  018.56712343
113  69.05040809  018.56715027
110 1 0.00 17.1200 New Taxiway 7
111  69.05094377  018.56683368
112  69.05141880  018.56675553  69.05165161  018.56692433
111  69.05141880  018.56675553
111  69.05216366  018.56741820
112  69.05216366  018.56741820  69.05218961  018.56744611
111  69.05219152  018.56756350
111  69.05232733  018.56650590
112  69.05200874  018.56690240  69.05183195  018.56682577
111  69.05200874  018.56690240
111  69.05162375  018.56651716
112  69.05140446  018.56455333  69.05153552  018.56348259
113  69.05140446  018.56455333
110 2 0.00 202.9800 New Taxiway 6
111  69.05908163  018.52243725
111  69.05971949  018.52361006
111  69.05998469  018.52135904
111  69.06069009  018.51621662
111  69.06022662  018.51574683
112  69.06004220  018.51508673  69.06001288  018.51450291
111  69.06004220  018.51508673
113  69.05949476  018.51927646
110 2 0.00 198.0200 New Taxiway 6
111  69.05908163  018.52243725
112  69.05908163  018.52243725  69.05901265  018.52295350
111  69.05894136  018.52376728
113  69.05971949  018.52361006
110 2 0.00 191.8700 New Taxiway 6
111  69.05894136  018.52376728
111  69.05854287  018.52819819
111  69.05844975  018.52974399
111  69.05845955  018.53011180
112  69.05861510  018.53000154  69.05868925  018.53006909
111  69.05861510  018.53000154
111  69.05909496  018.53031565
111  69.05916224  018.53006554
111  69.05939170  018.52745344
113  69.05971949  018.52361006
110 1 0.00 200.2500 New Taxiway 1
111  69.05951207  018.51157889
111  69.05960174  018.51168986
112  69.05978798  018.51134246  69.05990525  018.51144379
111  69.05978798  018.51134246
111  69.06026394  018.51174775
111  69.06079986  018.51113511
113  69.05969539  018.51008732
110 1 0.00 288.6500 New Taxiway 1
111  69.06026394  018.51174775
112  69.06030015  018.51234605  69.06015702  018.51275136
111  69.06030015  018.51234605
111  69.05998119  018.51343685
112  69.05986125  018.51394611  69.05979960  018.51423976
111  69.05986125  018.51394611
112  69.05986125  018.51394611  69.05982518  018.51411792
112  69.05976059  018.51451414  69.05973321  018.51471183
111  69.05976059  018.51451414
111  69.05887657  018.52127961
112  69.05865805  018.52296782  69.05860093  018.52350973
111  69.05865805  018.52296782
111  69.05843952  018.52524652
111  69.05808367  018.52987444
111  69.05779485  018.53195064
111  69.05678592  018.54016396
111  69.05656441  018.54208528
111  69.05574808  018.54867261
111  69.05559287  018.54999438
111  69.05346566  018.56743229
112  69.05326591  018.56776993  69.05312220  018.56766609
111  69.05326591  018.56776993
111  69.05360793  018.56913388
111  69.05695268  018.54193794
111  69.05775352  018.54103477
111  69.05813429  018.54133582
112  69.05815590  018.54375673  69.05814728  018.54573079
111  69.05815590  018.54375673
112  69.05787280  018.54394972  69.05770311  018.54391498
111  69.05787280  018.54394972
111  69.05786418  018.54470959
111  69.05797339  018.54488247
112  69.05806105  018.54526442  69.05804243  018.54546126
111  69.05806105  018.54526442
111  69.05785268  018.54745961
111  69.05824212  018.54781344
111  69.05862424  018.54424275
111  69.05872927  018.54302626
111  69.05874295  018.54224561
111  69.05870596  018.54222372
111  69.05878261  018.54132242
111  69.05882931  018.54113814
111  69.05889997  018.54044793
111  69.05914792  018.54023572
111  69.05916804  018.54000252
111  69.05924708  018.54002263
111  69.05928588  018.53971706
111  69.05983140  018.53708725
111  69.05985064  018.53684222
111  69.05954455  018.53658491
111  69.05967047  018.53482381
111  69.05943077  018.53457292
111  69.05947733  018.53380576
112  69.05947757  018.53309746  69.05945454  018.53269794
111  69.05947757  018.53309746
112  69.05947757  018.53309746  69.05945534  018.53271175
112  69.05921883  018.53188274  69.05904769  018.53152403
111  69.05921883  018.53188274
112  69.05921883  018.53188274  69.05917125  018.53178301
112  69.05905024  018.53161366  69.05898497  018.53153540
111  69.05905024  018.53161366
111  69.05853734  018.53101350
112  69.05853734  018.53101350  69.05844393  018.53089288
111  69.05844336  018.53063045
111  69.05845955  018.53011180
111  69.05844975  018.52974399
111  69.05854287  018.52819819
111  69.05894136  018.52376728
112  69.05908163  018.52243725  69.05915061  018.52192101
111  69.05908163  018.52243725
111  69.05949476  018.51927646
111  69.06004220  018.51508673
112  69.06004220  018.51508673  69.06007151  018.51567055
111  69.06022662  018.51574683
111  69.06024099  018.51566306
112  69.06011405  018.51504987  69.06012760  018.51473844
111  69.06011405  018.51504987
111  69.06020387  018.51455397
111  69.06086597  018.51209210
112  69.06079986  018.51113511  69.06054981  018.51086973
113  69.06079986  018.51113511
112  69.05839911  018.53253079  69.05828175  018.53324444
111  69.05839911  018.53253079
112  69.05828055  018.53284238  69.05822906  018.53315398
111  69.05828055  018.53284238
111  69.05818595  018.53351918
111  69.05829852  018.53436685
112  69.05801350  018.53399160  69.05800751  018.53312048
111  69.05801350  018.53399160
113  69.05823434  018.53212056
111  69.05896286  018.53264539
112  69.05902673  018.53251137  69.05912653  018.53260910
111  69.05902673  018.53251137
112  69.05919638  018.53384323  69.05913651  018.53472275
111  69.05919638  018.53384323
111  69.05910258  018.53521976
111  69.05902174  018.53653088
112  69.05882515  018.53666597  69.05868288  018.53632825
111  69.05882515  018.53666597
111  69.05856537  018.53581804
111  69.05869012  018.53467047
111  69.05895159  018.53424048
113  69.05906436  018.53339168
111  69.05841982  018.53687215
111  69.05847870  018.53686377
111  69.05857151  018.53708993
112  69.05859147  018.53759529  69.05855554  018.53787729
111  69.05859147  018.53759529
111  69.05846273  018.53858089
112  69.05839288  018.53856414  69.05835994  018.53841895
111  69.05839288  018.53856414
111  69.05828809  018.53797781
113  69.05829707  018.53785216
111  69.05769388  018.53790306
112  69.05769388  018.53790306  69.05763784  018.53797945
111  69.05761485  018.53812016
111  69.05753150  018.53895640
111  69.05761485  018.53943081
112  69.05761485  018.53943081  69.05764071  018.53957956
111  69.05761341  018.53971223
112  69.05743090  018.53987707  69.05731019  018.53974038
111  69.05734611  018.53933834
111  69.05776861  018.53576821
112  69.05796980  018.53553100  69.05810920  018.53566770
111  69.05807758  018.53612201
113  69.05790226  018.53760153
110 1 0.00 198.6300 New Taxiway 1
111  69.05808367  018.52987444
112  69.05788708  018.53035206  69.05776326  018.53031828
111  69.05788708  018.53035206
111  69.05745078  018.52991303
112  69.05745078  018.52991303  69.05733179  018.52977794
111  69.05733869  018.52917489
111  69.05707678  018.53127330
112  69.05732717  018.53098383  69.05744271  018.53110444
111  69.05732717  018.53098383
111  69.05769138  018.53136014
112  69.05779485  018.53195064  69.05775401  018.53232309
113  69.05779485  018.53195064
110 1 0.00 198.8200 New Taxiway 1
111  69.05678592  018.54016396
112  69.05662784  018.54038105  69.05652605  018.54029450
111  69.05662784  018.54038105
111  69.05620535  018.53995894
112  69.05620535  018.53995894  69.05609517  018.53982829
111  69.05608751  018.53931170
111  69.05580876  018.54147889
112  69.05616204  018.54111373  69.05633089  018.54125109
111  69.05616204  018.54111373
111  69.05646382  018.54149229
112  69.05656441  018.54208528  69.05654293  018.54241051
113  69.05656441  018.54208528
110 1 0.00 200.0900 New Taxiway 1
111  69.05574808  018.54867261
112  69.05550320  018.54904888  69.05534393  018.54892158
111  69.05550320  018.54904888
111  69.05512726  018.54868226
112  69.05512726  018.54868226  69.05502308  018.54857841
111  69.05501690  018.54803102
111  69.05484617  018.54939139
112  69.05508588  018.54910677  69.05523198  018.54919052
111  69.05508588  018.54910677
111  69.05545664  018.54946857
112  69.05545664  018.54946857  69.05559915  018.54968297
113  69.05559287  018.54999438
110 1 0.00 199.1000 New Taxiway 1
111  69.05326591  018.56776993
111  69.05280892  018.56727151
112  69.05280892  018.56727151  69.05273347  018.56713082
111  69.05275671  018.56631753
111  69.05244247  018.56885856
112  69.05281323  018.56835679  69.05305155  018.56861471
111  69.05281323  018.56835679
113  69.05360793  018.56913388
110 5 0.00 0.0000 New Taxiway 14
111  69.06017046  018.52510215
111  69.06005325  018.52651091
111  69.06007066  018.52734763
111  69.06052338  018.52778851
112  69.06052338  018.52778851  69.06062650  018.52788839
111  69.06066021  018.52765257
111  69.06080696  018.52639577
112  69.06080696  018.52639577  69.06082580  018.52623485
111  69.06075044  018.52596019
112  69.06080597  018.52592412  69.06083571  018.52600735
111  69.06080597  018.52592412
111  69.06088331  018.52616549
111  69.06090116  018.52603510
111  69.06084464  018.52585476
111  69.06091147  018.52526270
111  69.06067013  018.52506405
113  69.06033277  018.52516724
130 Airport Boundary 14
111  69.04992302  018.51247013
111  69.04992482  018.51881102
111  69.05028314  018.52530980
111  69.05118092  018.53164243
111  69.05297270  018.53880168
111  69.05239826  018.54130659
111  69.05100168  018.54472040
111  69.05073272  018.54641355
111  69.04908505  018.54935506
111  69.04842551  018.55248184
111  69.04863149  018.55461431
111  69.04811175  018.55881619
111  69.04856417  018.56008300
111  69.04779818  018.56456274
111  69.04826395  018.56851288
111  69.05077270  018.57481996
111  69.05090808  018.57640199
111  69.05167289  018.57789458
111  69.05195287  018.57794560
111  69.05390231  018.57220951
111  69.05534818  018.56549753
111  69.05598745  018.55867816
111  69.05769840  018.54874607
111  69.05857684  018.54907405
111  69.05954920  018.54747800
111  69.05979193  018.54312726
111  69.06035318  018.54133076
111  69.06039119  018.53706864
111  69.06061380  018.53408579
111  69.06012123  018.53352275
111  69.06083540  018.52615798
111  69.06204272  018.51490413
111  69.06122453  018.51332584
111  69.06154731  018.51045048
111  69.06173494  018.50529318
111  69.06064379  018.50050021
111  69.05993659  018.50126967
111  69.05927120  018.49930699
111  69.05749361  018.50432449
111  69.05730446  018.50680585
111  69.05659294  018.51078533
111  69.05473476  018.51034851
111  69.04940920  018.51014348
113  69.05122750  018.51059299
120 Linear Feature 38
111  69.06017760  018.51569275 10
111  69.05930152  018.52236188 10
111  69.05914529  018.52385092 10
111  69.05862962  018.52996700
111  69.05850865  018.52979571 2
111  69.05881352  018.52703698 2
111  69.05923677  018.52377836 2
115  69.06021115  018.51573764
120 Linear Feature 35
111  69.05856329  018.53905827 10
112  69.05868046  018.53954878  69.05882932  018.53958220
111  69.05868046  018.53954878
112  69.05868046  018.53954878  69.05852980  018.53960438 10
111  69.05840956  018.53985435
111  69.05828639  018.53978032 2
115  69.05826777  018.54104179
120 Linear Feature 34
111  69.05810224  018.54535869 1
112  69.05814443  018.54557872  69.05819450  018.54562398
111  69.05814443  018.54557872 1
111  69.05830692  018.54572302
112  69.05830692  018.54572302  69.05835121  018.54575750 1
111  69.05836636  018.54564692
111  69.05833630  018.54592750 1
112  69.05827794  018.54600968  69.05823750  018.54597628
111  69.05827794  018.54600968 1
111  69.05811670  018.54588211
112  69.05811670  018.54588211  69.05806894  018.54584332 1
111  69.05807833  018.54568203
111  69.05805732  018.54596606 1
112  69.05809087  018.54616463  69.05812681  018.54620932
111  69.05809087  018.54616463 1
111  69.05824620  018.54632361
112  69.05824620  018.54632361  69.05828746  018.54636271 1
111  69.05830142  018.54625292
111  69.05827197  018.54652781 1
112  69.05821852  018.54659737  69.05817992  018.54656572
111  69.05821852  018.54659737 1
111  69.05806402  018.54645847
112  69.05806402  018.54645847  69.05802875  018.54642868 1
111  69.05803362  018.54628662
111  69.05800487  018.54658260 1
112  69.05803748  018.54674533  69.05808140  018.54679001
111  69.05803748  018.54674533 1
111  69.05818837  018.54689561
112  69.05818837  018.54689561  69.05822563  018.54693471 1
111  69.05823965  018.54682946
111  69.05821287  018.54707930 1
112  69.05816520  018.54712470  69.05812594  018.54709305
111  69.05816520  018.54712470 1
111  69.05801533  018.54698470
112  69.05801533  018.54698470  69.05797074  018.54694374 1
115  69.05797891  018.54682474
120 Linear Feature 33
111  69.05780961  018.54035262 1
112  69.05820664  018.54129545  69.05823443  018.54220434
111  69.05820664  018.54129545
112  69.05820664  018.54129545  69.05822293  018.54181290 1
111  69.05822733  018.54302314 1
112  69.05818428  018.54424931  69.05815093  018.54470939
111  69.05818428  018.54424931 1
111  69.05802696  018.54637658 1
111  69.05795245  018.54707151 1
112  69.05798974  018.54726122  69.05804379  018.54731270
111  69.05798974  018.54726122 1
111  69.05813541  018.54741940
112  69.05813541  018.54741940  69.05817566  018.54746766 1
111  69.05818907  018.54730144 1
111  69.05841940  018.54515193 1
112  69.05845678  018.54467469  69.05848093  018.54428861 1
111  69.05842803  018.54408484 1
111  69.05826032  018.54344674
112  69.05826032  018.54344674  69.05822758  018.54332162 1
115  69.05822733  018.54302314
120 Linear Feature 31
111  69.05814788  018.53899765
112  69.05814788  018.53899765  69.05813468  018.53910295 19
112  69.05807689  018.53925749  69.05804405  018.53932074
111  69.05807689  018.53925749
111  69.05797467  018.53934976
112  69.05797467  018.53934976  69.05793217  018.53935260 19
112  69.05785949  018.53924853  69.05782697  018.53918200
111  69.05785949  018.53924853
111  69.05779177  018.53898786
112  69.05779177  018.53898786  69.05778820  018.53895726 19
112  69.05778403  018.53889220  69.05778248  018.53885911
111  69.05778403  018.53889220
112  69.05778403  018.53889220  69.05778032  018.53881287 19
112  69.05779131  018.53866390  69.05779948  018.53859243
111  69.05779131  018.53866390
111  69.05785755  018.53840324
112  69.05785755  018.53840324  69.05788260  018.53835053 19
112  69.05794601  018.53830246  69.05797931  018.53829026
111  69.05794601  018.53830246
112  69.05794601  018.53830246  69.05795281  018.53829997 19
112  69.05796628  018.53829809  69.05797298  018.53829766
111  69.05796628  018.53829809
111  69.05808141  018.53839949
112  69.05808141  018.53839949  69.05811424  018.53846670 19
112  69.05815104  018.53867799  69.05816280  018.53879253
113  69.05815104  018.53867799
120 Linear Feature 31
111  69.05880518  018.53362871
112  69.05880518  018.53362871  69.05879197  018.53373402 19
112  69.05873418  018.53388856  69.05870134  018.53395181
111  69.05873418  018.53388856
111  69.05863196  018.53398084
112  69.05863196  018.53398084  69.05858946  018.53398367 19
112  69.05851678  018.53387960  69.05848426  018.53381307
111  69.05851678  018.53387960
111  69.05844906  018.53361893
112  69.05844906  018.53361893  69.05844548  018.53358832 19
112  69.05844132  018.53352326  69.05843977  018.53349017
111  69.05844132  018.53352326
112  69.05844132  018.53352326  69.05843761  018.53344393 19
112  69.05844860  018.53329495  69.05845677  018.53322349
111  69.05844860  018.53329495
111  69.05851484  018.53303428
112  69.05851484  018.53303428  69.05853989  018.53298157 19
112  69.05860330  018.53293350  69.05863660  018.53292130
111  69.05860330  018.53293350
112  69.05860330  018.53293350  69.05861010  018.53293101 19
112  69.05862357  018.53292913  69.05863027  018.53292870
111  69.05862357  018.53292913
111  69.05873870  018.53303053
112  69.05873870  018.53303053  69.05877153  018.53309775 19
112  69.05880833  018.53330904  69.05882009  018.53342358
113  69.05880833  018.53330904
120 Linear Feature 30
111  69.05552512  018.53062819 10
111  69.05581468  018.52896917
112  69.05581468  018.52896917  69.05587153  018.52868474 10
115  69.05597316  018.52891151
120 Linear Feature 29
111  69.05818770  018.53009461 2
111  69.05837404  018.53021563
111  69.05852289  018.53123386 2
111  69.05844741  018.53172089
111  69.05809362  018.53218450 2
111  69.05791110  018.53202833
111  69.05788995  018.53378475 2
111  69.05771287  018.53362207
111  69.05765588  018.53573264 2
111  69.05747164  018.53556157
111  69.05725589  018.53904174 2
111  69.05706178  018.53885679
111  69.05684341  018.54223918 2
111  69.05664719  018.54205633
111  69.05739049  018.54097346 2
111  69.05735880  018.54019373
111  69.05774507  018.53972599 2
111  69.05816488  018.53944590
111  69.05801094  018.53519370 2
115  69.05806370  018.53480365
120 Linear Feature 24
111  69.05819207  018.51317922 4
111  69.05826855  018.51339921
111  69.05625695  018.52945598 4
111  69.05620316  018.52972128
111  69.05398321  018.54758393 4
111  69.05394049  018.54792802
111  69.05162116  018.56652927 4
111  69.05158258  018.56688739
111  69.05314121  018.56848044 4
111  69.05320988  018.56794571
111  69.05546908  018.54939613 4
111  69.05550298  018.54911120
111  69.05649341  018.54120334 4
111  69.05656810  018.54065799
111  69.05775828  018.53107358 4
111  69.05783428  018.53054796
111  69.06018943  018.51137522 4
115  69.06026384  018.51081401
120 Linear Feature 23
111  69.05902436  018.51374088 10
111  69.05921471  018.51219884 10
112  69.05921854  018.51181006  69.05919717  018.51162333
111  69.05921854  018.51181006
112  69.05883298  018.50832521  69.05862831  018.50827517
111  69.05883298  018.50832521 10
111  69.05921854  018.51181006 10
112  69.05883787  018.51162047  69.05856629  018.51211621
111  69.05883787  018.51162047 10
111  69.05797614  018.51399413 10
112  69.05735909  018.51468904  69.05696155  018.51474183
111  69.05735909  018.51468904 10
115  69.05438369  018.51457767
120 Linear Feature 22
111  69.05722522  018.52831542 10
111  69.05705521  018.52969265 10
112  69.05669958  018.53005928  69.05644000  018.52984899
111  69.05669958  018.53005928
112  69.05669958  018.53005928  69.05694511  018.53039448 10
111  69.05690001  018.53094993 10
111  69.05675072  018.53215932
111  69.05669958  018.53005928 10
111  69.05627684  018.52966372 10
112  69.05585439  018.52829871  69.05571639  018.52730274
111  69.05585439  018.52829871 10
111  69.05578092  018.52760169 10
112  69.05505570  018.52522611  69.05445914  018.52448180
111  69.05505570  018.52522611 10
111  69.05408113  018.52454792 10
112  69.05327718  018.52193695  69.05322707  018.51976267
111  69.05327718  018.52193695 10
115  69.05328236  018.51726971
120 Linear Feature 21
111  69.05365434  018.54745061 10
112  69.05307539  018.54764373  69.05280285  018.54801364
111  69.05307539  018.54764373 10
111  69.05010459  018.55192399 10
112  69.04962368  018.55384248  69.04950253  018.55531981
111  69.04962368  018.55384248 10
111  69.04918544  018.56449566
112  69.04918544  018.56449566  69.04919550  018.56554470 10
111  69.04956838  018.56614871 10
111  69.05038023  018.56692242 10
112  69.05090664  018.56667029  69.05119818  018.56611419
111  69.05090664  018.56667029 10
111  69.05101209  018.56646891
112  69.05101209  018.56646891  69.05103468  018.56641217 10
112  69.05140452  018.56654685  69.05156400  018.56663577
111  69.05140452  018.56654685 10
111  69.05159159  018.56671502
111  69.05132525  018.56452663 10
111  69.05116524  018.56581258 10
116  69.05101209  018.56646891  69.05093237  018.56667034
120 Linear Feature 20
111  69.05500960  018.54626381 10
111  69.05481787  018.54781704 10
112  69.05444712  018.54823558  69.05418692  018.54807734
111  69.05444712  018.54823558
112  69.05444712  018.54823558  69.05468803  018.54856508 10
111  69.05463067  018.54933348 10
111  69.05451133  018.55030026
111  69.05444712  018.54823558 10
111  69.05365434  018.54745061 10
112  69.05333970  018.54819173  69.05323207  018.54909881
111  69.05333970  018.54819173 10
111  69.05132525  018.56452663
112  69.05132525  018.56452663  69.05111798  018.56619691 10
111  69.05159159  018.56671502 10
111  69.05211712  018.56718613
112  69.05211712  018.56718613  69.05238353  018.56740056 10
111  69.05249408  018.56664170 10
115  69.05264391  018.56542798
120 Linear Feature 19
111  69.05503120  018.54630252 10
111  69.05483764  018.54787124 10
112  69.05497057  018.54874940  69.05514722  018.54902454
111  69.05497057  018.54874940
112  69.05497057  018.54874940  69.05474956  018.54864415 10
111  69.05465528  018.54934925 10
111  69.05453531  018.55032160
111  69.05497057  018.54874940 10
111  69.05566208  018.54942849
111  69.05588255  018.54913736 10
112  69.05566208  018.54942849  69.05551651  018.54933799
111  69.05566208  018.54942849
112  69.05566208  018.54942849  69.05579888  018.54957976 10
115  69.05577453  018.55001666
120 Linear Feature 18
111  69.05598575  018.53856603 10
111  69.05588406  018.53939022 10
112  69.05605495  018.54042267  69.05629261  018.54078458
111  69.05605495  018.54042267
112  69.05605495  018.54042267  69.05578088  018.54031276 10
111  69.05569678  018.54090804 10
111  69.05558810  018.54178892
111  69.05605495  018.54042267 10
111  69.05669504  018.54109631
112  69.05669504  018.54109631  69.05685264  018.54115519 10
115  69.05691909  018.54079679
120 Linear Feature 17
111  69.05774314  018.53420767 10
112  69.05786853  018.53485860  69.05801687  018.53514677
111  69.05786853  018.53485860
112  69.05786853  018.53485860  69.05767863  018.53480082 10
111  69.05761835  018.53522614
111  69.05786853  018.53485860 10
111  69.05820807  018.53518751
111  69.05845386  018.53485779 10
112  69.05820807  018.53518751  69.05803338  018.53510605
111  69.05820807  018.53518751
112  69.05820807  018.53518751  69.05836289  018.53543835 10
111  69.05832454  018.53590056
111  69.05873897  018.53699582 10
112  69.05876104  018.53753167  69.05872710  018.53781841
111  69.05876104  018.53753167 10
111  69.05850426  018.53951398
112  69.05850426  018.53951398  69.05843803  018.53998113 10
111  69.05822236  018.54008372 10
111  69.05760896  018.54048334 10
112  69.05733886  018.54042312  69.05722961  018.54031052
111  69.05733886  018.54042312 10
111  69.05717978  018.54022741
112  69.05717978  018.54022741  69.05705712  018.54006119 10
115  69.05709440  018.53950221
120 Linear Feature 16
111  69.05851032  018.53149270 10
112  69.05871425  018.53275819  69.05861190  018.53361723
111  69.05871425  018.53275819 10
111  69.05783114  018.53987901 10
112  69.05760896  018.54048334  69.05744391  018.54065463
111  69.05760896  018.54048334 10
111  69.05696433  018.54115529
112  69.05696433  018.54115529  69.05685426  018.54128846 10
111  69.05680047  018.54167272
112  69.05680047  018.54167272  69.05683166  018.54128162 10
111  69.05669504  018.54109631 10
116  69.05696433  018.54115529  69.05705945  018.54107340
120 Linear Feature 15
111  69.05725013  018.52831838 10
111  69.05711723  018.52939551 10
112  69.05729908  018.53034052  69.05752613  018.53066799
111  69.05729908  018.53034052
112  69.05729908  018.53034052  69.05703050  018.53013715 10
111  69.05692286  018.53097091 10
111  69.05677144  018.53219812
111  69.05729908  018.53034052 10
111  69.05832509  018.53130993
112  69.05832509  018.53130993  69.05818422  018.53106544 10
111  69.05820996  018.53063055 10
112  69.05794561  018.53095139  69.05775954  018.53085755
111  69.05794561  018.53095139
112  69.05794561  018.53095139  69.05811332  018.53124184 10
111  69.05805240  018.53168370 10
112  69.05832509  018.53130993  69.05850638  018.53138287
111  69.05832509  018.53130993 10
111  69.05892219  018.53189913 10
112  69.05932821  018.53394959  69.05922806  018.53553073
111  69.05932821  018.53394959 10
111  69.05914882  018.53675646
112  69.05914882  018.53675646  69.05911202  018.53727125 10
112  69.05873897  018.53699582  69.05861247  018.53660008
111  69.05873897  018.53699582 10
111  69.05818078  018.53524431
112  69.05818078  018.53524431  69.05814618  018.53513818 10
115  69.05804847  018.53503291
120 Linear Feature 14
111  69.05918830  018.51260983 10
111  69.05937590  018.51108937 10
112  69.05973260  018.51059594  69.05995781  018.51082760
111  69.05973260  018.51059594 10
111  69.06039187  018.51126005 10
112  69.06049010  018.51260969  69.06029304  018.51352708
111  69.06049010  018.51260969 10
111  69.06004905  018.51421010
112  69.06004905  018.51421010  69.05999248  018.51442631 10
111  69.05993046  018.51488697 10
111  69.05895713  018.52234630
112  69.05895713  018.52234630  69.05888162  018.52291894 10
111  69.05880975  018.52365745 10
111  69.05844792  018.52771888 10
111  69.05830205  018.52984109
112  69.05830205  018.52984109  69.05828940  018.53003413 10
111  69.05825586  018.53032369 10
111  69.05805240  018.53168370 10
111  69.05709440  018.53950221 10
111  69.05679081  018.54174400 10
111  69.05358103  018.56787214 10
112  69.05322786  018.56826224  69.05300825  018.56805003
111  69.05322786  018.56826224 10
111  69.05269755  018.56773841
112  69.05269755  018.56773841  69.05245399  018.56741194 10
111  69.05251943  018.56666002 10
115  69.05266550  018.56547613
120 Linear Feature 13
111  69.05372808  018.51473426 3 102
111  69.05542872  018.51478607
111  69.05585932  018.51479918 3 102
111  69.05735636  018.51484479
112  69.05735636  018.51484479  69.05774689  018.51485251 3 102
111  69.05799412  018.51415997 3 102
111  69.05875487  018.51204976 3 102
112  69.05902703  018.51221599  69.05913743  018.51278226
111  69.05902703  018.51221599
111  69.05920867  018.51086072 3
111  69.05892698  018.50824251 4
111  69.05873297  018.50842563 3
111  69.05896305  018.51045239 3
112  69.05889681  018.51123075  69.05877492  018.51157823
111  69.05889681  018.51123075 3 102
111  69.05793305  018.51389490 3 102
112  69.05736658  018.51453299  69.05704919  018.51451369
111  69.05736658  018.51453299 3 102
115  69.05437971  018.51440133
120 Linear Feature 12
111  69.05690562  018.52945847 3
112  69.05667968  018.52984139  69.05652870  018.52984188
111  69.05667968  018.52984139
112  69.05667968  018.52984139  69.05666043  018.52984145 3
112  69.05661821  018.52982135  69.05659648  018.52980741
111  69.05661821  018.52982135 3
111  69.05626613  018.52946650 3
112  69.05591241  018.52825185  69.05580962  018.52738361
111  69.05591241  018.52825185 3
111  69.05583644  018.52755558
112  69.05583644  018.52755558  69.05562945  018.52564243 3
111  69.05505965  018.52505750 3
111  69.05409021  018.52440039
112  69.05409021  018.52440039  69.05331409  018.52383450 3
111  69.05333131  018.52193472 3
111  69.05333460  018.51727189
111  69.05322302  018.51726026 3
111  69.05322403  018.52195109 3
112  69.05407309  018.52470460  69.05492095  018.52534441
111  69.05407309  018.52470460 3
111  69.05504790  018.52537125 3
112  69.05572951  018.52762639  69.05592160  018.52941914
111  69.05572951  018.52762639 3
111  69.05580296  018.52837123
112  69.05580296  018.52837123  69.05581343  018.52844226 3
112  69.05583555  018.52857440  69.05584678  018.52863887
111  69.05583555  018.52857440 3
111  69.05592620  018.52900622
112  69.05592620  018.52900622  69.05608740  018.52964687 3
111  69.05626706  018.52980499 3
111  69.05658341  018.53011210
112  69.05658341  018.53011210  69.05660346  018.53013340 3
112  69.05663592  018.53019265  69.05665100  018.53022440
111  69.05663592  018.53019265
112  69.05663592  018.53019265  69.05673777  018.53040716 3
115  69.05673411  018.53081565
120 Linear Feature 11
111  69.05120277  018.56491440
111  69.05110129  018.56573350 3 102
112  69.05037267  018.56674081  69.04989447  018.56629054
111  69.05037267  018.56674081 3 102
111  69.04959570  018.56596064 3 102
112  69.04925585  018.56422865  69.04928935  018.56297016
111  69.04925585  018.56422865 3 102
111  69.04932968  018.56243864
111  69.04935391  018.56185107 3 102
111  69.04952800  018.55763042
111  69.04955332  018.55701652 3 102
111  69.04964777  018.55472668
111  69.04968093  018.55392259 3 102
112  69.05019726  018.55198968  69.05063112  018.55141077
111  69.05019726  018.55198968 3 102
111  69.05089128  018.55099094
111  69.05112067  018.55066084 3 102
111  69.05283044  018.54820037 3 102
112  69.05308152  018.54829687  69.05321537  018.54862882 3 102
111  69.05316297  018.54909297 3 102
111  69.05309751  018.54962135
111  69.05299238  018.55046990 3 102
111  69.05262460  018.55343832
111  69.05254495  018.55408126 3 102
111  69.05211910  018.55751838
111  69.05204236  018.55813778 3 102
111  69.05184017  018.55976975
113  69.05175559  018.56045242 3 102
120 Linear Feature 10
111  69.05467096  018.54745713 3 102
112  69.05431557  018.54793628  69.05412582  018.54772719
111  69.05431557  018.54793628 3 102
111  69.05356523  018.54714082
112  69.05356523  018.54714082  69.05347898  018.54706308 3 102
111  69.05317681  018.54730176 3 102
111  69.05126524  018.55006882
111  69.05100094  018.55045142 3 102
111  69.05023004  018.55156733
111  69.04998055  018.55192847
112  69.04998055  018.55192847  69.04984359  018.55213739 3 102
112  69.04969810  018.55282531  69.04963049  018.55317282
111  69.04969810  018.55282531
112  69.04969810  018.55282531  69.04965366  018.55305372
112  69.04959909  018.55345849  69.04957784  018.55362724
111  69.04959909  018.55345849
112  69.04959909  018.55345849  69.04958100  018.55360212 3 102
111  69.04957166  018.55369702 3 102
111  69.04951983  018.55496659
111  69.04949063  018.55568174 3 102
111  69.04935782  018.55893501
111  69.04932373  018.55977001 3 102
111  69.04930981  018.56011086
111  69.04927873  018.56087208 3 102
111  69.04924648  018.56166221
112  69.04924648  018.56166221  69.04922452  018.56179249 3 102
111  69.04915969  018.56175305
111  69.04914452  018.56216203 3 102
112  69.04921506  018.56243179  69.04920774  018.56262027
111  69.04921506  018.56243179 3 102
111  69.04913291  018.56444396
112  69.04913291  018.56444396  69.04912182  018.56465722 3 102
111  69.04905387  018.56460649
111  69.04904102  018.56495317 3 102
112  69.04918924  018.56518058  69.04922517  018.56537265
111  69.04918924  018.56518058
112  69.04918924  018.56518058  69.04922234  018.56548713 3 102
112  69.04936244  018.56592539  69.04943332  018.56611412
111  69.04936244  018.56592539
112  69.04936244  018.56592539  69.04942364  018.56608836
112  69.04952764  018.56627591  69.04956917  018.56634581
111  69.04952764  018.56627591
112  69.04952764  018.56627591  69.04955750  018.56632616 3 102
111  69.04957655  018.56635174 3 102
111  69.05014880  018.56689368
111  69.05041799  018.56714861
112  69.05041799  018.56714861  69.05074770  018.56733699 3 102
111  69.05093981  018.56682911
112  69.05093981  018.56682911  69.05112189  018.56654322 3 102
111  69.05142460  018.56674542 3 102
111  69.05216835  018.56741378
112  69.05216835  018.56741378  69.05219774  018.56744171 3 102
111  69.05219518  018.56757192
111  69.05232743  018.56650246 3 102
112  69.05200640  018.56691792  69.05183390  018.56674370
111  69.05200640  018.56691792 3 102
111  69.05162116  018.56652927 3 102
112  69.05139956  018.56454833  69.05153771  018.56346950
111  69.05139956  018.56454833 3 102
111  69.05339834  018.54823866 3 102
112  69.05374363  018.54773497  69.05398800  018.54797622
111  69.05374363  018.54773497 3 102
111  69.05429019  018.54827093
112  69.05429019  018.54827093  69.05448856  018.54849879 3 102
115  69.05445545  018.54920354
120 Linear Feature 9
111  69.05954165  018.51132649 3 102
112  69.05979170  018.51096462  69.05992395  018.51109010
111  69.05979170  018.51096462 3 102
111  69.06026076  018.51144712 3 102
112  69.06034353  018.51263890  69.06012970  018.51339161
111  69.06034353  018.51263890 3 102
111  69.06000726  018.51388376
112  69.06000726  018.51388376  69.05993483  018.51412501 3 102
111  69.05987103  018.51448689 3 102
111  69.05888910  018.52205834 3 102
112  69.05875028  018.52324199  69.05870142  018.52377272
111  69.05875028  018.52324199 3 102
111  69.05834754  018.52769397
112  69.05834754  018.52769397  69.05831857  018.52804713 3 102
111  69.05818654  018.53008177 3 102
112  69.05785482  018.53056696  69.05763753  018.53042801
111  69.05785482  018.53056696 3 102
111  69.05746801  018.53020908
112  69.05746801  018.53020908  69.05729700  018.52997992 3 102
111  69.05730873  018.52942176
111  69.05709916  018.53110027 3 102
112  69.05740023  018.53073174  69.05757698  018.53084431
111  69.05740023  018.53073174 3 102
111  69.05775662  018.53107347
112  69.05775662  018.53107347  69.05797183  018.53130504 3 102
111  69.05791110  018.53202833 3 102
111  69.05689724  018.54017970 3 102
112  69.05656810  018.54065799  69.05632979  018.54049382
111  69.05656810  018.54065799 3 102
111  69.05621138  018.54028304
112  69.05621138  018.54028304  69.05603653  018.53998488 3 102
111  69.05607639  018.53946092
111  69.05586945  018.54114938 3 102
112  69.05613650  018.54082844  69.05628859  018.54095240
111  69.05613650  018.54082844 3 102
111  69.05649026  018.54120243
112  69.05649026  018.54120243  69.05671780  018.54146040 3 102
111  69.05664719  018.54205633 102
111  69.05581533  018.54868975 3 102
112  69.05553079  018.54914000  69.05534418  018.54898087
111  69.05553079  018.54914000 3 102
111  69.05512698  018.54872193
112  69.05512698  018.54872193  69.05500623  018.54859631 3 102
111  69.05499333  018.54820336
111  69.05487341  018.54918632 3 102
112  69.05506806  018.54903147  69.05514690  018.54907056
111  69.05506806  018.54903147 3 102
111  69.05547475  018.54940129
112  69.05547475  018.54940129  69.05567733  018.54957717 3 102
111  69.05563426  018.55030178 3 102
111  69.05351765  018.56753035 3 102
112  69.05320988  018.56794571  69.05299073  018.56778828
111  69.05320988  018.56794571 3 102
111  69.05287217  018.56760405
112  69.05287217  018.56760405  69.05267218  018.56730258 3 102
111  69.05270452  018.56676999
111  69.05256800  018.56791221 3 102
111  69.05356937  018.56890488 3 102
111  69.05691094  018.54168917 3 102
112  69.05701785  018.54138041  69.05709771  018.54129775
111  69.05701785  018.54138041 3 102
111  69.05755840  018.54079009 3 102
112  69.05771710  018.54076692  69.05777459  018.54084065
111  69.05771710  018.54076692 3 102
111  69.05795307  018.54099857 3 102
111  69.05813108  018.54110665 3 102
111  69.05816282  018.54137690 3 102
112  69.05816696  018.54370880  69.05812004  018.54495583
111  69.05816696  018.54370880
111  69.05807816  018.54521484 3 102
111  69.05799419  018.54625425 3 102
115  69.05787154  018.54737818
120 Linear Feature 8
111  69.05834521  018.53461458 3 102
112  69.05806008  018.53477177  69.05789259  018.53461374
111  69.05806008  018.53477177
112  69.05806008  018.53477177  69.05782167  018.53451990 3 102
111  69.05788995  018.53378475 3 102
111  69.05809362  018.53218450 3 102
112  69.05815496  018.53190270  69.05819983  018.53176743
111  69.05815496  018.53190270
112  69.05815496  018.53190270  69.05820733  018.53174481 3 102
112  69.05844724  018.53172603  69.05859605  018.53184977
111  69.05844724  018.53172603
112  69.05844724  018.53172603  69.05860696  018.53186195 3 102
111  69.05863507  018.53228638 3 102
111  69.05841178  018.53252768 3 102
112  69.05829295  018.53284673  69.05826199  018.53304974
111  69.05829295  018.53284673 3 102
111  69.05822779  018.53329984
112  69.05822779  018.53329984  69.05820422  018.53346406 3 102
111  69.05822874  018.53364571 3 102
111  69.05834533  018.53461387
111  69.05818656  018.53619221 3 102
111  69.05802862  018.53746257 3 102
111  69.05770665  018.53797997 3 102
111  69.05763478  018.53816430 3 102
111  69.05755742  018.53874650 3 102
111  69.05756130  018.53894045 3 102
111  69.05774487  018.53972708 3 102
112  69.05740383  018.54023499  69.05712411  018.54003227
111  69.05740383  018.54023499
112  69.05740383  018.54023499  69.05730197  018.54015349 3 102
112  69.05722942  018.53982762  69.05720634  018.53966517
111  69.05722942  018.53982762
112  69.05722942  018.53982762  69.05719736  018.53960203 3 102
111  69.05721617  018.53937828 3 102
111  69.05765542  018.53573388 3 102
112  69.05801239  018.53527554  69.05826244  018.53545623
111  69.05801239  018.53527554
112  69.05801239  018.53527554  69.05824257  018.53544233 3 102
111  69.05818656  018.53619221
111  69.05865649  018.53751034 3 102
111  69.05843233  018.53930413
112  69.05843233  018.53930413  69.05838058  018.53968056 3 102
111  69.05830200  018.53977064 3 102
111  69.05810746  018.53989129 3 102
111  69.05830271  018.53838033 3 102
111  69.05820266  018.53765491 3 102
111  69.05837746  018.53625214 3 102
111  69.05863187  018.53706906 3 102
112  69.05865649  018.53751034  69.05862368  018.53775472
111  69.05865649  018.53751034
111  69.05926222  018.53382479 3 102
111  69.05907910  018.53666727 3 102
112  69.05879400  018.53676558  69.05857359  018.53635536
111  69.05879400  018.53676558 3 102
111  69.05844288  018.53568221 3 102
111  69.05855388  018.53484434 3 102
111  69.05886054  018.53435278
112  69.05886054  018.53435278  69.05890322  018.53428454 3 102
111  69.05891963  018.53420755 3 102
111  69.05901467  018.53354841
112  69.05901467  018.53354841  69.05903508  018.53340295 3 102
111  69.05902585  018.53328923 3 102
111  69.05895877  018.53275074 3 102
111  69.05883019  018.53241782 3 102
111  69.05886134  018.53223460 3 102
112  69.05897314  018.53220109  69.05904821  018.53233515
111  69.05897314  018.53220109 3 102
111  69.05908654  018.53242229
112  69.05908654  018.53242229  69.05932458  018.53292421 3 102
111  69.05926222  018.53382479
111  69.05939027  018.53417031 3 102
112  69.05899698  018.53175722  69.05840950  018.53088081
111  69.05899698  018.53175722 3 102
111  69.05853056  018.53123600 3 102
112  69.05836411  018.53032863  69.05840543  018.52964025
111  69.05836411  018.53032863 3 102
111  69.05840964  018.52983652 3 102
111  69.05854052  018.52781498 3 102
111  69.05889638  018.52383992 3 102
111  69.05904439  018.52241512 3 102
111  69.06000273  018.51506165 3 102
112  69.06012847  018.51436470  69.06019745  018.51412345
111  69.06012847  018.51436470 3 102
111  69.06079492  018.51199488
112  69.06079492  018.51199488  69.06092771  018.51151238 3 102
111  69.06075541  018.51130461 3 102
115  69.05967761  018.51022567
21  69.05708484  018.52594515 3 109.0200 3.70 10  PAPI-4L
21  69.05790353  018.52672499 2 109.0200 3.70 10  PAPI-4L
21  69.05339535  018.56304034 3 289.0800 3.40 28  PAPI-4L
21  69.05254331  018.56217063 2 289.0800 3.40 28  PAPI-4L
20  69.05843771  018.53198842 201.9514 0 3 {@Y,^l}Y{^r}|B{^u,@@}B{^u}|{^u}2_APRON_3{^r}
20  69.05783847  018.53198294 290.1539 0 3 {@Y,^l}B{^r}|APRON_2{^r}
20  69.05739541  018.53932646 108.1924 0 3 {@Y,^l}B{^r}|APRON_2{^r}
20  69.05310216  018.56882971 199.0285 0 3 {@L}B{@R}28{@Y}Q{^u,@@,@L}B{@Y,^l}Y
20  69.05865268  018.50851917 68.8955 0 3 {@L}H{@R}10{@Y,^lu}A|I{^r,@@,@L}H
20  69.05911407  018.50807016 68.8955 0 3 {@L}H{@R}10{@Y,^lu}A|I{^r,@@,@L}H
20  69.05837234  018.51370096 317.0162 0 3 {@L}I{@R}10{@Y,^l}H|A{^ru,@@,@L}I
20  69.05811167  018.51292513 317.0162 0 3 {@L}I{@R}10{@Y,^l}H|A{^ru,@@,@L}I
20  69.05631525  018.52908058 26.0508 0 3 {@L}J{@R}10-28{@Y}B{^u,@@,@L}J{@Y}J{^u}
20  69.05613508  018.53006525 26.0508 0 3 {@L}J{@R}10-28{@Y}B{^u,@@,@L}J{@Y}J{^u}
20  69.05390132  018.54828114 19.1644 0 3 {@L}R{@R}10-28{@Y}D{^u,@@,@L}R{@Y,^l}X|{^lu}R
20  69.05403639  018.54723370 19.1644 0 3 {@L}R{@R}10-28{@Y}D{^u,@@,@L}R{@Y,^l}X|{^lu}R
20  69.05167698  018.56617574 19.1644 0 3 {@L}Q{@R}28{@Y}G{^u,@@,@L}Q{@Y,^lu}Q|X{^r}
20  69.05156837  018.56726806 19.1644 0 3 {@L}Q{@R}28{@Y}G{^u,@@,@L}Q{@Y,^lu}Q|X{^r}
20  69.05324793  018.56758030 199.0285 0 3 {@L}B{@R}28{@Y}Q{^u,@@,@L}B{@Y,^l}Y
20  69.05542732  018.54977463 199.0285 0 3 {@L}B{@R}10-28{@Y}R{^u,@@,@L}B{@Y,^l}Y{^r}
20  69.05554434  018.54873333 199.0285 0 3 {@L}B{@R}10-28{@Y}R{^u,@@,@L}B{@Y,^l}Y{^r}
20  69.05645460  018.54155581 199.0285 0 3 {@L}C{@R}10-28{@@,@L}C{@Y,^l}Y{^r}|C{^u}
20  69.05661347  018.54029873 199.0285 0 3 {@L}C{@R}10-28{@@,@L}C{@Y,^l}Y{^r}|C{^u}
20  69.05771366  018.53146066 199.0285 0 3 {@L}B{@R}10-28{@Y,^u}J{@@,@L}B{@Y,^l}Y{^r}|B{^u}
20  69.05789153  018.53020725 199.0285 0 3 {@L}B{@R}10-28{@Y,^u}J{@@,@L}B{@Y,^l}Y{^r}|B{^u}
20  69.06013958  018.51173983 199.0285 0 3 {@L}A{@R}10{@@,@L}A{@Y}Y{^r}
20  69.06030942  018.51045260 199.0285 0 3 {@L}A{@R}10{@@,@L}A{@Y}Y{^r}
14  69.05910959  018.54154274 154.20 0 ATC Tower
1300  69.05901558  018.53944846 354.30 tie_down jets|turboprops Airline terminal
1301 C airline nax
1300  69.05280584  018.54990852  16.18 tie_down helos|fighters Fighter Stand 17
1301 A military 
1300  69.05236494  018.55357327  16.18 tie_down helos|fighters Fighter Stand 16
1301 A military 
1300  69.05167269  018.55749150  16.18 tie_down helos|fighters Fighter Stand 15
1301 A military 
1300  69.05159028  018.55998064  16.18 tie_down helos|fighters Fighter Stand 14
1301 A military 
1300  69.05093740  018.56499946  42.89 tie_down helos|fighters Fighter Stand 13
1301 A military 
1300  69.05022203  018.56754027 -84.01 tie_down helos|fighters Fighter Stand 12
1301 A military 
1300  69.04926105  018.56688008 -60.55 tie_down helos|fighters Fighter Stand 11
1301 A military 
1300  69.04965167  018.56231706 -171.84 tie_down helos|fighters Fighter Stand 10
1301 A military 
1300  69.04910084  018.55924955  11.27 tie_down helos|fighters Fighter Stand 9
1301 A military 
1300  69.04972348  018.55735083 -173.36 tie_down helos|fighters Fighter Stand 8
1301 A military 
1300  69.04923663  018.55526224   7.89 tie_down helos|fighters Fighter Stand 7
1301 A military 
1300  69.04988245  018.55442865 -173.73 tie_down helos|fighters Fighter Stand 6
1301 A military 
1300  69.04943534  018.55290502  24.88 tie_down helos|fighters Fighter Stand 5
1301 A military 
1300  69.05000333  018.55102479  63.86 tie_down helos|fighters Fighter Stand 4
1301 A military 
1300  69.05115365  018.55148093 -117.81 tie_down helos|fighters Fighter Stand 3
1301 A military 
1300  69.05094762  018.54908814  63.32 tie_down helos|fighters Fighter Stand 2
1301 A military 
1300  69.05336157  018.54646633  78.74 tie_down helos|fighters Fighter Stand 1
1301 A military 
1300  69.05183936  018.51816540  40.10 tie_down helos Stand 8 - Apron 6
1301 A military 
1300  69.05193905  018.51781970  40.10 tie_down helos Stand 7 - Apron 6
1301 A military 
1300  69.05203013  018.51750939  40.10 tie_down helos Stand 6 - Apron 6
1301 A military 
1300  69.05212286  018.51720371  40.10 tie_down helos Stand 5 - Apron 6
1301 A military 
1300  69.05220897  018.51690266  40.10 tie_down helos Stand 4 - Apron 6
1301 A military 
1300  69.05230153  018.51658359  40.10 tie_down helos Stand 3 - Apron 6
1301 A military 
1300  69.05239095  018.51626864  40.10 tie_down helos Stand 2 - Apron 6
1301 A military 
1300  69.05249968  018.51593251  40.10 tie_down helos Stand 1 - Apron 6
1301 A military 
1300  69.05810682  018.54738723  20.57 tie_down turboprops|props NAC apron 4
1301 A general_aviation 
1300  69.05815740  018.54686404  19.32 tie_down turboprops|props NAC apron 3
1301 A general_aviation 
1300  69.05822462  018.54630361  19.32 tie_down turboprops|props NAC apron 2
1301 A general_aviation 
1300  69.05827706  018.54569850  18.01 tie_down turboprops|props NAC apron 1
1301 A general_aviation 
1300  69.05806239  018.53802614 290.19 tie_down heavy|jets Heavy Military 1
1301 E military 
1300  69.05851885  018.53429806 110.60 tie_down heavy|jets Heavy Military 1
1301 E military 
19  69.05987400  018.51258480 0 WS
19  69.05246964  018.56149785 0 WS
50 12972 ATIS
54 12210 TWR
54 11810 TWR
55 11880 APP
55 12585 APP
1200 
1201  69.05905148  018.51143243 both 0 I_stop
1201  69.05885829  018.51157530 both 1 I_stop
1201  69.05823013  018.51329395 both 2 I_stop
1201  69.05794357  018.51408207 both 3 I_stop
1201  69.05768567  018.51452321 both 4 I_stop
1201  69.05737438  018.51468944 both 5 I_stop
1201  69.05577808  018.51463083 both 6 I_stop
1201  69.05498566  018.51684874 both 7 I_stop
1201  69.05256770  018.51656070 both 8 I_stop
1201  69.05182523  018.51894093 both 9 I_start
1201  69.05328207  018.51686881 both 10 J_stop
1201  69.05327722  018.52193254 both 11 J_stop
1201  69.05329799  018.52236142 both 12 J_stop
1201  69.05334111  018.52278584 both 13 J_stop
1201  69.05341139  018.52319686 both 14 J_stop
1201  69.05354954  018.52370170 both 15 J_stop
1201  69.05370766  018.52406804 both 16 J_stop
1201  69.05385780  018.52431599 both 17 J_stop
1201  69.05408060  018.52454608 both 18 J_stop
1201  69.05505595  018.52521835 both 19 J_stop
1201  69.05515657  018.52535462 both 20 J_stop
1201  69.05531868  018.52566067 both 21 J_stop
1201  69.05542729  018.52592875 both 22 J_stop
1201  69.05554069  018.52628618 both 23 J_stop
1201  69.05566926  018.52680670 both 24 J_stop
1201  69.05576430  018.52741882 both 25 J_stop
1201  69.05586971  018.52841296 both 26 J_stop
1201  69.05595596  018.52884636 both 27 J_stop
1201  69.05608054  018.52925296 both 28 J_stop
1201  69.05622721  018.52958507 both 29 J_stop
1201  69.05627305  018.52966274 both 30 J_stop
1201  69.05826011  018.54345065 both 31 _stop
1201  69.05844096  018.54413525 both 32 _stop
1201  69.05846541  018.54445407 both 33 _stop
1201  69.05843486  018.54501198 both 34 _stop
1201  69.05817649  018.54741793 both 35 _start
1201  69.05794771  018.54711647 both 36 _stop
1201  69.05802706  018.54637649 both 37 _stop
1201  69.05819495  018.54414048 both 38 _stop
1201  69.05822720  018.54302133 both 39 _stop
1201  69.05821432  018.54133186 both 40 _stop
1201  69.05815703  018.54084427 both 41 _stop
1201  69.05802766  018.54051718 both 42 _stop
1201  69.05849127  018.53961757 both 43 _stop
1201  69.05835029  018.53999526 both 44 _stop
1201  69.05874146  018.53699331 both 45 B_stop
1201  69.05887261  018.53722125 both 46 B_stop
1201  69.05880817  018.53715963 both 47 B_stop
1201  69.05903953  018.53721013 both 48 B_stop
1201  69.05913690  018.53697663 both 49 B_stop
1201  69.05934157  018.53392445 both 50 B_stop
1201  69.05934356  018.53335182 both 51 B_stop
1201  69.05921638  018.53247897 both 52 B_stop
1201  69.05906536  018.53208427 both 53 B_stop
1201  69.05816569  018.53723279 both 54 K_start
1201  69.05834357  018.53575513 both 55 K_start
1201  69.05839384  018.53534479 both 56 K_stop
1201  69.05813922  018.53512532 both 57 K_stop
1201  69.05786736  018.53958871 both 58 C_stop
1201  69.05777126  018.54037688 both 59 C_stop
1201  69.05872369  018.53269287 both 60 B_stop
1201  69.05877138  018.53175424 both 61 B_stop
1201  69.06040417  018.51127324 both 62 Y_stop
1201  69.06049012  018.51147835 both 63 Y_stop
1201  69.06055253  018.51181400 both 64 Y_stop
1201  69.06054991  018.51224024 both 65 Y_stop
1201  69.06049120  018.51260830 both 66 Y_stop
1201  69.06004959  018.51421193 both 67 Y_stop
1201  69.05992549  018.51488662 both 68 Y_stop
1201  69.05895713  018.52234630 both 69 Y_stop
1201  69.05880975  018.52365745 both 70 Y_stop
1201  69.05844792  018.52771888 both 71 Y_stop
1201  69.05830205  018.52984109 both 72 Y_stop
1201  69.05825586  018.53032369 both 73 Y_stop
1201  69.05805240  018.53168370 both 74 Y_stop
1201  69.05813472  018.53113349 both 75 Y_stop
1201  69.05356810  018.56795717 both 76 Y_stop
1201  69.05582930  018.54958196 both 77 Y_stop
1201  69.05679081  018.54174400 both 78 Y_stop
1201  69.05685903  018.54123895 both 79 Y_stop
1201  69.05696236  018.54115992 both 80 Y_stop
1201  69.05761137  018.54048502 both 81 Y_stop
1201  69.05709440  018.53950221 both 82 Y_stop
1201  69.05768382  018.53468757 both 83 Y_stop
1201  69.05345330  018.56822708 both 84 Y_stop
1201  69.05328970  018.56831085 both 85 Y_stop
1201  69.05110438  018.56630266 both 86 Q_stop
1201  69.05088984  018.56672360 both 87 Q_stop
1201  69.05067043  018.56696728 both 88 Q_stop
1201  69.05042882  018.56696963 both 89 Q_stop
1201  69.04956784  018.56614910 both 90 Q_stop
1201  69.05029714  018.56684503 both 91 Q_stop
1201  69.04947596  018.56597055 both 92 Q_stop
1201  69.04928200  018.56540361 both 93 Q_stop
1201  69.04917541  018.56475376 both 94 R_stop
1201  69.04962221  018.55384077 both 95 R_stop
1201  69.04960536  018.55430958 both 96 R_stop
1201  69.04956120  018.55533614 both 97 R_stop
1201  69.04948387  018.55722005 both 98 R_stop
1201  69.04939563  018.55934356 both 99 R_stop
1201  69.04928015  018.56218531 both 100 R_stop
1201  69.04970386  018.55318468 both 101 R_stop
1201  69.04985450  018.55249644 both 102 R_stop
1201  69.05011900  018.55190788 both 103 R_stop
1201  69.05310919  018.54761206 both 104 R_stop
1201  69.05118495  018.55037648 both 105 R_stop
1201  69.05097069  018.55068431 both 106 R_stop
1201  69.05343827  018.54739590 both 107 R_stop
1201  69.05309584  018.55015549 both 108 R_stop
1201  69.05264274  018.55383234 both 109 R_stop
1201  69.05213787  018.55792839 both 110 R_stop
1201  69.05186245  018.56016902 both 111 R_stop
1201  69.05121209  018.56540237 both 112 R_stop
1201  69.05365703  018.54744993 both 113 R_stop
1201  69.05396017  018.54775309 both 114 R_start
1201  69.05159617  018.56672126 both 115 Q_stop
1201  69.05317795  018.56821164 both 116 G_stop
1201  69.05212311  018.56719053 both 117 G_start
1201  69.05548643  018.54925627 both 118 D_stop
1201  69.06022895  018.51109714 both 119 A_stop
1201  69.05653570  018.54093026 both 120 C_stop
1201  69.05780129  018.53081101 both 121 B_stop
1201  69.05241270  018.56746220 both 122 _stop
1201  69.05945294  018.51031541 both 123 _start
1201  69.05928470  018.51169883 both 124 _start
1201  69.05702372  018.53008464 both 125 _start
1201  69.05699054  018.53033426 both 126 _start
1201  69.05578043  018.54013306 both 127 _start
1201  69.05474460  018.54852729 both 128 _start
1201  69.05851653  018.54397307 both 129 I_stop
1201  69.05880979  018.54046912 both 130 I_stop
1201  69.05906312  018.53993287 both 131 I_stop
1201  69.05912658  018.53917883 both 132 I_start
1202 0 124 twoway taxiway_A I
1204 departure 10,28
1204 arrival 10,28
1202 1 0 twoway taxiway_A I
1204 departure 10,28
1204 arrival 10,28
1202 2 1 twoway taxiway_A I
1204 departure 10,28
1204 arrival 10,28
1202 3 2 twoway taxiway_A I
1202 4 3 twoway taxiway_A I
1202 5 4 twoway taxiway_A I
1202 6 5 twoway taxiway_A I
1202 7 6 twoway taxiway_A I
1202 10 7 twoway taxiway_A I
1202 8 10 twoway taxiway_A I
1202 9 8 twoway taxiway_A I
1202 11 10 twoway taxiway_A J
1202 12 11 twoway taxiway_A J
1202 13 12 twoway taxiway_A J
1202 14 13 twoway taxiway_A J
1202 15 14 twoway taxiway_A J
1202 16 15 twoway taxiway_A J
1202 17 16 twoway taxiway_A J
1202 18 17 twoway taxiway_A J
1202 19 18 twoway taxiway_A J
1202 20 19 twoway taxiway_A J
1202 21 20 twoway taxiway_A J
1202 22 21 twoway taxiway_A J
1202 23 22 twoway taxiway_A J
1202 24 23 twoway taxiway_A J
1202 25 24 twoway taxiway_A J
1202 26 25 twoway taxiway_A J
1202 27 26 twoway taxiway_A J
1202 28 27 twoway taxiway_A J
1202 29 28 twoway taxiway_A J
1202 30 29 twoway taxiway_A J
1204 departure 10,28
1204 arrival 10,28
1202 126 30 twoway taxiway_A J
1204 departure 10,28
1204 arrival 10,28
1202 31 39 oneway taxiway_A 
1202 32 31 oneway taxiway_A 
1202 33 32 oneway taxiway_A 
1202 34 33 oneway taxiway_A 
1202 35 34 oneway taxiway_A 
1202 37 36 oneway taxiway_A 
1202 38 37 oneway taxiway_A 
1202 39 38 oneway taxiway_A 
1202 40 39 twoway taxiway_A 
1202 41 40 twoway taxiway_A 
1202 42 41 twoway taxiway_A 
1202 59 42 twoway taxiway_A 
1202 43 47 twoway taxiway_C 
1202 44 43 twoway taxiway_C 
1202 59 44 twoway taxiway_C 
1202 45 55 twoway taxiway_C L
1202 55 57 twoway taxiway_C L
1202 46 47 twoway taxiway_C B
1202 47 45 twoway taxiway_C B
1202 48 46 twoway taxiway_C B
1202 49 48 twoway taxiway_C B
1202 50 49 twoway taxiway_C B
1202 51 50 twoway taxiway_C B
1202 52 51 twoway taxiway_C B
1202 53 52 twoway taxiway_C B
1202 61 53 twoway taxiway_C B
1202 56 57 oneway taxiway_E K
1202 57 83 twoway taxiway_E K
1202 54 55 oneway taxiway_E K
1202 55 56 oneway taxiway_E K
1202 59 58 oneway taxiway_E C
1202 79 80 twoway taxiway_E C
1202 80 81 twoway taxiway_E C
1202 81 59 twoway taxiway_E C
1202 120 79 twoway taxiway_E C
1202 61 60 oneway taxiway_E 
1202 121 75 twoway taxiway_E B
1202 75 61 twoway taxiway_E B
1202 118 77 twoway taxiway_A D
1202 62 119 twoway taxiway_C Y
1202 63 62 twoway taxiway_C Y
1202 64 63 twoway taxiway_C Y
1202 65 64 twoway taxiway_C Y
1202 66 65 twoway taxiway_C Y
1202 67 66 twoway taxiway_C Y
1202 68 67 twoway taxiway_C Y
1202 69 68 twoway taxiway_C Y
1202 70 69 twoway taxiway_C Y
1202 71 70 twoway taxiway_C Y
1202 72 71 twoway taxiway_C Y
1202 73 72 twoway taxiway_C Y
1202 74 75 twoway taxiway_C Y
1202 75 73 twoway taxiway_C Y
1202 76 77 twoway taxiway_C Y
1202 77 78 twoway taxiway_C Y
1202 78 79 twoway taxiway_C Y
1202 79 82 twoway taxiway_E Y
1202 82 83 twoway taxiway_E Y
1202 83 74 twoway taxiway_E Y
1202 84 76 twoway taxiway_C Y
1202 85 84 twoway taxiway_C Y
1202 116 85 twoway taxiway_C Y
1202 107 108 twoway taxiway_A X
1202 108 109 twoway taxiway_A X
1202 109 110 twoway taxiway_A X
1202 110 111 twoway taxiway_A X
1202 111 112 twoway taxiway_A X
1202 112 86 twoway taxiway_A X
1202 86 115 twoway taxiway_A Q
1202 87 86 twoway taxiway_A Q
1202 88 87 twoway taxiway_A Q
1202 89 88 twoway taxiway_A Q
1202 90 91 twoway taxiway_A Q
1202 91 89 twoway taxiway_A Q
1202 92 90 twoway taxiway_A Q
1202 93 92 twoway taxiway_A Q
1202 94 93 twoway taxiway_A Q
1202 95 96 twoway taxiway_A R
1202 96 97 twoway taxiway_A R
1202 97 98 twoway taxiway_A R
1202 98 99 twoway taxiway_A R
1202 99 100 twoway taxiway_A R
1202 100 94 twoway taxiway_A R
1202 101 95 twoway taxiway_A R
1202 102 101 twoway taxiway_A R
1202 103 102 twoway taxiway_A R
1202 104 105 twoway taxiway_A R
1202 105 106 twoway taxiway_A R
1202 106 103 twoway taxiway_A R
1202 107 104 twoway taxiway_A R
1202 113 107 twoway taxiway_A R
1202 114 113 twoway taxiway_A R
1202 114 128 twoway taxiway_A R
1204 departure 10,28
1204 arrival 10,28
1202 122 117 twoway taxiway_A Q
1204 departure 10,28
1204 arrival 10,28
1202 117 115 twoway taxiway_A Q
1204 departure 10,28
1204 arrival 10,28
1202 122 116 twoway taxiway_C G
1204 departure 10,28
1204 arrival 10,28
1202 128 118 twoway taxiway_A D
1204 departure 10,28
1204 arrival 10,28
1202 123 119 twoway taxiway_C A
1204 departure 10,28
1204 arrival 10,28
1202 127 120 twoway taxiway_E C
1204 departure 10,28
1204 arrival 10,28
1202 125 121 twoway taxiway_E B
1204 departure 10,28
1204 arrival 10,28
1202 123 124 twoway runway 10/28
1204 departure 10,28
1204 arrival 10,28
1204 ils 10,28
1202 124 125 twoway runway 10/28
1204 departure 10,28
1204 arrival 10,28
1204 ils 10,28
1202 125 126 twoway runway 10/28
1204 departure 10,28
1204 arrival 10,28
1204 ils 10,28
1202 126 127 twoway runway 10/28
1204 departure 10,28
1204 arrival 10,28
1204 ils 10,28
1202 127 128 twoway runway 10/28
1204 departure 10,28
1204 arrival 10,28
1204 ils 10,28
1202 128 122 twoway runway 10/28
1204 departure 10,28
1204 arrival 10,28
1204 ils 10,28
1206 130 129 twoway  I
1206 131 130 twoway  I
1206 132 131 twoway  I
1400  69.05918147  18.53988585  185.63 baggage_loader 0 New Service Truck 152
1400  69.05917527  18.53995521  185.63 baggage_loader 0 New Service Truck 152
1400  69.05912853  18.53910390  190.86 baggage_train 3 New Service Truck 151
1400  69.05913051  18.53904009  190.86 baggage_train 3 New Service Truck 151
1400  69.05914842  18.53976833 -164.58 gpu 0 New Service Truck 150
99
