I
1100 Generated by WorldEditor 1.7.21r1

1     10 1 0 ENEN Engeloy
1302 city Gratussan
1302 country Norway
1302 datum_lat 67.967222
1302 datum_lon 14.9925
1302 faa_code 
1302 iata_code 
1302 icao_code ENEN
1302 region_code EN
1302 state 
1302 transition_alt 7000
1302 transition_level 
100 22.00 3 0 0.35 0 0 0 06  67.96592850  014.98666700    0    0 0 0 0 0 24  67.96849200  014.99846700    0    0 0 0 0 0
110 3 0.35 60.0000 taxiway & apron
111  67.96752076  014.99435291
112  67.96747474  014.99451939  67.96746417  014.99454638
111  67.96741448  014.99462161
112  67.96719667  014.99485876  67.96718966  014.99486668
112  67.96717366  014.99483832  67.96717005  014.99482133
111  67.96714314  014.99468848
111  67.96697248  014.99495029
111  67.96696165  014.99546515
111  67.96697648  014.99554131
112  67.96708328  014.99550008  67.96709398  014.99549329
111  67.96717787  014.99540154
111  67.96726162  014.99530595
112  67.96725056  014.99521482  67.96724928  014.99519241
112  67.96724828  014.99512874  67.96724905  014.99510632
112  67.96725408  014.99505539  67.96725672  014.99503547
112  67.96727021  014.99498570  67.96728014  014.99497415
112  67.96745230  014.99478132  67.96745930  014.99477566
112  67.96750108  014.99475069  67.96750745  014.99474899
111  67.96754494  014.99473846
113  67.96760578  014.99474088
130 Airport Boundary 4
111  67.96827132  014.99635194
111  67.96599919  014.98573916
111  67.96561986  014.98635397
111  67.96641180  014.99025469
111  67.96711256  014.99444448
111  67.96666283  014.99505944
111  67.96747176  014.99751151
111  67.96798282  014.99868697
111  67.96838347  014.99900638
113  67.96870373  014.99851724
14  67.96705371  014.99461603  32.81 0 New Tower Viewpoint 89
1300  67.96715508  014.99530528 150.50 misc props Apron 1
1301 A none 
1300  67.96707290  014.99490518 150.50 misc props Apron 2
1301 A none 
19  67.96752800  014.99726400 0 WDI
51 12350 Engeloy Traffic
1200 
1201  67.96726152  014.99489996 both 0 _stop
1201  67.96739715  014.99473374 both 1 _stop
1201  67.96839656  014.99861973 both 2 _stop
1201  67.96829947  014.99818678 both 3 _stop
1201  67.96582872  014.98681818 both 4 _stop
1201  67.96591018  014.98718665 both 5 _stop
1201  67.96849200  014.99846700 both 6 _stop
1201  67.96592850  014.98666700 both 7 _start
1201  67.96602025  014.98708846 both 8 _start
1201  67.96761967  014.99445218 both 9 _start
1201  67.96838305  014.99797024 both 10 _start
1202 1 0 twoway taxiway_A 
1202 9 1 twoway taxiway_A 
1204 departure 06,24
1204 arrival 06,24
1202 2 6 oneway taxiway_A 
1204 departure 06,24
1204 arrival 24
1202 3 2 oneway taxiway_A 
1204 departure 06,24
1204 arrival 06,24
1202 10 3 oneway taxiway_A 
1204 departure 06,24
1204 arrival 06,24
1202 4 7 oneway taxiway_A 
1204 departure 06,24
1204 arrival 06,24
1202 5 4 oneway taxiway_A 
1204 departure 06,24
1204 arrival 06,24
1202 8 5 oneway taxiway_A 
1204 departure 06,24
1204 arrival 06,24
1202 7 8 twoway runway 06/24
1204 departure 06,24
1204 arrival 06,24
1204 ils 06,24
1202 8 9 twoway runway 06/24
1204 departure 06,24
1204 arrival 06,24
1204 ils 06,24
1202 9 10 twoway runway 06/24
1204 departure 06,24
1204 arrival 06,24
1204 ils 06,24
1202 10 6 twoway runway 06/24
1204 departure 06,24
1204 arrival 06,24
1204 ils 06,24
99
