I
1130 Generated by WorldEditor 2.0.0r4

1     87 0 0 ENGS Snasa
1302 city Snåsa
1302 country Norway
1302 datum_lat 64.183
1302 datum_lon 012.17
1302 faa_code 
1302 iata_code 
1302 icao_code ENGS
1302 region_code EN
1302 state Nord-Trøndelag
1302 transition_alt 
1302 transition_level 
100 20.00 5 0 0.00 0 0 0 04  64.18120906  012.16589427    0    0 1 0 0 0 22  64.18477294  012.17474030    0    0 1 0 0 0
110 5 0.00 0.0000 Taxiway
111  64.18284311  012.17024756
112  64.18284636  012.17039325  64.18282829  012.17043475
112  64.18251314  012.17098604  64.18248151  012.17103014
111  64.18250074  012.17119556
111  64.18268025  012.17169881
112  64.18275413  012.17169633  64.18278802  012.17162888
111  64.18309365  012.17106191
111  64.18316686  012.17105444
111  64.18306396  012.17079637
111  64.18305519  012.17092131
111  64.18275010  012.17144802
112  64.18264092  012.17132464  64.18259862  012.17116775
111  64.18262972  012.17100909
112  64.18288541  012.17051652  64.18292382  012.17044907
113  64.18295374  012.17051652
110 4 0.00 0.0000 New Taxiway 12
111  64.18230631  012.17241673
112  64.18245149  012.17226972  64.18248417  012.17222365
112  64.18260283  012.17205912  64.18262346  012.17202885
112  64.18266990  012.17192487  64.18266990  012.17188801
112  64.18266474  012.17182747  64.18265270  012.17181825
112  64.18263837  012.17182878  64.18262862  012.17183536
112  64.18261830  012.17183536  64.18261429  012.17182878
112  64.18260684  012.17179851  64.18260684  012.17178798
112  64.18261200  012.17175507  64.18261658  012.17174718
112  64.18262174  012.17171559  64.18262060  012.17169848
112  64.18261200  012.17167083  64.18260627  012.17166820
112  64.18258563  012.17166820  64.18258104  012.17167083
112  64.18256958  012.17167610  64.18256327  012.17167610
112  64.18255009  012.17166294  64.18254436  012.17165767
112  64.18252257  012.17164451  64.18251283  012.17163924
112  64.18250882  012.17159844  64.18250882  012.17159318
112  64.18251111  012.17154316  64.18251054  012.17154316
112  64.18248990  012.17156027  64.18248531  012.17157212
112  64.18246926  012.17160897  64.18246754  012.17162345
112  64.18245436  012.17166294  64.18244863  012.17167215
112  64.18241653  012.17186169  64.18241194  012.17198147
112  64.18240965  012.17214336  64.18240506  012.17221181
112  64.18237353  012.17229604  64.18233799  012.17232500
113  64.18229213  012.17236317
112  64.18243946  012.17214205  64.18244060  012.17211572
112  64.18244060  012.17202490  64.18244060  012.17198541
112  64.18244805  012.17183405  64.18245493  012.17174718
112  64.18251455  012.17175639  64.18254493  012.17177613
112  64.18256671  012.17191697  64.18256557  012.17200253
112  64.18250996  012.17212888  64.18248761  012.17216837
113  64.18242914  012.17222760
110 4 0.00 0.0000 New Taxiway 14
111  64.18296663  012.17155230
112  64.18296594  012.17149544  64.18295906  012.17149386
112  64.18294668  012.17146859  64.18294049  012.17144016
112  64.18293155  012.17142120  64.18291985  012.17140699
112  64.18290885  012.17138645  64.18290403  012.17137066
112  64.18288821  012.17132169  64.18287583  012.17129958
112  64.18286826  012.17126641  64.18286482  012.17126009
112  64.18283731  012.17126009  64.18282699  012.17126957
112  64.18280635  012.17131064  64.18279947  012.17131538
112  64.18277608  012.17131696  64.18276577  012.17132169
112  64.18274582  012.17135012  64.18273550  012.17136592
112  64.18271968  012.17139277  64.18271280  012.17139277
112  64.18270592  012.17146859  64.18270592  012.17150492
112  64.18272518  012.17157599  64.18273275  012.17161864
112  64.18273688  012.17166918  64.18274513  012.17170709
112  64.18275545  012.17173710  64.18276026  012.17174184
112  64.18277540  012.17174184  64.18278296  012.17173078
112  64.18279191  012.17169445  64.18280016  012.17167234
112  64.18282080  012.17163759  64.18283180  012.17161390
112  64.18284350  012.17157915  64.18284556  012.17157599
112  64.18285794  012.17156178  64.18287720  012.17156336
112  64.18288959  012.17156810  64.18290265  012.17157757
112  64.18290816  012.17158231  64.18291366  012.17158389
114  64.18294599  012.17160126  64.18295218  012.17160126
130 Airport Boundary 11
111  64.18136199  012.16578487
111  64.18131886  012.16573300
111  64.18126340  012.16566698
111  64.18121821  012.16556794
111  64.18116892  012.16551135
111  64.18109497  012.16548305
111  64.18104979  012.16545476
111  64.18098611  012.16549720
111  64.18097173  012.16558680
111  64.18097584  012.16571885
111  64.18098817  012.16585090
111  64.18098406  012.16597351
111  64.18102514  012.16611499
111  64.18107033  012.16621874
111  64.18116070  012.16638380
111  64.18120589  012.16646398
111  64.18125519  012.16658187
111  64.18130037  012.16665733
111  64.18133940  012.16675165
111  64.18137432  012.16686955
111  64.18140307  012.16701103
111  64.18142772  012.16719024
111  64.18146264  012.16730342
111  64.18149140  012.16749677
111  64.18152221  012.16760996
111  64.18155096  012.16773729
111  64.18158383  012.16787877
111  64.18175325  012.16828680
111  64.18217638  012.16925832
111  64.18261593  012.17039961
111  64.18266112  012.17049393
111  64.18264919  012.17054076
111  64.18260639  012.17058661
111  64.18243951  012.17085517
111  64.18231113  012.17116303
111  64.18229116  012.17130714
111  64.18229544  012.17135626
111  64.18234251  012.17141522
111  64.18243523  012.17156260
111  64.18240813  012.17164775
111  64.18238842  012.17180005
111  64.18238984  012.17192123
111  64.18238984  012.17211119
111  64.18237558  012.17226840
111  64.18230141  012.17234372
111  64.18231424  012.17243543
111  64.18246829  012.17228805
111  64.18261807  012.17206206
111  64.18267940  012.17196708
111  64.18274074  012.17179023
111  64.18282285  012.17187419
111  64.18288961  012.17209035
111  64.18299744  012.17215324
111  64.18304024  012.17207856
111  64.18306078  012.17192922
111  64.18304879  012.17174057
111  64.18302483  012.17155192
111  64.18302654  012.17142222
111  64.18305906  012.17137899
111  64.18308987  012.17143401
111  64.18354144  012.17255151
111  64.18374602  012.17303824
111  64.18393827  012.17347403
111  64.18410834  012.17384190
111  64.18426609  012.17420412
111  64.18436468  012.17445880
111  64.18449778  012.17480970
111  64.18459860  012.17498725
111  64.18466228  012.17501083
111  64.18473828  012.17500611
111  64.18478141  012.17487877
111  64.18484098  012.17478916
111  64.18490915  012.17468964
111  64.18494196  012.17455862
111  64.18495052  012.17444398
111  64.18493768  012.17434572
111  64.18489774  012.17423436
111  64.18484497  012.17408041
111  64.18475082  012.17391337
111  64.18469377  012.17373322
111  64.18464812  012.17357928
111  64.18458964  012.17345481
111  64.18452831  012.17331070
111  64.18411388  012.17231570
111  64.18355649  012.17093299
111  64.18338149  012.17048588
111  64.18329029  012.17040665
111  64.18324593  012.17036137
111  64.18322867  012.17034440
111  64.18320156  012.17029912
111  64.18290564  012.16962082
111  64.18221755  012.16795129
111  64.18202653  012.16749854
111  64.18197107  012.16726745
111  64.18193410  012.16715426
111  64.18190329  012.16703636
111  64.18185399  012.16683828
111  64.18179853  012.16669208
111  64.18173897  012.16656002
113  64.18153457  012.16613183
14  64.18253440  012.17136142   6.56 0 Tower Viewpoint
1300  64.18273807  012.17158758 -42.42 tie_down props Ramp Start
1301 A general_aviation 
19  64.18295536  012.17154177 0 Windsock
99
