A
1050 Generated by WorldEditor

1     33 0 0 ENJA Jan Mayen
1302 city 
1302 country Norway
1302 datum_lat 
1302 datum_lon 
1302 faa_code 
1302 iata_code ZXB
1302 icao_code ENJA
1302 region_code 
1302 state Jan Mayen
1302 transition_alt 
1302 transition_level 
100 32.00 4 0 0.75 0 2 1 04  70.93844598 -008.66708147    0    0 1 0 0 0 22  70.94993976 -008.63735749    0    0 1 9 0 0
110 4 1.00 40.1000 New Taxiway 2
111  70.94233910 -008.65702668
112  70.94222367 -008.65966491  70.94222367 -008.66050121
112  70.94216454 -008.66178584  70.94191960 -008.66249282
112  70.94137059 -008.66157030  70.94109186 -008.66198414
113  70.94058789 -008.66157030
130 Airport Boundary 1
111  70.94181718 -008.66291622
111  70.94106882 -008.66188140
111  70.93949364 -008.66581690
111  70.93843748 -008.66816340
111  70.93807537 -008.66616795
111  70.93973505 -008.66147493
111  70.94146714 -008.65657830
111  70.94354324 -008.65175523
111  70.94566159 -008.64693185
111  70.94580040 -008.64343866
111  70.94756267 -008.63889158
111  70.94956031 -008.63589640
111  70.94977758 -008.63652497
111  70.95011555 -008.63597035
111  70.95030867 -008.63617371
111  70.95017590 -008.63852161
111  70.94714020 -008.64735799
111  70.94593317 -008.64911393
111  70.94295783 -008.65728312
113  70.94233017 -008.66234693
20  70.94138043 -008.65865755 129.8100 0 4 {@Y}JAN_MAYEN
14  70.94232816 -008.66010703  22.97 0 ATC Tower
1300  70.94160990 -008.66087194  86.93 tie_down turboprops|props|helos Jan Mayen Ramp
1301 C general_aviation 
18  70.94410959 -008.66282540 1 BCN
19  70.94200746 -008.65575283 1 New Windsock 6
99
