I
1130 Generated by WorldEditor 2.0.0r4

1    205 1 0 ENKB Kristiansund Kvernberget
1302 city Kristiansund N
1302 country Norway
1302 datum_lat 63.111944444
1302 datum_lon 7.826111111
1302 faa_code 
1302 iata_code KSU
1302 icao_code ENKB
1302 region_code EN
1302 state Møre og Romsdal
1302 transition_alt 7000
1302 transition_level 070
100 45.00 1 1 0.25 1 3 0 07  63.10913467  007.80675887   79    0 3 10 0 0 25  63.11594416  007.85168404   69    0 2 0 0 0
110 1 0.00 78.1100 New Taxiway 68
111  63.10934048  007.80640117
111  63.10942126  007.80568852
111  63.10946766  007.80538914
111  63.10948470  007.80522584
112  63.10951974  007.80530121  63.10952428  007.80544190
111  63.10951974  007.80530121
111  63.10954814  007.80542892
111  63.10961516  007.80545159
111  63.10947019  007.80459067
111  63.10923850  007.80468779
112  63.10919210  007.80456008  63.10917947  007.80441004
111  63.10919210  007.80456008
112  63.10919210  007.80456008  63.10917395  007.80434898
111  63.10916180  007.80430467
111  63.10908794  007.80393829
111  63.10888288  007.80315289
111  63.10884350  007.80316676
111  63.10904658  007.80391962
112  63.10913653  007.80439695  63.10914679  007.80451210
111  63.10913653  007.80439695
111  63.10920282  007.80548979
113  63.10929372  007.80643609
111  63.10925635  007.80577846
111  63.10920711  007.80498080
112  63.10926392  007.80479866  63.10932452  007.80478610
111  63.10926392  007.80479866
111  63.10936240  007.80478819
112  63.10942395  007.80491381  63.10943342  007.80501430
111  63.10942395  007.80491381
111  63.10943721  007.80505617
112  63.10941732  007.80542673  63.10939081  007.80559422
111  63.10941732  007.80542673
113  63.10930464  007.80622857
110 1 0.00 339.2200 New Taxiway 67
111  63.11281922  007.83285743
111  63.11244913  007.83316104
112  63.11244913  007.83316104  63.11243467  007.83316831
112  63.11240350  007.83313428  63.11238377  007.83314882
111  63.11240350  007.83313428
111  63.11232091  007.83319186
111  63.11233708  007.83330062
112  63.11233708  007.83330062  63.11235024  007.83336169
111  63.11238443  007.83333727
111  63.11244177  007.83330819
112  63.11244177  007.83330819  63.11246084  007.83329219
112  63.11246886  007.83321862  63.11248991  007.83319535
111  63.11246886  007.83321862
111  63.11280897  007.83293072
113  63.11283501  007.83294817
110 5 0.00 70.8500 New Taxiway 36
111  63.11531095  007.83744398
112  63.11531095  007.83744398  63.11555050  007.83798240
111  63.11567457  007.83790886
111  63.11597342  007.83764500
111  63.11614841  007.83777065
111  63.11632397  007.83782633
111  63.11640465  007.83858773
112  63.11640465  007.83858773  63.11645374  007.83904306
111  63.11635693  007.83920339
111  63.11570442  007.84012278
112  63.11570442  007.84012278  63.11552988  007.84037909
111  63.11552166  007.84068189
111  63.11543204  007.84202038
111  63.11533693  007.84307468
112  63.11533693  007.84307468  63.11531784  007.84324957
111  63.11536716  007.84355999
112  63.11554991  007.84451277  63.11565672  007.84520883
111  63.11554991  007.84451277
111  63.11581371  007.84640216
111  63.11600565  007.84770497
111  63.11632656  007.84965033
111  63.11642430  007.85030544
111  63.11633428  007.85041578
112  63.11633428  007.85041578  63.11643550  007.85072011
112  63.11657587  007.85179386  63.11660418  007.85240437
111  63.11657587  007.85179386
111  63.11668640  007.85401074
111  63.11669553  007.85449542
111  63.11665003  007.85449322
111  63.11667295  007.85528967
112  63.11666638  007.85552671  63.11665783  007.85559942
111  63.11666638  007.85552671
112  63.11666638  007.85552671  63.11663481  007.85573322
111  63.11664336  007.85577539
111  63.11664928  007.85583501
112  63.11662593  007.85593388  63.11659700  007.85595715
111  63.11662593  007.85593388
111  63.11649672  007.85603279
111  63.11651382  007.85611278
111  63.11681696  007.85585537
111  63.11680447  007.85579720
111  63.11669787  007.85587881
112  63.11669794  007.85562560  63.11671504  007.85548163
111  63.11671109  007.85532166
111  63.11669723  007.85458583
111  63.11673954  007.85457850
111  63.11673735  007.85410465
111  63.11660621  007.85125960
112  63.11660621  007.85125960  63.11659485  007.85102297
111  63.11656833  007.85083903
111  63.11604247  007.84763836
112  63.11585594  007.84640264  63.11576267  007.84572960
111  63.11585594  007.84640264
112  63.11585594  007.84640264  63.11578067  007.84577664
111  63.11542192  007.84336054
112  63.11540488  007.84293085  63.11542124  007.84276802
111  63.11540488  007.84293085
111  63.11544692  007.84253885
111  63.11555260  007.84181516
111  63.11562380  007.84093856
112  63.11591651  007.84002399  63.11613877  007.83976166
111  63.11591651  007.84002399
111  63.11648594  007.83932562
112  63.11648594  007.83932562  63.11667547  007.83908740
111  63.11659720  007.83874665
112  63.11652768  007.83851379  63.11650040  007.83836301
111  63.11647313  007.83805895
111  63.11652199  007.83757647
111  63.11649149  007.83651273
111  63.11655504  007.83557990
111  63.11651527  007.83556943
111  63.11650213  007.83526529
111  63.11623760  007.83547034
111  63.11629215  007.83588044
112  63.11616124  007.83629959  63.11600171  007.83641417
111  63.11616124  007.83629959
111  63.11566432  007.83666615
112  63.11556659  007.83651789  63.11554387  007.83637215
111  63.11556659  007.83651789
111  63.11517102  007.83416294
112  63.11499523  007.83469959  63.11489002  007.83490027
111  63.11499523  007.83469959
113  63.11489977  007.83481343
110 5 0.00 71.4500 New Taxiway 37
111  63.11596317  007.84990681
111  63.11605752  007.85003199
111  63.11630668  007.85157100
111  63.11567944  007.85204844
111  63.11565864  007.85192391
111  63.11537362  007.85214754
111  63.11612303  007.85469044
111  63.11639120  007.85448082
112  63.11639120  007.85448082  63.11641566  007.85446337
111  63.11645029  007.85446429
111  63.11665003  007.85449322
111  63.11664890  007.85444296
111  63.11658867  007.85437763
111  63.11658299  007.85420424
111  63.11662958  007.85413890
111  63.11664776  007.85401074
111  63.11654147  007.85177121
111  63.11615186  007.85007900
113  63.11590787  007.84957829
110 1 0.00 75.3600 New Taxiway 35
111  63.11465862  007.83320436
111  63.11455104  007.83326631
112  63.11457971  007.83341775  63.11458695  007.83343374
111  63.11457971  007.83341775
111  63.11462640  007.83350529
112  63.11474661  007.83382287  63.11477291  007.83398428
111  63.11474661  007.83382287
111  63.11488626  007.83471606
111  63.11498071  007.83459067
112  63.11498071  007.83459067  63.11501425  007.83454704
111  63.11506672  007.83435859
111  63.11515116  007.83402704
111  63.11505410  007.83333078
113  63.11478834  007.83275692
110 5 0.00 73.5700 New Taxiway 34
111  63.11536987  007.82636413
111  63.11538475  007.82644996
111  63.11521378  007.82658447
111  63.11519789  007.82649480
111  63.11520985  007.82648571
111  63.11507164  007.82568823
112  63.11507164  007.82568823  63.11506835  007.82567247
111  63.11504954  007.82568474
111  63.11487278  007.82577373
111  63.11477227  007.82574867
111  63.11472445  007.82584877
111  63.11491262  007.82848293
111  63.11487634  007.82923031
111  63.11502133  007.83107168
112  63.11502133  007.83107168  63.11503837  007.83130202
111  63.11497624  007.83155262
111  63.11501755  007.83196631
111  63.11482573  007.83262795
111  63.11509881  007.83321639
111  63.11540474  007.83295924
111  63.11542204  007.83304912
111  63.11574475  007.83283050
111  63.11587780  007.83359867
112  63.11587780  007.83359867  63.11591735  007.83374643
111  63.11605943  007.83365958
111  63.11620151  007.83356086
111  63.11622629  007.83327248
111  63.11626078  007.83244284
111  63.11624169  007.83234634
111  63.11654577  007.83211114
112  63.11654577  007.83211114  63.11674576  007.83182467
111  63.11670435  007.83129433
113  63.11598034  007.82590032
110 5 0.00 84.8200 New Taxiway 29
111  63.10916085  007.81087695
111  63.10898495  007.81088600
112  63.10898495  007.81088600  63.10892700  007.81088600
111  63.10890723  007.81099754
111  63.10888542  007.81187181
112  63.10888542  007.81187181  63.10887633  007.81223609
111  63.10896893  007.81295281
111  63.10940657  007.81593270
112  63.10940657  007.81593270  63.10943308  007.81610228
111  63.10949140  007.81612607
111  63.11016142  007.81571378
112  63.11016142  007.81571378  63.11019429  007.81569459
111  63.11021731  007.81573316
111  63.11018991  007.81558293
112  63.11015977  007.81565441  63.11013146  007.81567460
111  63.11015977  007.81565441
111  63.10985017  007.81584826
112  63.10978704  007.81579941  63.10977992  007.81575094
111  63.10978704  007.81579941
112  63.10978704  007.81579941  63.10982595  007.81573156
111  63.10980835  007.81561970
111  63.10954482  007.81331025
112  63.10954482  007.81331025  63.10952431  007.81332420
111  63.10951247  007.81332420
111  63.10948801  007.81319161
111  63.10948801  007.81313229
111  63.10954394  007.81309053
111  63.10938432  007.81102302
111  63.10935119  007.81105049
112  63.10935119  007.81105049  63.10932733  007.81106054
111  63.10931370  007.81100024
113  63.10928323  007.81078560
110 1 0.00 291.2000 New Taxiway 12
111  63.11470098  007.84213144
111  63.11485419  007.84202423
111  63.11485366  007.84190536
111  63.11477010  007.84138599
112  63.11477010  007.84138599  63.11475906  007.84129874
111  63.11476670  007.84122266
111  63.11500191  007.83987581
112  63.11503827  007.83977027  63.11506392  007.83973537
111  63.11503827  007.83977027
111  63.11515531  007.83969238
112  63.11515531  007.83969238  63.11517175  007.83968220
111  63.11517804  007.83962956
111  63.11512009  007.83926520
111  63.11495419  007.83936823
111  63.11473374  007.84069246
112  63.11458943  007.84064472  63.11450080  007.84033314
111  63.11458943  007.84064472
113  63.11448451  007.84070293
110 1 0.00 71.0700 New Taxiway 4
111  63.10963936  007.80866381
111  63.10969163  007.80808849
111  63.10941869  007.80632937
111  63.10876554  007.80682078
111  63.10901371  007.80833116
113  63.10921825  007.80871102
110 1 0.00 71.1900 New Taxiway 3
111  63.11549423  007.85010853
111  63.11542377  007.85051812
111  63.11567944  007.85204844
111  63.11630668  007.85157100
111  63.11605752  007.85003199
113  63.11587208  007.84978594
110 1 0.00 341.9200 New Taxiway 1
111  63.11338083  007.83339609
111  63.11346960  007.83333913
112  63.11355919  007.83291195  63.11367782  007.83279737
111  63.11355919  007.83291195
111  63.11394823  007.83261271
112  63.11402020  007.83267134  63.11404321  007.83275859
111  63.11402020  007.83267134
111  63.11409974  007.83300009
111  63.11413288  007.83303150
111  63.11424100  007.83344482
111  63.11465862  007.83320436
111  63.11501755  007.83196631
111  63.11497624  007.83155262
111  63.11481830  007.83147140
111  63.11475123  007.83145744
111  63.11463918  007.83152550
111  63.11461337  007.83131428
111  63.11464549  007.83127073
111  63.11417412  007.82812090
111  63.11410689  007.82800154
111  63.11352322  007.82417341
111  63.11354426  007.82415596
111  63.11353177  007.82407017
111  63.11278522  007.82374577
112  63.11278522  007.82374577  63.11269605  007.82371088
111  63.11263726  007.82380030
111  63.11256966  007.82389234
111  63.11207332  007.82472044
111  63.11209430  007.82487887
111  63.11258643  007.82399279
111  63.11264496  007.82400006
111  63.11280414  007.82517752
111  63.11239152  007.82546938
111  63.11222186  007.82517276
111  63.11213664  007.82520591
111  63.11259277  007.82820848
111  63.11270832  007.82806648
111  63.11270037  007.82782429
112  63.11270037  007.82782429  63.11273636  007.82771936
111  63.11302632  007.82753119
111  63.11336049  007.82843313
111  63.11382508  007.83158188
112  63.11382508  007.83158188  63.11385443  007.83182058
111  63.11373565  007.83197769
111  63.11345488  007.83218965
112  63.11345488  007.83218965  63.11334580  007.83226503
111  63.11327499  007.83199966
113  63.11317801  007.83206096
111  63.11255217  007.82626681
111  63.11275655  007.82613071
111  63.11283072  007.82616735
111  63.11289148  007.82659135
112  63.11283230  007.82676584  63.11277706  007.82682516
111  63.11283230  007.82676584
111  63.11265317  007.82689670
112  63.11249693  007.82672745  63.11246458  007.82651284
111  63.11249693  007.82672745
111  63.11247878  007.82661404
114  63.11247878  007.82661404  63.11244722  007.82640466
130 Airport Boundary
111  63.10977907  007.80616941
111  63.10914138  007.80456624
111  63.10852301  007.80526596
111  63.10844488  007.80618270
111  63.10852301  007.80765746
111  63.10868528  007.80921193
111  63.10886207  007.81324218
111  63.10932483  007.81635113
111  63.10952316  007.81673642
111  63.10990908  007.82051659
111  63.11031583  007.82472549
111  63.11014107  007.82488271
111  63.11020794  007.82538310
111  63.11114663  007.82617948
111  63.11283681  007.83630955
111  63.11251805  007.83829563
111  63.11405541  007.84392935
111  63.11527979  007.85208718
111  63.11624480  007.85624152
111  63.11672799  007.85571530
111  63.11675684  007.85324365
111  63.11662701  007.85084329
111  63.11544940  007.84358273
111  63.11670761  007.83908574
111  63.11665790  007.83328965
111  63.11694871  007.83170128
111  63.11590535  007.82440835
111  63.11435776  007.82439059
111  63.11308179  007.82323126
113  63.11225793  007.82123108
120 Linear Feature 53
111  63.11500199  007.83987609 4
111  63.11488516  007.83977426
111  63.11496038  007.83974161 10
115  63.11473154  007.84106780
120 Linear Feature 46
111  63.11465455  007.82916643 25
115  63.11449495  007.82928724
120 Linear Feature 46
111  63.11465507  007.82916970 25
115  63.11449547  007.82929051
120 Linear Feature 46
111  63.11465558  007.82917292 25
115  63.11449598  007.82929373
120 Linear Feature 46
111  63.11465619  007.82917673 25
115  63.11449659  007.82929754
120 Linear Feature 46
111  63.11465678  007.82918043 25
115  63.11449718  007.82930124
120 Linear Feature 46
111  63.11465735  007.82918405 25
115  63.11449776  007.82930486
120 Linear Feature 46
111  63.11465795  007.82918782 25
115  63.11449836  007.82930863
120 Linear Feature 46
111  63.11465854  007.82919151 25
115  63.11449894  007.82931232
120 Linear Feature 46
111  63.11465914  007.82919527 25
115  63.11449954  007.82931608
120 Linear Feature 46
111  63.11433867  007.82978232 25
115  63.11430828  007.82980484
120 Linear Feature 46
111  63.11433919  007.82978559 25
115  63.11430880  007.82980811
120 Linear Feature 46
111  63.11433970  007.82978881 25
115  63.11430931  007.82981133
120 Linear Feature 46
111  63.11434030  007.82979263 25
115  63.11430991  007.82981514
120 Linear Feature 46
111  63.11434088  007.82979633 25
115  63.11431049  007.82981885
120 Linear Feature 46
111  63.11434146  007.82979995 25
115  63.11431107  007.82982247
120 Linear Feature 46
111  63.11434205  007.82980372 25
115  63.11431166  007.82982624
120 Linear Feature 46
111  63.11434264  007.82980742 25
115  63.11431224  007.82982993
120 Linear Feature 46
111  63.11434323  007.82981119 25
115  63.11431284  007.82983370
120 Linear Feature 46
111  63.11431863  007.82965541 25
115  63.11428824  007.82967795
120 Linear Feature 46
111  63.11431914  007.82965868 25
115  63.11428876  007.82968122
120 Linear Feature 46
111  63.11431965  007.82966190 25
115  63.11428926  007.82968444
120 Linear Feature 46
111  63.11432026  007.82966572 25
115  63.11428987  007.82968826
120 Linear Feature 46
111  63.11432084  007.82966942 25
115  63.11429045  007.82969196
120 Linear Feature 46
111  63.11432141  007.82967304 25
115  63.11429102  007.82969558
120 Linear Feature 46
111  63.11432201  007.82967681 25
115  63.11429162  007.82969935
120 Linear Feature 46
111  63.11432259  007.82968051 25
115  63.11429220  007.82970305
120 Linear Feature 46
111  63.11432319  007.82968428 25
115  63.11429280  007.82970682
120 Linear Feature 46
111  63.11429614  007.82951306 25
115  63.11426575  007.82953558
120 Linear Feature 46
111  63.11429666  007.82951633 25
115  63.11426627  007.82953885
120 Linear Feature 46
111  63.11429717  007.82951955 25
115  63.11426678  007.82954207
120 Linear Feature 46
111  63.11429777  007.82952337 25
115  63.11426738  007.82954588
120 Linear Feature 46
111  63.11429836  007.82952707 25
115  63.11426797  007.82954958
120 Linear Feature 46
111  63.11429893  007.82953069 25
115  63.11426854  007.82955321
120 Linear Feature 46
111  63.11429953  007.82953446 25
115  63.11426913  007.82955698
120 Linear Feature 46
111  63.11430011  007.82953816 25
115  63.11426972  007.82956067
120 Linear Feature 46
111  63.11430070  007.82954193 25
115  63.11427031  007.82956444
120 Linear Feature 46
111  63.11416468  007.82568215 25
115  63.11409716  007.82573475
120 Linear Feature 46
111  63.11416518  007.82568543 25
115  63.11409768  007.82573801
120 Linear Feature 46
111  63.11416567  007.82568867 25
115  63.11409819  007.82574123
120 Linear Feature 46
111  63.11416626  007.82569249 25
115  63.11409880  007.82574505
120 Linear Feature 46
111  63.11416682  007.82569621 25
115  63.11409939  007.82574874
120 Linear Feature 46
111  63.11416738  007.82569984 25
115  63.11409996  007.82575236
120 Linear Feature 46
111  63.11416796  007.82570363 25
115  63.11410056  007.82575613
120 Linear Feature 46
111  63.11416852  007.82570733 25
115  63.11410115  007.82575982
120 Linear Feature 46
111  63.11416910  007.82571112 25
115  63.11410175  007.82576359
120 Linear Feature 46
111  63.11407317  007.82508850 25
115  63.11398728  007.82515251
120 Linear Feature 46
111  63.11407369  007.82509177 25
115  63.11398780  007.82515577
120 Linear Feature 46
111  63.11407420  007.82509499 25
115  63.11398831  007.82515899
120 Linear Feature 46
111  63.11407481  007.82509880 25
115  63.11398892  007.82516281
120 Linear Feature 46
111  63.11407540  007.82510250 25
115  63.11398951  007.82516650
120 Linear Feature 46
111  63.11407597  007.82510612 25
115  63.11399008  007.82517012
120 Linear Feature 46
111  63.11407657  007.82510989 25
115  63.11399068  007.82517389
120 Linear Feature 46
111  63.11407716  007.82511358 25
115  63.11399127  007.82517758
120 Linear Feature 46
111  63.11407776  007.82511734 25
115  63.11399187  007.82518135
120 Linear Feature 46
111  63.11385280  007.82685857 25
115  63.11345911  007.82431239
120 Linear Feature 46
111  63.11385132  007.82685971 25
115  63.11345764  007.82431356
120 Linear Feature 46
111  63.11384986  007.82686083 25
115  63.11345618  007.82431471
120 Linear Feature 46
111  63.11384814  007.82686216 25
115  63.11345446  007.82431607
120 Linear Feature 46
111  63.11384647  007.82686344 25
115  63.11345280  007.82431739
120 Linear Feature 46
111  63.11384483  007.82686471 25
115  63.11345116  007.82431868
120 Linear Feature 46
111  63.11384312  007.82686602 25
115  63.11344946  007.82432003
120 Linear Feature 46
111  63.11384145  007.82686731 25
115  63.11344779  007.82432135
120 Linear Feature 46
111  63.11383974  007.82686862 25
115  63.11344609  007.82432269
120 Linear Feature 46
111  63.11394174  007.82510055 25
115  63.11390975  007.82487297
120 Linear Feature 46
111  63.11394026  007.82510168 25
115  63.11390827  007.82487414
120 Linear Feature 46
111  63.11393881  007.82510281 25
115  63.11390682  007.82487529
120 Linear Feature 46
111  63.11393708  007.82510413 25
115  63.11390510  007.82487665
120 Linear Feature 46
111  63.11393541  007.82510542 25
115  63.11390343  007.82487797
120 Linear Feature 46
111  63.11393377  007.82510668 25
115  63.11390179  007.82487926
120 Linear Feature 46
111  63.11393206  007.82510800 25
115  63.11390009  007.82488061
120 Linear Feature 46
111  63.11393039  007.82510928 25
115  63.11389843  007.82488193
120 Linear Feature 46
111  63.11392868  007.82511060 25
115  63.11389673  007.82488327
120 Linear Feature 46
111  63.11379627  007.82661623 25
115  63.11376254  007.82664043
120 Linear Feature 46
111  63.11379678  007.82661950 25
115  63.11376306  007.82664370
120 Linear Feature 46
111  63.11379728  007.82662273 25
115  63.11376357  007.82664692
120 Linear Feature 46
111  63.11379787  007.82662655 25
115  63.11376418  007.82665073
120 Linear Feature 46
111  63.11379844  007.82663026 25
115  63.11376477  007.82665443
120 Linear Feature 46
111  63.11379901  007.82663389 25
115  63.11376534  007.82665805
120 Linear Feature 46
111  63.11379959  007.82663767 25
115  63.11376594  007.82666182
120 Linear Feature 46
111  63.11380016  007.82664137 25
115  63.11376653  007.82666551
120 Linear Feature 46
111  63.11380075  007.82664515 25
115  63.11376713  007.82666927
120 Linear Feature 46
111  63.11367303  007.82582032 25
115  63.11363791  007.82584571
120 Linear Feature 46
111  63.11367354  007.82582360 25
115  63.11363843  007.82584897
120 Linear Feature 46
111  63.11367404  007.82582683 25
115  63.11363894  007.82585219
120 Linear Feature 46
111  63.11367463  007.82583065 25
115  63.11363955  007.82585600
120 Linear Feature 46
111  63.11367520  007.82583436 25
115  63.11364013  007.82585970
120 Linear Feature 46
111  63.11367576  007.82583799 25
115  63.11364071  007.82586332
120 Linear Feature 46
111  63.11367635  007.82584177 25
115  63.11364131  007.82586709
120 Linear Feature 46
111  63.11367692  007.82584547 25
115  63.11364190  007.82587078
120 Linear Feature 46
111  63.11367751  007.82584925 25
115  63.11364250  007.82587455
120 Linear Feature 46
111  63.11355861  007.82508138 25
115  63.11352709  007.82510340
120 Linear Feature 46
111  63.11355912  007.82508466 25
115  63.11352761  007.82510667
120 Linear Feature 46
111  63.11355962  007.82508789 25
115  63.11352812  007.82510989
120 Linear Feature 46
111  63.11356021  007.82509171 25
115  63.11352872  007.82511370
120 Linear Feature 46
111  63.11356078  007.82509542 25
115  63.11352931  007.82511740
120 Linear Feature 46
111  63.11356134  007.82509905 25
115  63.11352989  007.82512102
120 Linear Feature 46
111  63.11356193  007.82510283 25
115  63.11353049  007.82512478
120 Linear Feature 46
111  63.11356250  007.82510653 25
115  63.11353108  007.82512848
120 Linear Feature 46
111  63.11356309  007.82511031 25
115  63.11353168  007.82513224
120 Linear Feature 46
111  63.11369147  007.82549132 25
115  63.11364750  007.82552587
120 Linear Feature 46
111  63.11369199  007.82549459 25
115  63.11364802  007.82552914
120 Linear Feature 46
111  63.11369251  007.82549781 25
115  63.11364853  007.82553236
120 Linear Feature 46
111  63.11369311  007.82550162 25
115  63.11364914  007.82553617
120 Linear Feature 46
111  63.11369370  007.82550532 25
115  63.11364973  007.82553987
120 Linear Feature 46
111  63.11369428  007.82550893 25
115  63.11365030  007.82554349
120 Linear Feature 46
111  63.11369488  007.82551270 25
115  63.11365090  007.82554726
120 Linear Feature 46
111  63.11369546  007.82551639 25
115  63.11365149  007.82555095
120 Linear Feature 46
111  63.11369606  007.82552016 25
115  63.11365209  007.82555471
120 Linear Feature 46
111  63.11383002  007.82618561 25
115  63.11375946  007.82624047
120 Linear Feature 46
111  63.11383052  007.82618889 25
115  63.11375998  007.82624374
120 Linear Feature 46
111  63.11383101  007.82619212 25
115  63.11376049  007.82624696
120 Linear Feature 46
111  63.11383159  007.82619595 25
115  63.11376110  007.82625077
120 Linear Feature 46
111  63.11383216  007.82619966 25
115  63.11376168  007.82625447
120 Linear Feature 46
111  63.11383271  007.82620330 25
115  63.11376226  007.82625809
120 Linear Feature 46
111  63.11383329  007.82620709 25
115  63.11376286  007.82626186
120 Linear Feature 46
111  63.11383386  007.82621079 25
115  63.11376345  007.82626555
120 Linear Feature 46
111  63.11383443  007.82621458 25
115  63.11376405  007.82626931
120 Linear Feature 45
111  63.11356498  007.82740093 30
111  63.11371294  007.82727005 30
111  63.11382740  007.82688849 30
111  63.11379530  007.82668076 30
111  63.11361163  007.82660125 30
111  63.11358712  007.82643950 30
111  63.11370781  007.82611460 30
111  63.11367007  007.82587032 30
111  63.11348946  007.82579482 30
111  63.11346852  007.82565652 30
111  63.11359383  007.82537693 30
111  63.11355761  007.82514257 30
111  63.11337934  007.82506785 30
111  63.11335236  007.82488972 30
111  63.11347155  007.82458559 30
111  63.11343848  007.82437158 30
111  63.11323945  007.82416205 30
115  63.11302930  007.82428922
120 Linear Feature 44
111  63.11305359  007.82478161 10
111  63.11303576  007.82479472
111  63.11316846  007.82555261 10
111  63.11314942  007.82556710
111  63.11328573  007.82632399 10
111  63.11326250  007.82634184
111  63.11340347  007.82709893 10
115  63.11337868  007.82711671
120 Linear Feature 43
111  63.11313774  007.82699414 10
112  63.11321947  007.82702092  63.11326323  007.82707141
111  63.11321947  007.82702092 10
111  63.11330800  007.82712318
112  63.11330800  007.82712318  63.11332855  007.82714758 10
111  63.11335002  007.82713896
111  63.11314997  007.82709893 10
112  63.11319279  007.82713750  63.11321379  007.82717284
111  63.11319279  007.82713750 10
111  63.11323017  007.82720283
111  63.11325400  007.82724622 10
111  63.11365923  007.82809992 10
112  63.11370000  007.82824679  63.11371096  007.82832919
111  63.11370000  007.82824679 10
111  63.11420811  007.83164674 10
112  63.11411627  007.83208727  63.11398468  007.83229026
111  63.11411627  007.83208727 10
111  63.11393479  007.83222437
111  63.11389254  007.83225629 10
111  63.11327438  007.83272330
112  63.11327438  007.83272330  63.11313738  007.83287598 10
111  63.11317837  007.83322496 10
115  63.11334955  007.83434153
120 Linear Feature 42
111  63.11291674  007.82555325 10
112  63.11299855  007.82557512  63.11302900  007.82561720
111  63.11299855  007.82557512
112  63.11299855  007.82557512  63.11305792  007.82565170 10
111  63.11312109  007.82559280
111  63.11323552  007.82636945 10
112  63.11319853  007.82658274  63.11319259  007.82671805
111  63.11319853  007.82658274 10
111  63.11319192  007.82675046
112  63.11319192  007.82675046  63.11318416  007.82691303 10
111  63.11313774  007.82699414
111  63.11308885  007.82702803 10
111  63.11248870  007.82747949
112  63.11248870  007.82747949  63.11231983  007.82757196 10
111  63.11226565  007.82723593 10
111  63.11215983  007.82654168 10
116  63.11226512  007.82604422  63.11241582  007.82587357
120 Linear Feature 41
112  63.11324396  007.82719424  63.11323576  007.82719122 10
112  63.11322663  007.82722163  63.11322526  007.82723978 10
112  63.11323901  007.82725996  63.11324722  007.82726299 10
114  63.11325635  007.82723258  63.11325772  007.82721443 10
120 Linear Feature 41
112  63.11400439  007.82836064  63.11393975  007.82833682 30
112  63.11386784  007.82857632  63.11385706  007.82871926 30
112  63.11396537  007.82887828  63.11403001  007.82890210 30
114  63.11410192  007.82866260  63.11411269  007.82851966 30
120 Linear Feature 41
112  63.11410205  007.82900905  63.11403741  007.82898522 30
112  63.11396551  007.82922473  63.11395473  007.82936767 30
112  63.11406304  007.82952668  63.11412768  007.82955050 30
114  63.11419959  007.82931100  63.11421036  007.82916806 30
120 Linear Feature 41
112  63.11420732  007.82970097  63.11414268  007.82967714 30
112  63.11407077  007.82991665  63.11405999  007.83005959 30
112  63.11416830  007.83021860  63.11423294  007.83024243 30
114  63.11430485  007.83000292  63.11431562  007.82985998 30
120 Linear Feature 41
112  63.11431203  007.83038788  63.11424739  007.83036406 30
112  63.11417548  007.83060356  63.11416471  007.83074651 30
112  63.11427301  007.83090552  63.11433765  007.83092934 30
114  63.11440956  007.83068984  63.11442034  007.83054690 30
120 Linear Feature 41
112  63.11441382  007.83105612  63.11434918  007.83103230 30
112  63.11427727  007.83127180  63.11426650  007.83141474 30
112  63.11437481  007.83157376  63.11443945  007.83159758 30
114  63.11451136  007.83135808  63.11452213  007.83121513 30
120 Linear Feature 41
112  63.11336764  007.82709831  63.11335944  007.82709529 10
112  63.11335030  007.82712570  63.11334894  007.82714385 10
112  63.11336269  007.82716404  63.11337090  007.82716706 10
114  63.11338003  007.82713665  63.11338139  007.82711850 10
120 Linear Feature 41
112  63.11325164  007.82632396  63.11324343  007.82632094 10
112  63.11323430  007.82635135  63.11323293  007.82636949 10
112  63.11324669  007.82638968  63.11325489  007.82639271 10
114  63.11326402  007.82636230  63.11326539  007.82634415 10
120 Linear Feature 41
112  63.11313793  007.82554725  63.11312972  007.82554422 10
112  63.11312059  007.82557463  63.11311922  007.82559278 10
112  63.11313298  007.82561297  63.11314118  007.82561600 10
114  63.11315031  007.82558559  63.11315168  007.82556744 10
120 Linear Feature 41
112  63.11302472  007.82477819  63.11301651  007.82477516 10
112  63.11300739  007.82480557  63.11300602  007.82482372 10
112  63.11301977  007.82484391  63.11302798  007.82484693 10
114  63.11303711  007.82481653  63.11303847  007.82479838 10
120 Linear Feature 40
111  63.11559622  007.84938857 10
111  63.11576016  007.85047018 10
112  63.11582561  007.85067065  63.11586507  007.85073003
111  63.11582561  007.85067065 10
111  63.11600280  007.85092918
112  63.11600280  007.85092918  63.11610527  007.85108066 10
112  63.11592060  007.85152905  63.11579675  007.85159327 10
112  63.11573063  007.85106652  63.11576241  007.85083263
111  63.11573063  007.85106652 10
111  63.11576972  007.85075528
112  63.11576972  007.85075528  63.11578287  007.85064621 10
115  63.11576016  007.85047018
120 Linear Feature 39
111  63.10953325  007.80938821 10
111  63.10935629  007.80822074 10
112  63.10935118  007.80801748  63.10936160  007.80793024
111  63.10935118  007.80801748 10
111  63.10940489  007.80747227
112  63.10940489  007.80747227  63.10942540  007.80723500 10
112  63.10917473  007.80701066  63.10901821  007.80709538 10
112  63.10908925  007.80766733  63.10916342  007.80781912
111  63.10908925  007.80766733 10
111  63.10930686  007.80808606
112  63.10930686  007.80808606  63.10934453  007.80815862 10
115  63.10935629  007.80822074
120 Linear Feature 78
111  63.11337764  007.82454336 10
115  63.11333931  007.82426718
120 Linear Feature 77
111  63.11256691  007.82390536 20
112  63.11266061  007.82378600  63.11267996  007.82377474 20
112  63.11278235  007.82377174  63.11284959  007.82380728
111  63.11278235  007.82377174 20
115  63.11325774  007.82400731
120 Linear Feature 76
111  63.11353222  007.82423242 20
111  63.11349092  007.82425127 20
115  63.11325774  007.82400731
120 Linear Feature 75
111  63.11395594  007.82701149 20
112  63.11389718  007.82697014  63.11388838  007.82691393 20
111  63.11349611  007.82436914 20
115  63.11354745  007.82433233
120 Linear Feature 74
111  63.11411255  007.82799912 20
112  63.11411149  007.82805836  63.11410312  007.82806593
111  63.11411149  007.82805836 20
111  63.11408197  007.82808050 20
112  63.11403323  007.82801417  63.11401307  007.82795324
111  63.11403323  007.82801417 20
111  63.11390754  007.82717206 20
112  63.11392539  007.82710736  63.11394630  007.82709312
111  63.11392539  007.82710736 20
115  63.11396631  007.82707952
120 Linear Feature 73
111  63.11344133  007.82432400 20
111  63.11385102  007.82696980 20
111  63.11383498  007.82709514 20
111  63.11399118  007.82813405 20
111  63.11404863  007.82819196 20
112  63.11409171  007.82817888  63.11412127  007.82816020 20
115  63.11417412  007.82812090
120 Linear Feature 72
111  63.11259066  007.82397854 20
112  63.11270564  007.82388255  63.11274846  007.82387736 20
111  63.11283305  007.82391943 20
111  63.11323832  007.82411319 20
115  63.11344133  007.82432400
120 Linear Feature 80
111  63.11425880  007.82868675 10
115  63.11415525  007.82876519
120 Linear Feature 80
111  63.11425375  007.82865301 10
115  63.11415040  007.82873131
120 Linear Feature 80
111  63.11424831  007.82861666 10
115  63.11414517  007.82869479
120 Linear Feature 80
111  63.11421256  007.82837779 10
115  63.11411083  007.82845488
120 Linear Feature 80
111  63.11420702  007.82834079 10
115  63.11410552  007.82841775
120 Linear Feature 80
111  63.11420129  007.82830249 10
115  63.11410001  007.82837926
120 Linear Feature 54
111  63.11427209  007.83051395 2
115  63.11431104  007.83076902
120 Linear Feature 53
111  63.11436614  007.83112989 2
115  63.11441320  007.83143812
120 Linear Feature 52
111  63.11416817  007.83137953 10
112  63.11431252  007.83151802  63.11439840  007.83145886 10
111  63.11441320  007.83143812 10
112  63.11431760  007.83193160  63.11417610  007.83204524 10
115  63.11411627  007.83208727
120 Linear Feature 51
112  63.11426484  007.83121065  63.11418911  007.83129480 10
115  63.11418669  007.83150339
120 Linear Feature 50
111  63.11412532  007.83109279 10
112  63.11426484  007.83121065  63.11434065  007.83115839
111  63.11426484  007.83121065 10
115  63.11436614  007.83112989
120 Linear Feature 49
112  63.11420712  007.83083852  63.11412308  007.83090584 10
115  63.11412151  007.83106724
120 Linear Feature 48
111  63.11406630  007.83069782 10
112  63.11420712  007.83083852  63.11428033  007.83078714 10
115  63.11431138  007.83077124
120 Linear Feature 47
112  63.11416703  007.83058005  63.11407303  007.83065662 10
115  63.11409247  007.83087297
120 Linear Feature 46
111  63.11402918  007.83044944 10
112  63.11416703  007.83058005  63.11424965  007.83052491
111  63.11416703  007.83058005 10
115  63.11427181  007.83051208
120 Linear Feature 44
112  63.11410230  007.83016276  63.11401782  007.83027384 10
115  63.11402918  007.83044944
120 Linear Feature 43
111  63.11396234  007.83000218 10
112  63.11410230  007.83016276  63.11417739  007.83011087
111  63.11410230  007.83016276 10
115  63.11420717  007.83008871
120 Linear Feature 42
112  63.11406406  007.82991624  63.11397989  007.82999040 10
115  63.11398965  007.83018496
120 Linear Feature 41
111  63.11392643  007.82976190 10
112  63.11406406  007.82991624  63.11413798  007.82986176
111  63.11406406  007.82991624 10
115  63.11416854  007.82983572
120 Linear Feature 40
112  63.11399480  007.82946974  63.11390537  007.82956135 10
115  63.11392643  007.82976190
120 Linear Feature 39
111  63.11386435  007.82934651 10
112  63.11399486  007.82947013  63.11404977  007.82943433
111  63.11399486  007.82947013 10
115  63.11410087  007.82939248
120 Linear Feature 38
112  63.11395654  007.82922311  63.11387369  007.82930454 10
115  63.11388810  007.82950540
120 Linear Feature 37
111  63.11382700  007.82909656 10
112  63.11395654  007.82922311  63.11402459  007.82916862
111  63.11395654  007.82922311 10
115  63.11406221  007.82913925
120 Linear Feature 36
112  63.11389502  007.82882651  63.11382196  007.82889316 10
115  63.11382700  007.82909656
120 Linear Feature 35
111  63.11377230  007.82873060 10
112  63.11389496  007.82882612  63.11395597  007.82878720
111  63.11389496  007.82882612 10
115  63.11400306  007.82875187
120 Linear Feature 34
112  63.11385147  007.82854574  63.11377064  007.82862652 10
115  63.11378298  007.82880202
120 Linear Feature 33
111  63.11372757  007.82843126 10
112  63.11385147  007.82854574  63.11391910  007.82850430
111  63.11385147  007.82854574 10
115  63.11396089  007.82847570
120 Linear Feature 32
111  63.11325214  007.82721827 1
111  63.11323917  007.82720914 1
111  63.11324315  007.82722719 1
111  63.11323413  007.82722523 1
115  63.11324205  007.82724980
120 Linear Feature 30
112  63.11248871  007.82748114  63.11233664  007.82763802 10
111  63.11238525  007.82802058 10
115  63.11255837  007.82915637
120 Linear Feature 29
111  63.11289096  007.83133839 10
111  63.11307378  007.83253785 10
116  63.11327438  007.83272330  63.11340889  007.83266979
120 Linear Feature 27
111  63.11337568  007.82712977 1
115  63.11335531  007.82713585
120 Linear Feature 26
111  63.11337568  007.82713013 1
111  63.11336152  007.82711425 1
115  63.11336336  007.82713975
120 Linear Feature 24
111  63.11369574  007.82665274 10
115  63.11372626  007.82685510
120 Linear Feature 22
111  63.11325469  007.82634015 1
112  63.11325602  007.82635836  63.11325391  007.82636210 1
111  63.11324796  007.82635118 1
112  63.11324808  007.82636935  63.11324595  007.82637177 1
115  63.11324102  007.82636040
120 Linear Feature 20
112  63.11313995  007.82556242  63.11314505  007.82555898 1
112  63.11314096  007.82558970  63.11313264  007.82558246
111  63.11314096  007.82558970 1
111  63.11312552  007.82557633 1
115  63.11313029  007.82560221
120 Linear Feature 19
111  63.11302167  007.82480144 1
111  63.11302724  007.82480180 1
115  63.11301567  007.82483094
120 Linear Feature 67
111  63.11370631  007.82876361 2
115  63.11349823  007.82891775
120 Linear Feature 66
111  63.11379561  007.82936428 2
115  63.11358917  007.82951198
120 Linear Feature 65
111  63.11388488  007.82996473 2
115  63.11368006  007.83010587
120 Linear Feature 64
111  63.11338885  007.82833429 2
111  63.11361894  007.82817592 2
111  63.11397442  007.83056705 2
115  63.11377083  007.83069898
120 Linear Feature 63
112  63.11391908  007.83025071  63.11398472  007.83021214 10
115  63.11401226  007.83033626
120 Linear Feature 62
111  63.11397554  007.83009056 10
112  63.11391908  007.83025071  63.11386873  007.83028581
111  63.11391908  007.83025071 10
115  63.11376754  007.83035881
120 Linear Feature 61
112  63.11383063  007.82967960  63.11389300  007.82964337 10
115  63.11392364  007.82974327
120 Linear Feature 60
111  63.11388738  007.82950063 10
112  63.11383063  007.82967960  63.11378826  007.82970752
111  63.11383063  007.82967960 10
116  63.11368447  007.82977510  63.11368366  007.82977781
120 Linear Feature 59
112  63.11373651  007.82907190  63.11379542  007.82903454 10
115  63.11383156  007.82912710
120 Linear Feature 58
111  63.11379969  007.82891387 10
112  63.11373651  007.82907190  63.11367081  007.82911860
111  63.11373651  007.82907190 10
115  63.11359005  007.82917365
120 Linear Feature 57
112  63.11364519  007.82848224  63.11372511  007.82844185 10
115  63.11374890  007.82857399
120 Linear Feature 56
111  63.11370693  007.82829316 10
112  63.11364519  007.82848224  63.11357832  007.82852505
111  63.11364519  007.82848224 10
115  63.11350029  007.82858083
120 Linear Feature 108
111  63.11416851  007.82983550 2
115  63.11420706  007.83008799
120 Linear Feature 107
111  63.11406222  007.82913937 2
115  63.11410093  007.82939290
120 Linear Feature 106
111  63.11396089  007.82847570 2
115  63.11400308  007.82875200
120 Linear Feature 4
111  63.11273407  007.82388417 3 102
112  63.11290101  007.82516549  63.11292272  007.82531855 3 102
111  63.11283367  007.82538801 3 102
111  63.11244706  007.82567477
112  63.11244706  007.82567477  63.11225011  007.82571456 3 102
115  63.11218193  007.82536698
120 Linear Feature 7
111  63.11339397  007.83333057 3 102
112  63.11356447  007.83274615  63.11377036  007.83257469
111  63.11356447  007.83274615 3 102
115  63.11410603  007.83233719
120 Linear Feature 6
111  63.11259884  007.82804925 3 102
112  63.11272951  007.82752580  63.11287155  007.82736876
111  63.11272951  007.82752580 3 102
111  63.11291890  007.82738132
112  63.11291890  007.82738132  63.11302685  007.82730594 3 102
111  63.11309692  007.82746926 3 102
111  63.11319540  007.82773727 3 102
112  63.11334758  007.82816129  63.11340032  007.82833121
111  63.11334758  007.82816129 3 102
111  63.11344490  007.82856925 3 102
111  63.11389854  007.83153355 3 102
112  63.11374959  007.83213512  63.11356225  007.83228307
111  63.11374959  007.83213512 3 102
111  63.11345748  007.83234446 3 102
116  63.11320531  007.83209788  63.11311517  007.83177521
120 Linear Feature 5
112  63.11239336  007.82677829  63.11232518  007.82629672 3 102
111  63.11251172  007.82608525 3 102
111  63.11270773  007.82594078 3 102
112  63.11295204  007.82611945  63.11306094  007.82639863
111  63.11295204  007.82611945
112  63.11295204  007.82611945  63.11299231  007.82623649 3 102
112  63.11300980  007.82652285  63.11300955  007.82666073
111  63.11300980  007.82652285 3 102
112  63.11288292  007.82695418  63.11276739  007.82705049
111  63.11288292  007.82695418 3 102
111  63.11268785  007.82710284 3 102
116  63.11239336  007.82677829  63.11232518  007.82629672
120 Linear Feature 93
111  63.11434418  007.83526332 4
115  63.11433287  007.83519200
120 Linear Feature 8
111  63.11391849  007.83248018 4
115  63.11384316  007.83199294
120 Linear Feature 10
111  63.11294217  007.82608570 4 103
115  63.11283367  007.82538801
120 Linear Feature 9
111  63.11319540  007.82773727 4 103
115  63.11300980  007.82652285
120 Linear Feature 71
111  63.11259066  007.82397854 4
115  63.11256691  007.82390536
120 Linear Feature 15
111  63.11346225  007.82510260 10
115  63.11349263  007.82530588
120 Linear Feature 13
111  63.11357581  007.82585746 10
115  63.11360874  007.82607577
120 Linear Feature 11
111  63.11301258  007.82483643 10
112  63.11297258  007.82526379  63.11298745  007.82558544
111  63.11297258  007.82526379 10
112  63.11295896  007.82548535  63.11293069  007.82554933
111  63.11295896  007.82548535
112  63.11295896  007.82548535  63.11295068  007.82550533 10
112  63.11291649  007.82554375  63.11289938  007.82556131
111  63.11291649  007.82554375
112  63.11291649  007.82554375  63.11289250  007.82556837
111  63.11286844  007.82558646 10
111  63.11226512  007.82604422
112  63.11226512  007.82604422  63.11208994  007.82610006 10
111  63.11203742  007.82573857 10
115  63.11194132  007.82510812
120 Linear Feature 109
111  63.11593748  007.85023730 19
111  63.11604938  007.85043493 19
111  63.11621838  007.85147559 19
111  63.11571845  007.85185028 19
111  63.11554599  007.85080382 19
115  63.11557147  007.85051698
120 Linear Feature 110
111  63.10954986  007.80811285 19
111  63.10957579  007.80782682 19
111  63.10937836  007.80658219 19
111  63.10885250  007.80696880 19
111  63.10906072  007.80821024 19
115  63.10916917  007.80839337
21  63.10963016  007.81314892 3 71.3900 3.00 07  PAPI-4R
21  63.11046486  007.81249532 2 71.3900 3.00 07  PAPI-4L
21  63.11543415  007.84482813 3 251.4200 3.00 25  PAPI-4R
21  63.11454380  007.84549721 2 251.4200 3.00 25  PAPI-4L
20  63.11368635  007.83041930 161.5900 0 2 {@L}8
20  63.11359783  007.82983722 161.5900 0 2 {@L}7
20  63.11351047  007.82922982 162.9900 0 2 {@L}6
20  63.11342603  007.82863529 162.9900 0 2 {@L}5
20  63.11253132  007.82666090 74.4800 0 2 {@Y}B{^l,@@,^r}A
20  63.11395344  007.83271851 161.5600 0 3 {@L}C{@R}07-25{@@,@L}C
20  63.11380388  007.83175421 161.5600 0 3 {@L}C{@R}07-25{@@,@L}C
20  63.11320930  007.82783894 161.5700 0 3 {@L}B{@R}07-25{@@,@L}B
20  63.11297784  007.82632579 161.5700 0 4 {@L}B{@R}07-25{@L}A
20  63.11281850  007.82531331 161.5700 0 3 {@L}A{@R}07-25{@@,@L}A
20  63.11358395  007.83359892 251.3500 0 2 {@Y,^r}C
20  63.11328003  007.83155173 75.9600 0 2 {@Y}C{^l}
14  63.11030844  007.82505073  52.49 0 ATC Tower
1300  63.11440615  007.83139198  71.74 tie_down helos Heli Gate 14
1301 A airline 
1300  63.11430633  007.83073820  71.74 tie_down helos Heli Gate 13
1301 A airline 
1300  63.11420391  007.83006734  71.74 tie_down helos Heli Gate 12
1301 A airline 
1300  63.11409532  007.82935615  71.74 tie_down helos Heli Gate 11
1301 A airline 
1300  63.11399197  007.82867923  71.74 tie_down helos Heli Gate 10
1301 A airline 
1300  63.11376754  007.83035881 162.63 tie_down props|helos Stand 8
1301 A general_aviation 
1300  63.11368366  007.82977781 162.63 tie_down props|helos Stand 7
1301 A general_aviation 
1300  63.11359005  007.82917365 162.63 tie_down props|helos Stand 6
1301 A general_aviation 
1300  63.11350029  007.82858083 162.63 tie_down props|helos Stand 5
1301 A general_aviation 
1300  63.11372626  007.82685510 340.99 gate jets|turboprops Gate 4
1301 C airline 
1300  63.11360874  007.82607577 -18.54 gate jets|turboprops Gate 3
1301 C airline 
1300  63.11349263  007.82530588 340.99 gate jets|turboprops Gate 2
1301 C airline 
1300  63.11337764  007.82454336 340.99 gate jets|turboprops Gate 1
1301 C airline 
19  63.11048825  007.81090876 1 Windsock 1
19  63.11440070  007.84538648 1 Windsock 2
1050 135075 ATIS
1055 119350 Approach
1054 118300 Tower
1200 
1201  63.11431743  007.82752194 both 0 _stop
1201  63.11436581  007.82789226 both 1 _stop
1201  63.11346472  007.82430449 both 2 _stop
1201  63.11388116  007.82700546 both 3 _stop
1201  63.11372350  007.82598070 both 4 _stop
1201  63.11360473  007.82521542 both 5 _stop
1201  63.11386992  007.82714437 both 6 _stop
1201  63.11402169  007.82815236 both 7 _stop
1201  63.11485924  007.83158004 both 8 _start
1201  63.11457724  007.83177219 both 9 _start
1201  63.11445110  007.83095033 both 10 _start
1201  63.11434782  007.83027734 both 11 _start
1201  63.11423851  007.82956511 both 12 _start
1201  63.11413441  007.82888684 both 13 _start
1201  63.11319873  007.82694774 both 14 B_stop
1201  63.11298159  007.82550438 both 15 A_stop
1201  63.11414369  007.83206875 both 16 W_stop
1201  63.11422732  007.83177622 both 17 W_stop
1201  63.11368447  007.82815119 both 18 W_stop
1201  63.11319974  007.82713618 both 19 W_stop
1201  63.11388637  007.83226169 both 20 C_start
1201  63.11308875  007.82702756 both 21 B_start
1201  63.11286891  007.82558501 both 22 N_stop
1201  63.10919247  007.80713925 both 23 N_stop
1201  63.11586940  007.85119151 both 24 N_start
1201  63.11309358  007.83286185 both 25 N_start
1201  63.11229660  007.82762468 both 26 N_start
1201  63.11208175  007.82618443 both 27 N_start
1202 16 20 twoway taxiway_A W
1202 21 14 twoway taxiway_C B
1202 22 15 twoway taxiway_C A
1202 17 16 twoway taxiway_A W
1202 18 17 twoway taxiway_A W
1202 19 18 twoway taxiway_A W
1202 21 19 twoway taxiway_A W
1202 20 25 twoway taxiway_A C
1204 departure 07,25
1204 arrival 07,25
1202 21 26 twoway taxiway_C B
1204 departure 07,25
1204 arrival 07,25
1202 27 22 twoway taxiway_C A
1204 departure 07,25
1204 arrival 07,25
1202 24 25 twoway runway 07/25
1204 departure 07,25
1204 arrival 07,25
1204 ils 07,25
1202 25 26 twoway runway 07/25
1204 departure 07,25
1204 arrival 07,25
1204 ils 07,25
1202 26 27 twoway runway 07/25
1204 departure 07,25
1204 arrival 07,25
1204 ils 07,25
1202 27 23 twoway runway 07/25
1204 departure 07,25
1204 arrival 07,25
1204 ils 07,25
1206 1 0 twoway  
1206 7 1 twoway  
1206 3 4 twoway  
1206 4 5 twoway  
1206 5 2 twoway  
1206 6 3 twoway  
1206 7 6 twoway  
1206 8 9 twoway  
1206 9 10 twoway  
1206 10 11 twoway  
1206 11 12 twoway  
1206 12 13 twoway  
1206 13 7 twoway  
1400  63.11425242  7.82751597 -17.70 food 0 New Service Truck 111
1400  63.11424058  7.82744449 -17.70 food 0 New Service Truck 111
1400  63.11385082  7.82656352  251.81 baggage_train 3 New Service Truck 108
1400  63.11387137  7.82654333  251.42 baggage_train 3 New Service Truck 107
1400  63.11372798  7.82645767  528.89 baggage_loader 0 New Service Truck 106
1400  63.11372125  7.82639660  525.04 baggage_loader 0 New Service Truck 105
1400  63.11493075  7.83161689  163.38 fuel_liners 0 New Service Truck 104
1400  63.11494325  7.83168087  163.38 fuel_props 0 New Service Truck 104
1400  63.11492878  7.83177103  163.38 fuel_jets 0 New Service Truck 104
1400  63.11442995  7.83030069  248.03 gpu 0 New Service Truck 116
1400  63.11362674  7.82503115  252.97 gpu 0 New Service Truck 115
1400  63.11355550  7.82458402  71.11 gpu 0 New Service Truck 114
1400  63.11355207  7.82525788  162.02 pushback 0 New Service Truck 110
99
