I
1100 Generated by WorldEditor 1.7.1r2

1    189 1 0 ENLU Nome
1302 city Lunde Nome
1302 country Norway
1302 datum_lat 59.298333
1302 datum_lon 9.135
1302 faa_code 
1302 iata_code 
1302 icao_code ENLU
1302 region_code EN
1302 state Telemark
1302 transition_alt 7000
1302 transition_level 
100 25.00 3 0 0.35 0 0 0 11  59.29956750  009.12446100  150    0 0 0 0 0 29  59.29653300  009.14011700  100    0 0 0 0 0
110 3 0.35 111.0000 turnpad 11
111  59.29964274  009.12469373
111  59.29969713  009.12441205
112  59.29969182  009.12429758  59.29968770  009.12426268
112  59.29958267  009.12357161  59.29956807  009.12355918
111  59.29947807  009.12347586
112  59.29926432  009.12466502  59.29926064  009.12468444
112  59.29928478  009.12475632  59.29929066  009.12477179
111  59.29932966  009.12483226
113  59.29958191  009.12500763
110 3 0.35 111.0000 emergency pad
111  59.29870954  009.12888757
111  59.29841971  009.12868879
111  59.29838533  009.12870482
111  59.29825563  009.12936963
111  59.29827571  009.12949162
111  59.29832854  009.12958513
113  59.29854729  009.12972459
130 Airport Boundary 10
111  59.29978762  009.12467354
111  59.29961448  009.12346338
111  59.29935637  009.12326946
111  59.29910271  009.12461711
111  59.29856938  009.12743026
111  59.29817309  009.12943100
111  59.29713108  009.13458843
111  59.29679066  009.13455286
111  59.29663318  009.13472168
111  59.29609168  009.13748716
111  59.29571551  009.13820387
111  59.29579918  009.13855932
111  59.29599404  009.13967796
111  59.29618893  009.13994807
111  59.29686750  009.14053391
111  59.29782698  009.13575070
113  59.29770476  009.13552479
1300  59.29626657  009.13801097 192.00 misc props Hangar
1301 A none 
1300  59.29615970  009.13905593 -15.00 misc props Grass parking 1
1301 A none 
1300  59.29630630  009.13960042 -65.00 misc props Grass parking 2
1301 A none 
19  59.29802127  009.13397303 0 WS
51 12285 Lunde Traffic
1200 
1201  59.29644191  009.13812954 both 0 _stop
1201  59.29626854  009.13900275 both 1 _stop
1201  59.29657467  009.13817846 both 2 _stop
1201  59.29637017  009.13917366 both 3 _start
1201  59.29935978  009.12453741 both 4 _stop
1201  59.29946569  009.12394499 both 5 _stop
1201  59.29955635  009.12400683 both 6 _stop
1201  59.29959542  009.12423641 both 7 _stop
1201  59.29956750  009.12446100 both 8 _start
1201  59.29949545  009.12482611 both 9 _start
1201  59.29695031  009.13797105 both 10 _start
1201  59.29670300  009.13923934 both 11 _start
1202 2 0 twoway taxiway_A 
1202 3 1 twoway taxiway_A 
1202 2 3 twoway taxiway_A 
1202 10 2 twoway taxiway_A 
1204 departure 11,29
1204 arrival 11,29
1202 3 11 oneway taxiway_A 
1204 departure 11,29
1204 arrival 11,29
1202 4 9 oneway taxiway_A 
1204 departure 11,29
1204 arrival 11,29
1202 5 4 oneway taxiway_A 
1204 departure 11,29
1204 arrival 11,29
1202 6 5 oneway taxiway_A 
1204 departure 11,29
1202 7 6 oneway taxiway_A 
1204 departure 11,29
1202 8 7 oneway taxiway_A 
1204 departure 11,29
1202 8 9 twoway runway 11/29
1204 departure 11,29
1204 arrival 11,29
1204 ils 11,29
1202 9 10 twoway runway 11/29
1204 departure 11,29
1204 arrival 11,29
1204 ils 11,29
1202 10 11 twoway runway 11/29
1204 departure 11,29
1204 arrival 11,29
1204 ils 11,29
99
