I
1100 Generated by WorldEditor 1.7.1r2

1      7 1 0 ENML Molde Årø
1302 city Årø
1302 country Norway
1302 datum_lat 62.744722222
1302 datum_lon 7.2625
1302 faa_code 
1302 iata_code MOL
1302 icao_code ENML
1302 region_code EN
1302 state Møre og Romsdal
1302 transition_alt 7000
1302 transition_level 
100 45.11 1 1 0.00 1 2 0 07  62.74227904  007.24671775  138    0 3 6 0 0 25  62.74875651  007.28778658   99    0 3 6 0 0
110 5 0.00 340.8900 New Taxiway 24
111  62.74793326  007.28066494
111  62.74795503  007.28080318
111  62.74824569  007.28058122
113  62.74822281  007.28045808
110 5 0.00 76.8400 New Taxiway 39
111  62.74881871  007.28407124
112  62.74885402  007.28447053  62.74888226  007.28468201
111  62.74885402  007.28447053
112  62.74885402  007.28447053  62.74898044  007.28544566
111  62.74906140  007.28589165
111  62.74912595  007.28589458
111  62.74922682  007.28584465
111  62.74923758  007.28579766
111  62.74904795  007.28412936
113  62.74899550  007.28395607
110 5 0.00 71.2900 New Taxiway 38
111  62.74202773  007.24691011
111  62.74252675  007.24653333
111  62.74291058  007.24896400
111  62.74286870  007.24913967
111  62.74379031  007.25494219
111  62.74413657  007.25468568
111  62.74412101  007.25434312
111  62.74421470  007.25443902
111  62.74416786  007.25423444
111  62.74410929  007.25401706
111  62.74355435  007.25066701
111  62.74331040  007.24943016
111  62.74294685  007.24709335
111  62.74278581  007.24640291
111  62.74254683  007.24617669
111  62.74182265  007.24679389
111  62.74164752  007.24731564
111  62.74156849  007.24813656
111  62.74176264  007.24775474
111  62.74182307  007.24790550
111  62.74201699  007.24932882
111  62.74206550  007.24970167
111  62.74144768  007.25025146
111  62.74171120  007.25186249
112  62.74199256  007.25372092  62.74209016  007.25398197
111  62.74227162  007.25414409
111  62.74247157  007.25535761
111  62.74264496  007.25582675
111  62.74340981  007.25523712
111  62.74249084  007.24941810
113  62.74240320  007.24929564
110 5 0.00 0.0000 New Taxiway 32
111  62.74574188  007.25685296
111  62.74588022  007.25633756
111  62.74610286  007.25664073
111  62.74616630  007.25706704
111  62.74630118  007.25696371
111  62.74625813  007.25665779
112  62.74625813  007.25665779  62.74618988  007.25642909
111  62.74571643  007.25604789
111  62.74541589  007.25588758
111  62.74536989  007.25628389
113  62.74541854  007.25630610
110 5 0.00 342.0400 New Taxiway 30
111  62.74474742  007.26043503
111  62.74520500  007.26009371
111  62.74518617  007.25996186
113  62.74472628  007.26030082
110 5 0.00 340.5500 New Taxiway 29
111  62.74408827  007.26206107
111  62.74437047  007.26187343
111  62.74435961  007.26180463
113  62.74408609  007.26199561
110 4 0.00 341.8400 New Taxiway 28
111  62.74377648  007.26114152
112  62.74382108  007.26108270  62.74385405  007.26105909
111  62.74382108  007.26108270
111  62.74392337  007.26100895
111  62.74392881  007.26102527
111  62.74420345  007.26081567
111  62.74418700  007.26071145
113  62.74375933  007.26103535
110 5 0.00 94.8000 New Taxiway 26
111  62.74581445  007.26341078
111  62.74566671  007.26351642
111  62.74568646  007.26366298
112  62.74572041  007.26412744  62.74571844  007.26431374
111  62.74572041  007.26412744
111  62.74569899  007.26487525
112  62.74558214  007.26518444  62.74547999  007.26526117
111  62.74558214  007.26518444
111  62.74550385  007.26523833
111  62.74551826  007.26532986
111  62.74560018  007.26526397
112  62.74560018  007.26526397  62.74573415  007.26515728
111  62.74574468  007.26485820
111  62.74576599  007.26416710
114  62.74574571  007.26380239  62.74572446  007.26364152
110 5 0.00 73.3100 New Taxiway 25
111  62.74898877  007.28760251
111  62.74851988  007.28795068
111  62.74824708  007.28624129
111  62.74828066  007.28609361
111  62.74817054  007.28541202
111  62.74810748  007.28546200
111  62.74811454  007.28566244
111  62.74808865  007.28598109
112  62.74808983  007.28628432  62.74811336  007.28643594
111  62.74808983  007.28628432
111  62.74846247  007.28860896
111  62.74921841  007.28802013
111  62.74887028  007.28574270
112  62.74887028  007.28574270  62.74885475  007.28563924
111  62.74881468  007.28556554
111  62.74865669  007.28522061
111  62.74857296  007.28528159
111  62.74864757  007.28580401
113  62.74871953  007.28588236
110 5 0.00 340.5800 New Taxiway 23
111  62.74709976  007.28128078
111  62.74712094  007.28142469
111  62.74742101  007.28119341
113  62.74740160  007.28107050
110 4 0.00 341.4100 New Taxiway 22
111  62.74696497  007.27962661
111  62.74689691  007.27969183
111  62.74690721  007.27978466
111  62.74717093  007.27960958
113  62.74715186  007.27948880
110 5 0.00 67.5200 New Taxiway 21
111  62.74601183  007.27590653
112  62.74576996  007.27562210  62.74573230  007.27543966
111  62.74576996  007.27562210
111  62.74571194  007.27528485
111  62.74562869  007.27523986
111  62.74554108  007.27530044
112  62.74542903  007.27518889  62.74538733  007.27503911
111  62.74542903  007.27518889
111  62.74533637  007.27528034
111  62.74521354  007.27556819
111  62.74510293  007.27587118
112  62.74510293  007.27587118  62.74499349  007.27630543
111  62.74509822  007.27677309
112  62.74509822  007.27677309  62.74518530  007.27720733
111  62.74540311  007.27736293
111  62.74528309  007.27704655
111  62.74515051  007.27616514
111  62.74525603  007.27609113
111  62.74519137  007.27567087
111  62.74525658  007.27562554
111  62.74532489  007.27604283
111  62.74541103  007.27598242
111  62.74552641  007.27672901
111  62.74566206  007.27706805
111  62.74562485  007.27713706
111  62.74571298  007.27735645
111  62.74553560  007.27771214
111  62.74553479  007.27779577
111  62.74556303  007.27788056
111  62.74558186  007.27788570
111  62.74560775  007.27779834
111  62.74563128  007.27781889
111  62.74564305  007.27792424
111  62.74563128  007.27797820
111  62.74568070  007.27812467
111  62.74574425  007.27810925
111  62.74579955  007.27816064
112  62.74585721  007.27807071  62.74586663  007.27807071
111  62.74589840  007.27811182
111  62.74592546  007.27805272
111  62.74595017  007.27779063
111  62.74592899  007.27764416
112  62.74596194  007.27758506  62.74596194  007.27749770
111  62.74596900  007.27740520
111  62.74584057  007.27697020
112  62.74590546  007.27652641  62.74601641  007.27643134
111  62.74590546  007.27652641
111  62.74594358  007.27643587
111  62.74589886  007.27600418
113  62.74597300  007.27597848
110 5 0.00 340.6500 New Taxiway 17
111  62.74566373  007.27224477
111  62.74596940  007.27199995
111  62.74595444  007.27190521
111  62.74564989  007.27213827
111  62.74564057  007.27217538
113  62.74564822  007.27223842
110 4 0.00 340.6500 New Taxiway 17
111  62.74649547  007.27153509
111  62.74686898  007.27125165
111  62.74685762  007.27117646
113  62.74647909  007.27143106
110 4 0.00 341.4300 New Taxiway 16
111  62.74425651  007.26624310
111  62.74458817  007.26601840
112  62.74463996  007.26608171  62.74465672  007.26615488
111  62.74463996  007.26608171
112  62.74463996  007.26608171  62.74465077  007.26611121
111  62.74468094  007.26606251
112  62.74468094  007.26606251  62.74471067  007.26596455
111  62.74481235  007.26586194
111  62.74497889  007.26572677
111  62.74496327  007.26562784
111  62.74475183  007.26579570
112  62.74464872  007.26577546  62.74459436  007.26577334
111  62.74464872  007.26577546
111  62.74454998  007.26583370
112  62.74454998  007.26583370  62.74452792  007.26592827
111  62.74448001  007.26599252
113  62.74425445  007.26615605
110 1 0.00 340.9900 New Taxiway 3
111  62.74441777  007.25913262
111  62.74450427  007.25906371
112  62.74459938  007.25880034  62.74469587  007.25872068
111  62.74459938  007.25880034
111  62.74487788  007.25860977
112  62.74501908  007.25871254  62.74508184  007.25886457
111  62.74501908  007.25871254
111  62.74515312  007.25959862
111  62.74514905  007.25970196
111  62.74526694  007.26052738
111  62.74521886  007.26071883
111  62.74497237  007.26088842
112  62.74476333  007.26066686  62.74466192  007.26041721
111  62.74476333  007.26066686
111  62.74467163  007.26072805
111  62.74512528  007.26357911
111  62.74521524  007.26351357
112  62.74531581  007.26304337  62.74543757  007.26295237
111  62.74531581  007.26304337
111  62.74546919  007.26294897
112  62.74556421  007.26301474  62.74558103  007.26312079
111  62.74556421  007.26301474
111  62.74566671  007.26351642
111  62.74593160  007.26332701
111  62.74596623  007.26311540
111  62.74679050  007.26247937
111  62.74676812  007.26233257
111  62.74679514  007.26231391
111  62.74674879  007.26203587
111  62.74666166  007.26209652
111  62.74623195  007.26001288
111  62.74609660  007.25909661
111  62.74617179  007.25905207
111  62.74629224  007.25879949
111  62.74629354  007.25870102
112  62.74629354  007.25870102  62.74629129  007.25876710
111  62.74626567  007.25872653
111  62.74626616  007.25825014
111  62.74609561  007.25711665
111  62.74616630  007.25706704
111  62.74610286  007.25664073
111  62.74588022  007.25633756
111  62.74574188  007.25685296
111  62.74541854  007.25630610
111  62.74521754  007.25621432
111  62.74510624  007.25618128
112  62.74481441  007.25607850  62.74471910  007.25599114
111  62.74481441  007.25607850
111  62.74457083  007.25583440
111  62.74484244  007.25759781
112  62.74472886  007.25794576  62.74460765  007.25804597
111  62.74472886  007.25794576
111  62.74448289  007.25811349
112  62.74434724  007.25801535  62.74427428  007.25782778
111  62.74434724  007.25801535
113  62.74424970  007.25807638
111  62.74532242  007.26148862
111  62.74542571  007.26160710
111  62.74547805  007.26199018
111  62.74542795  007.26219238
111  62.74522043  007.26236929
112  62.74499578  007.26214109  62.74493401  007.26178564
113  62.74510463  007.26164646
110 1 0.00 71.1300 New Taxiway 1
111  62.74286870  007.24913967 19
111  62.74291058  007.24896400 19
111  62.74252675  007.24653333 19
111  62.74202773  007.24691011 19
111  62.74240320  007.24929564 19
113  62.74249084  007.24941810
110 1 0.00 71.1800 New Taxiway 2
111  62.74828066  007.28609361 19
111  62.74824708  007.28624129 19
111  62.74851988  007.28795068 19
111  62.74898877  007.28760251 19
111  62.74871953  007.28588236 19
113  62.74864757  007.28580401
130 Airport Boundary 1
111  62.74165380  007.24680856
111  62.74120359  007.24919315
111  62.74363719  007.26728391
111  62.74523444  007.26965597
111  62.74579506  007.27326695
111  62.74498014  007.27608294
111  62.74547122  007.27825347
111  62.74659282  007.27883266
111  62.74821025  007.28923965
111  62.74935752  007.28827655
111  62.74928412  007.28762500
111  62.74948993  007.28656663
111  62.74839197  007.27889367
111  62.74810366  007.27860438
111  62.74649649  007.26848575
111  62.74660520  007.26838937
111  62.74604440  007.26336605
111  62.74759874  007.26228875
111  62.74662591  007.25630288
111  62.74427842  007.25451468
113  62.74284322  007.24584634
120 Linear Feature 2
111  62.74589939  007.25866506 24
111  62.74584796  007.25870535
111  62.74585649  007.25875917 24
111  62.74590819  007.25871992
111  62.74591704  007.25877512 24
115  62.74586519  007.25881411
120 Linear Feature 1
111  62.74540777  007.26295315 20
111  62.74552730  007.26285183 20
111  62.74564482  007.26297077 20
115  62.74567104  007.26312715
120 Linear Feature 67
111  62.74663379  007.26154306 20
111  62.74664849  007.26153145 20
111  62.74668915  007.26140031 20
111  62.74661944  007.26095586 20
111  62.74657794  007.26098279
111  62.74667234  007.26145454 20
115  62.74659600  007.26097106
120 Linear Feature 66
111  62.74619921  007.25943263 20
111  62.74624458  007.25972048 20
111  62.74619814  007.25975985 20
113  62.74615455  007.25946387 20
120 Linear Feature 66
111  62.74613804  007.25898391 20
111  62.74616762  007.25916435 20
111  62.74615802  007.25917127 20
111  62.74617486  007.25927810 20
111  62.74613112  007.25930486 20
113  62.74608519  007.25902017 20
120 Linear Feature 65
111  62.74642883  007.25995797 25
115  62.74650069  007.25990470
120 Linear Feature 65
111  62.74642832  007.25995474 25
115  62.74650018  007.25990146
120 Linear Feature 65
111  62.74642774  007.25995097 25
115  62.74649959  007.25989770
120 Linear Feature 65
111  62.74642728  007.25994803 25
115  62.74649913  007.25989476
120 Linear Feature 65
111  62.74642671  007.25994437 25
115  62.74649856  007.25989111
120 Linear Feature 65
111  62.74642613  007.25994061 25
115  62.74649797  007.25988735
120 Linear Feature 65
111  62.74642554  007.25993685 25
115  62.74649739  007.25988359
120 Linear Feature 65
111  62.74642499  007.25993329 25
115  62.74649683  007.25988004
120 Linear Feature 65
111  62.74642440  007.25992953 25
115  62.74649624  007.25987627
120 Linear Feature 65
111  62.74642380  007.25992568 25
115  62.74649564  007.25987242
120 Linear Feature 63
111  62.74479066  007.25726160 24
111  62.74542856  007.25699434 24
112  62.74554533  007.25702223  62.74558887  007.25709600
111  62.74554533  007.25702223
112  62.74554533  007.25702223  62.74556598  007.25705502 24
111  62.74560085  007.25703134 24
111  62.74582968  007.25685975
111  62.74583155  007.25695947 24
111  62.74565808  007.25708943
112  62.74565808  007.25708943  62.74560223  007.25712976 24
111  62.74561942  007.25726270 24
111  62.74588607  007.25894589
112  62.74588607  007.25894589  62.74589728  007.25902330 24
111  62.74593374  007.25901595 24
111  62.74596492  007.25899560 20
111  62.74598181  007.25909628 24
111  62.74595588  007.25911474
112  62.74595588  007.25911474  62.74590506  007.25915401 24
111  62.74592285  007.25927703 24
111  62.74637837  007.26216628
111  62.74640281  007.26252192 24
111  62.74557949  007.25731151
112  62.74557949  007.25731151  62.74553783  007.25703775 24
111  62.74542386  007.25709720 24
113  62.74480634  007.25736339 4
120 Linear Feature 64
111  62.74637448  007.26236840 24
111  62.74639828  007.26251891 24
111  62.74627801  007.26261418 24
111  62.74630960  007.26241610 24
111  62.74637448  007.26236840
111  62.74626529  007.26167787 24
111  62.74623934  007.26151373 24
111  62.74617415  007.26155956 24
111  62.74615761  007.26175666 24
111  62.74626529  007.26167787
111  62.74612652  007.26080022 24
111  62.74609621  007.26060852 24
111  62.74603077  007.26066044 24
111  62.74601366  007.26088371 24
111  62.74612652  007.26080022
111  62.74598046  007.25987645 24
111  62.74595540  007.25971801 24
111  62.74589097  007.25976445 24
111  62.74587471  007.25996185 24
111  62.74598042  007.25987624
111  62.74588623  007.25925078 22
111  62.74591384  007.25922970
111  62.74578401  007.25830169 24
111  62.74583484  007.25826249
111  62.74566407  007.25708494 22
111  62.74564968  007.25699473
111  62.74573675  007.25687497 20
112  62.74579712  007.25676432  62.74583439  007.25666756
111  62.74579712  007.25676432 20
111  62.74584560  007.25662840 20
112  62.74591316  007.25655190  62.74595643  007.25655361
111  62.74591316  007.25655190
112  62.74591316  007.25655190  62.74596764  007.25655475 20
115  62.74598230  007.25647656
120 Linear Feature 61
111  62.74584883  007.26254825 10
111  62.74588880  007.26255964 10
115  62.74588120  007.26253782
120 Linear Feature 60
112  62.74574397  007.26170529  62.74576691  007.26173546 10
112  62.74572208  007.26171667  62.74570514  007.26168480
111  62.74572208  007.26171667 10
115  62.74572703  007.26175253
120 Linear Feature 59
111  62.74560396  007.26078492 10
111  62.74561352  007.26082033 10
111  62.74559340  007.26082170
112  62.74559340  007.26082170  62.74559689  007.26082864 10
112  62.74559189  007.26085286  62.74558270  007.26085744 10
116  62.74558347  007.26082472  62.74558762  007.26080715
120 Linear Feature 58
111  62.74545791  007.26006548 10
111  62.74547839  007.25999768 10
111  62.74545740  007.26001744 10
115  62.74547010  007.26003721
120 Linear Feature 57
111  62.74536119  007.25923094 10
111  62.74535340  007.25918730 10
111  62.74533708  007.25920119 10
111  62.74534131  007.25922487 10
112  62.74532470  007.25923902  62.74530697  007.25921871
111  62.74532470  007.25923902 10
115  62.74531994  007.25921240
120 Linear Feature 56
111  62.74517486  007.25799411 10
111  62.74513511  007.25798794
112  62.74513511  007.25798794  62.74511795  007.25801735 10
112  62.74514379  007.25804486  62.74515205  007.25804439 10
116  62.74514625  007.25798967  62.74513148  007.25797165
120 Linear Feature 55
111  62.74565433  007.26277452 12
111  62.74555536  007.26214687
111  62.74543291  007.26136915 12
111  62.74532527  007.26068883
111  62.74498519  007.25852710 12
115  62.74486977  007.25779532
120 Linear Feature 54
111  62.74483302  007.25823671 10
111  62.74490541  007.25817968
111  62.74503163  007.25820781
112  62.74503163  007.25820781  62.74503965  007.25821427 8
112  62.74505585  007.25823083  62.74506395  007.25823977
111  62.74505585  007.25823083 8
111  62.74510810  007.25828984
112  62.74510810  007.25828984  62.74519193  007.25838819 8
111  62.74526755  007.25832525 8
115  62.74565280  007.25801616
120 Linear Feature 53
111  62.74595117  007.26252247 10
111  62.74597383  007.26250663
111  62.74583716  007.26164926 10
111  62.74576600  007.26170277
111  62.74562065  007.26079819 10
111  62.74569224  007.26074565
111  62.74544029  007.25914312 10
111  62.74536747  007.25919851
111  62.74517899  007.25797815 10
115  62.74524750  007.25792512
120 Linear Feature 52
112  62.74584078  007.26256957  62.74584503  007.26260271 10
112  62.74587595  007.26261280  62.74589113  007.26260354 10
112  62.74589574  007.26253601  62.74589150  007.26250287 10
114  62.74586058  007.26249278  62.74584540  007.26250205 10
120 Linear Feature 52
112  62.74571145  007.26174237  62.74571574  007.26177591 10
112  62.74574703  007.26178612  62.74576239  007.26177674 10
112  62.74576706  007.26170842  62.74576277  007.26167489 10
114  62.74573148  007.26166468  62.74571612  007.26167405 10
120 Linear Feature 52
112  62.74556866  007.26083830  62.74557277  007.26087044 10
112  62.74560276  007.26088022  62.74561747  007.26087123 10
112  62.74562195  007.26080576  62.74561784  007.26077363 10
114  62.74558786  007.26076384  62.74557314  007.26077283 10
120 Linear Feature 52
112  62.74544114  007.26004624  62.74544526  007.26007838 10
112  62.74547524  007.26008816  62.74548996  007.26007917 10
112  62.74549444  007.26001370  62.74549032  007.25998157 10
114  62.74546034  007.25997178  62.74544562  007.25998077 10
120 Linear Feature 52
112  62.74531241  007.25923213  62.74531666  007.25926533 10
112  62.74534764  007.25927544  62.74536285  007.25926616 10
112  62.74536747  007.25919851  62.74536322  007.25916531 10
114  62.74533225  007.25915520  62.74531704  007.25916448 10
120 Linear Feature 52
112  62.74511858  007.25802270  62.74512328  007.25805937 10
112  62.74515749  007.25807054  62.74517429  007.25806028 10
112  62.74517940  007.25798557  62.74517471  007.25794889 10
114  62.74514049  007.25793773  62.74512370  007.25794798 10
120 Linear Feature 51
111  62.74444235  007.25911357 3 102
112  62.74458699  007.25868303  62.74477098  007.25848724
111  62.74458699  007.25868303 3 102
111  62.74481205  007.25851024 3 102
112  62.74504749  007.25865895  62.74511754  007.25891184
111  62.74504749  007.25865895 3 102
111  62.74531402  007.26033129 3 102
112  62.74522267  007.26088601  62.74506701  007.26106616
111  62.74522267  007.26088601 3 102
112  62.74503302  007.26105028  62.74494585  007.26109276
111  62.74503302  007.26105028
112  62.74503302  007.26105028  62.74479486  007.26118624 3 102
111  62.74470847  007.26078515
111  62.74491886  007.26211199 3 102
112  62.74507241  007.26151167  62.74526621  007.26133661
111  62.74507241  007.26151167 3 102
111  62.74529398  007.26134729 3 102
112  62.74549796  007.26153818  62.74554931  007.26178839
111  62.74549796  007.26153818 3 102
112  62.74555960  007.26198604  62.74556987  007.26219848 3 102
111  62.74546210  007.26234580 3 102
111  62.74524243  007.26251222 3 102
112  62.74493870  007.26226259  62.74481287  007.26185753
111  62.74493870  007.26226259
111  62.74514268  007.26353276 3 102
112  62.74526820  007.26292337  62.74545370  007.26270243
111  62.74526820  007.26292337 3 102
111  62.74549908  007.26273982 3 102
112  62.74570531  007.26289645  62.74577081  007.26312589
111  62.74570531  007.26289645
112  62.74570531  007.26289645  62.74574811  007.26304516 3 102
115  62.74578600  007.26333453
120 Linear Feature 50
111  62.74462038  007.25594987 3 102
111  62.74482678  007.25724647
111  62.74484289  007.25734763 3 102
111  62.74489245  007.25765971 3 102
112  62.74474068  007.25804352  62.74462160  007.25812850
111  62.74474068  007.25804352 3 102
111  62.74451626  007.25821489
112  62.74451626  007.25821489  62.74430767  007.25831176 3 102
115  62.74428018  007.25808176
120 Linear Feature 49
111  62.74454138  007.26099625 10
111  62.74473061  007.26219598
111  62.74491815  007.26138211 10
111  62.74534128  007.26106262
111  62.74542433  007.26088279
112  62.74542433  007.26088279  62.74544696  007.26075914 10
111  62.74543571  007.26062708
111  62.74553138  007.26123013 10
112  62.74545475  007.26107214  62.74539917  007.26102208
111  62.74545475  007.26107214
111  62.74534128  007.26106262
111  62.74476139  007.26239110 10
111  62.74495409  007.26361285
111  62.74558047  007.26247090
111  62.74567367  007.26245251
112  62.74567367  007.26245251  62.74570513  007.26245887 10
111  62.74572857  007.26247319 10
111  62.74583987  007.26254117
111  62.74589603  007.26255069
112  62.74589603  007.26255069  62.74592767  007.26254440 10
111  62.74595117  007.26252247
111  62.74572857  007.26247319 10
111  62.74568074  007.26217168 10
112  62.74572516  007.26178103  62.74579154  007.26160636
111  62.74572516  007.26178103
111  62.74571388  007.26169204
112  62.74571388  007.26169204  62.74560974  007.26163723 10
111  62.74555586  007.26138447
111  62.74551767  007.26114369 10
112  62.74557141  007.26085177  62.74564410  007.26073324
111  62.74557141  007.26085177
111  62.74556860  007.26083819 10
111  62.74553304  007.26086482
112  62.74553304  007.26086482  62.74550151  007.26088859 10
112  62.74543834  007.26098096  62.74539743  007.26101457
111  62.74543834  007.26098096
111  62.74542133  007.26053640
112  62.74542133  007.26053640  62.74541099  007.26033273 10
112  62.74545335  007.26008160  62.74547834  007.25997774
111  62.74545335  007.26008160
111  62.74548435  007.25998051
112  62.74548435  007.25998051  62.74551723  007.25989516 10
111  62.74555004  007.25986310
112  62.74555004  007.25986310  62.74534145  007.25997867 10
111  62.74529137  007.25971714
111  62.74525584  007.25949318 10
112  62.74531635  007.25925198  62.74537649  007.25915575
111  62.74531635  007.25925198
111  62.74531285  007.25919337
112  62.74531285  007.25919337  62.74520746  007.25915340 10
111  62.74516585  007.25892590
111  62.74506678  007.25830143
112  62.74506678  007.25830143  62.74506383  007.25817791 10
112  62.74512428  007.25804305  62.74515454  007.25799129
111  62.74512428  007.25804305
111  62.74510166  007.25852129 10
111  62.74496937  007.25768734 10
112  62.74502387  007.25731262  62.74511170  007.25724377
111  62.74502387  007.25731262 10
111  62.74513534  007.25722157 2
111  62.74542856  007.25699434 10
111  62.74554552  007.25690158
112  62.74554552  007.25690158  62.74561353  007.25684650 10
115  62.74564569  007.25671452
120 Linear Feature 48
111  62.74390580  007.25696669 10
111  62.74409173  007.25814550 10
112  62.74446494  007.25851574  62.74475603  007.25837638
111  62.74446494  007.25851574
112  62.74446494  007.25851574  62.74419798  007.25882335 10
111  62.74428365  007.25936222 10
111  62.74454138  007.26099625 10
112  62.74491815  007.26138211  62.74519434  007.26124284
111  62.74491815  007.26138211
112  62.74491815  007.26138211  62.74465493  007.26165592 10
111  62.74473061  007.26219598 10
111  62.74476139  007.26239110 10
112  62.74513963  007.26280041  62.74541882  007.26265771
111  62.74513963  007.26280041
112  62.74513963  007.26280041  62.74488256  007.26306390 10
111  62.74495409  007.26361285 10
111  62.74513510  007.26476044
111  62.74513963  007.26280041 10
111  62.74558047  007.26247090
111  62.74565640  007.26235752
112  62.74565640  007.26235752  62.74568667  007.26226846 10
111  62.74568074  007.26217168 10
111  62.74510166  007.25852129
112  62.74510166  007.25852129  62.74507473  007.25840974 10
112  62.74500792  007.25829355  62.74497363  007.25824913
111  62.74500792  007.25829355
111  62.74491158  007.25822615
112  62.74491158  007.25822615  62.74486627  007.25821671 10
111  62.74483302  007.25823671 10
111  62.74446494  007.25851574
111  62.74409173  007.25814550 10
115  62.74428365  007.25936222
120 Linear Feature 47
111  62.74834670  007.28524649 10
111  62.74850039  007.28621670
112  62.74850039  007.28621670  62.74851415  007.28630687 10
112  62.74858055  007.28653456  62.74862959  007.28667563
111  62.74858055  007.28653456 10
112  62.74878992  007.28703088  62.74889110  007.28722635 10
112  62.74873855  007.28766489  62.74863114  007.28773288
111  62.74873855  007.28766489
112  62.74873855  007.28766489  62.74860079  007.28777367 10
112  62.74850428  007.28724505  62.74853619  007.28696459
111  62.74850428  007.28724505
112  62.74850428  007.28724505  62.74855331  007.28668074 10
116  62.74850039  007.28621670  62.74848662  007.28612380
120 Linear Feature 46
111  62.74265249  007.24913708 10
111  62.74249159  007.24811230 10
112  62.74239586  007.24780471  62.74232488  007.24767420
111  62.74239586  007.24780471 10
111  62.74222541  007.24750392
112  62.74222541  007.24750392  62.74214789  007.24737545 10
112  62.74230013  007.24683097  62.74247198  007.24669026
111  62.74230013  007.24683097
112  62.74230013  007.24683097  62.74240660  007.24674940 10
112  62.74251961  007.24732719  62.74248132  007.24769017
111  62.74251961  007.24732719 10
111  62.74249082  007.24761438
112  62.74249082  007.24761438  62.74246653  007.24784686 10
115  62.74249159  007.24811230
120 Linear Feature 94
111  62.74515931  007.25964123 20
111  62.74524752  007.26020916 20
111  62.74528968  007.26052358 20
111  62.74522936  007.26075869 20
111  62.74505813  007.26087624
111  62.74512753  007.26159288 20
111  62.74532730  007.26144983 20
111  62.74544080  007.26158296 20
111  62.74549723  007.26200219 20
111  62.74543950  007.26224296 20
115  62.74526633  007.26235768
21  62.74809303  007.28057157 3 251.0000 3.50 New PAPI-4R
21  62.74723518  007.28121120 2 251.0000 3.50 New PAPI-4L
21  62.74405670  007.25488167 2 71.0000 3.10 New PAPI-4L
21  62.74318794  007.25552560 3 71.0000 3.10 New PAPI-4R
20  62.74481217  007.25892214 341.0800 0 3 {@L}C{@Y,^u}APRON
20  62.74503489  007.25875650 161.3800 0 3 {@L}C{@R}25-07
20  62.74484521  007.25754794 161.3800 0 3 {@L}C{@R}25-07{@@,@Y,^u}APRON{@L}C
20  62.74551735  007.26185065 161.3800 0 3 {@L}E{@R}25-07{@@,@Y,^u}APRON{@L}E
20  62.74548830  007.26164977 161.3800 0 3 {@L}D{@R}25-07{@@,@Y,^u}APRON{@L}D
20  62.74528978  007.26038813 161.3800 0 3 {@L}D{@R}25-07{@@,@Y,^u}APRON{@L}D
20  62.74571047  007.26305240 162.2600 0 3 {@R}25-07{@L}E{@@,@L}E{@Y,^u}APRON
20  62.74463133  007.25963786 251.8300 0 3 {@Y}C{^r}
20  62.74427736  007.25740064 71.0300 0 3 {@Y,^l}C
20  62.74473508  007.26027100 71.0300 0 3 {@Y,^l}D
20  62.74500327  007.26212364 71.7400 0 3 {@Y,^l}E{@@}D{^r}
20  62.74531167  007.26392912 250.3800 0 3 {@Y}E{^r}
14  62.74368879  007.26664854  65.62 0 Tower
1300  62.74508471  007.25632238 -106.96 tie_down turboprops|props General Aviation 3
1301 A general_aviation 
1300  62.74495583  007.25641007 -106.96 tie_down turboprops|props General Aviation 2
1301 A general_aviation 
1300  62.74480826  007.25651001 -106.96 tie_down turboprops|props General Aviation 1
1301 A general_aviation 
1300  62.74556898  007.25767093 -19.92 gate jets|turboprops Ramp 6
1301 C airline 
1300  62.74576213  007.25889324 341.00 gate jets|turboprops Ramp 5
1301 C airline 
1300  62.74587606  007.25961420 341.00 gate jets|turboprops Ramp 4
1301 C airline sas wif nax
1300  62.74601527  007.26049516 341.00 gate jets|turboprops Ramp 3
1301 C airline sas wif nax
1300  62.74615884  007.26140371 341.00 gate jets|turboprops Ramp 2
1301 C airline sas wif nax
1300  62.74629453  007.26226239 341.00 gate jets|turboprops Ramp 1
1301 C airline sas wif nax
18  62.74264615  007.25668965 3 BCN
19  62.74761946  007.28461183 1 New Windsock 2
19  62.74252081  007.25556025 1 New Windsock 3
55 11935 Approach
51 11995 AFIS
50 13307 ATIS
1200 
1201  62.74505983  007.25719189 both 0 _stop
1201  62.74544134  007.25704047 both 1 _stop
1201  62.74594318  007.25683712 both 2 _stop
1201  62.74557146  007.25711245 both 3 _stop
1201  62.74643642  007.26264660 both 4 _start
1201  62.74630274  007.26179127 both 5 _start
1201  62.74617034  007.26094419 both 6 _start
1201  62.74602901  007.26003992 both 7 _start
1201  62.74590333  007.25923582 both 8 _start
1201  62.74576549  007.25835389 both 9 _start
1201  62.74485118  007.25684528 both 10 _stop
1201  62.74493613  007.25741550 both 11 _stop
1201  62.74503304  007.25808513 both 12 _stop
1201  62.74571506  007.26238017 both 13 _stop
1201  62.74548821  007.26095849 both 14 _stop
1201  62.74560412  007.26245100 both 15 E_stop
1201  62.74537954  007.26103690 both 16 C_start
1201  62.74492847  007.25815891 both 17 C_stop
1201  62.74873476  007.28765198 both 18 _stop
1201  62.74233907  007.24708838 both 19 _start
1201  62.74417603  007.25874411 both 20 _start
1201  62.74462224  007.26159351 both 21 _start
1201  62.74485147  007.26302604 both 22 _start
1202 11 10 twoway taxiway_A 
1202 12 11 twoway taxiway_A 
1202 16 14 twoway taxiway_C 
1202 12 17 twoway taxiway_C 
1202 13 14 twoway taxiway_C 
1202 14 12 twoway taxiway_C 
1202 15 13 twoway taxiway_C 
1202 22 15 twoway taxiway_C E
1204 departure 07,25
1204 arrival 07,25
1202 16 21 twoway taxiway_C D
1204 departure 07,25
1204 arrival 07,25
1202 20 17 twoway taxiway_C C
1204 departure 07,25
1204 arrival 07,25
1202 19 20 twoway runway 07/25
1204 departure 07,25
1204 arrival 07,25
1204 ils 07,25
1202 20 21 twoway runway 07/25
1204 departure 07,25
1204 arrival 07,25
1204 ils 07,25
1202 21 22 twoway runway 07/25
1204 departure 07,25
1204 arrival 07,25
1204 ils 07,25
1202 22 18 twoway runway 07/25
1204 departure 07,25
1204 arrival 07,25
1204 ils 07,25
1206 1 3 oneway  
1206 0 1 oneway  
1206 1 0 oneway  
1206 3 1 oneway  
1206 5 4 oneway  
1206 6 5 oneway  
1206 7 6 oneway  
1206 8 7 oneway  
1206 9 8 oneway  
1206 3 9 oneway  
1206 2 3 oneway  
1206 3 2 oneway  
1206 4 5 oneway  
1206 5 6 oneway  
1206 6 7 oneway  
1206 7 8 oneway  
1206 8 9 oneway  
1206 9 3 oneway  
1400  62.74654781  7.26253243  162.39 fuel_jets 0 New Service Truck 52
1400  62.74603256  7.25673036  163.11 fuel_liners 0 New Service Truck 51
1400  62.74606928  7.26081258  159.90 baggage_loader 0 New Service Truck 49
1400  62.74645020  7.26233247  72.35 baggage_train 3 New Service Truck 50
1400  62.74643290  7.26234663  72.35 baggage_train 3 New Service Truck 50
1400  62.74622966  7.26179202  159.62 baggage_loader 0 New Service Truck 48
1400  62.74607244  7.26075357  159.62 baggage_loader 0 New Service Truck 48
1400  62.74611133  7.25983119  160.19 gpu 0 New Service Truck 47
1400  62.74615850  7.25993350  163.21 food 0 New Service Truck 46
1400  62.74614682  7.25986892  163.21 food 0 New Service Truck 46
1400  62.74614127  7.26040531  161.48 pushback 0 New Service Truck 53
1400  62.74628120  7.26125720  161.87 crew_car 0 New Service Truck 160
1400  62.74626506  7.26114327  162.67 crew_car 0 New Service Truck 159
99
