I
1000 Generated by WorldEditor

1     95 0 0 ENNK Narvik Framnes
100 29.87 1 0 0.25 1 2 0 01  68.43316878  017.38233750  152    0 2 10 0 0 19  68.44070202  017.39100850    0   15 2 10 0 0
110 2 0.00 0.0000 New Taxiway 124
111  68.43561196  017.38764957
111  68.43548368  017.38829772
111  68.43568984  017.38855947
111  68.43569442  017.38869658
111  68.43639538  017.38963142
112  68.43654656  017.38939459  68.43660612  017.38929488
112  68.43717421  017.39001782  68.43722919  017.39009260
112  68.43732540  017.39010507  68.43734831  017.39000535
111  68.43736205  017.38958156
111  68.43731624  017.38954417
111  68.43576773  017.38808582
113  68.43580896  017.38784900
110 1 0.00 0.0000 New Taxiway 121
111  68.43619629  017.38620934
112  68.43636289  017.38682123  68.43631291  017.38708186
112  68.43599221  017.38690055  68.43596722  017.38683256
111  68.43590059  017.38727449
111  68.43567985  017.38700254
112  68.43565069  017.38679857  68.43564236  017.38673058
112  68.43557156  017.38657194  68.43555073  017.38658327
112  68.43547993  017.38678724  68.43546744  017.38687789
112  68.43541746  017.38700254  68.43539663  017.38700254
112  68.43537164  017.38711585  68.43537164  017.38716118
112  68.43545494  017.38726316  68.43545911  017.38728582
112  68.43543828  017.38760310  68.43543412  017.38769375
112  68.43549243  017.38784106  68.43552991  017.38784106
111  68.43557989  017.38778440
111  68.43562154  017.38761443
111  68.43580063  017.38784106
112  68.43577564  017.38807902  68.43578397  017.38814701
111  68.43731249  017.38954077
111  68.43742494  017.38869092
112  68.43744993  017.38828299  68.43748325  017.38814701
114  68.43771649  017.38797704  68.43787475  017.38806769
112  68.43682520  017.38707052  68.43683353  017.38709319
112  68.43682936  017.38737647  68.43682103  017.38746712
112  68.43673357  017.38779574  68.43670858  017.38784106
112  68.43664610  017.38781840  68.43662528  017.38781840
112  68.43654198  017.38759177  68.43651283  017.38753511
112  68.43655448  017.38702520  68.43660029  017.38678724
113  68.43672524  017.38686656
112  68.43732915  017.38807902  68.43727501  017.38839630
112  68.43711674  017.38836231  68.43703761  017.38830565
112  68.43705010  017.38773908  68.43710841  017.38742180
113  68.43727501  017.38761443
110 1 0.00 0.0000 New Taxiway 119
111  68.43375641  017.38263753
111  68.43367311  017.38209369
111  68.43328994  017.38159518
113  68.43321913  017.38204837
110 1 0.00 0.0000 New Taxiway 117
111  68.44020597  017.39082416
111  68.44026542  017.39124990
111  68.44073480  017.39174377
113  68.44076922  017.39146278
130 Airport Boundary 138
111  68.43407507  017.38219591
111  68.43379467  017.38187356
111  68.43366968  017.38158213
111  68.43339292  017.38129070
111  68.43314294  017.38141213
111  68.43297331  017.38187356
111  68.43291081  017.38255357
111  68.43534812  017.38588075
111  68.43526777  017.38677934
111  68.43535704  017.38801792
111  68.43551775  017.38847936
111  68.43637945  017.38963982
111  68.43735340  017.39028016
111  68.43753195  017.38873452
111  68.43782414  017.38873452
111  68.43814879  017.38917613
111  68.44114725  017.39265454
111  68.44142320  017.39249996
111  68.44156118  017.39199205
111  68.44156929  017.39117500
111  68.44111479  017.39013711
111  68.44098493  017.38954088
111  68.43989735  017.38814967
113  68.43927240  017.38817175
120 Linear Feature 135
111  68.43578804  017.38757033 1
112  68.43571020  017.38770285  68.43568882  017.38781333 1
115  68.43566531  017.38790055
120 Linear Feature 137
111  68.43697877  017.38793180 3
116  68.43663741  017.38858616  68.43642276  017.38852987
120 Linear Feature 136
111  68.43580622  017.38787049 3
115  68.43656290  017.38885341
120 Linear Feature 134
111  68.43605430  017.38737721 1
112  68.43587477  017.38755166  68.43580424  017.38756329 1
115  68.43578584  017.38756719
120 Linear Feature 133
111  68.43590554  017.38732430 3
115  68.43575743  017.38715799
120 Linear Feature 132
111  68.43623701  017.38797469 1
116  68.43647466  017.38817566  68.43651962  017.38822372
120 Linear Feature 131
111  68.43644415  017.38702228 1
112  68.43620168  017.38734995  68.43613103  017.38736305 1
112  68.43605877  017.38737179  68.43602023  017.38741548 1
112  68.43599454  017.38753781  68.43599454  017.38761645 1
112  68.43602987  017.38776499  68.43605556  017.38782178 1
112  68.43623540  017.38796596  68.43625789  017.38796159 1
112  68.43628679  017.38790479  68.43629642  017.38785237 1
115  68.43632854  017.38765140
120 Linear Feature 130
111  68.43627668  017.38624483 3
112  68.43639326  017.38674703  68.43636412  017.38694262 3
112  68.43631554  017.38705364  68.43629611  017.38707478 3
112  68.43611153  017.38709064  68.43607267  017.38704835 3
111  68.43599301  017.38694791 3
115  68.43590717  017.38730815
120 Linear Feature 129
111  68.43722651  017.38737905 3
112  68.43707990  017.38746075  68.43702514  017.38757128 3
112  68.43697922  017.38791250  68.43697745  017.38798458 3
112  68.43703751  017.38831619  68.43706577  017.38838347 3
112  68.43718588  017.38859973  68.43721767  017.38859012 3
112  68.43729186  017.38842672  68.43732365  017.38834502 3
112  68.43739077  017.38772987  68.43738547  017.38763856 3
116  68.43732012  017.38749439  68.43729716  017.38746075
120 Linear Feature 128
111  68.43667722  017.38670494 3
112  68.43658396  017.38682653  68.43653733  017.38693225 3
112  68.43648681  017.38736573  68.43648099  017.38740802 3
112  68.43646350  017.38771991  68.43647710  017.38779921 3
112  68.43658785  017.38803709  68.43660922  017.38806352 3
112  68.43672580  017.38803180  68.43675106  017.38798423 3
112  68.43688123  017.38735516  68.43688512  017.38730758 3
116  68.43687735  017.38700626  68.43685792  017.38693754
120 Linear Feature 127
111  68.43644026  017.38702273 1
116  68.43671169  017.38641217  68.43684634  017.38655754
120 Linear Feature 126
111  68.43696361  017.38744109 1
116  68.43689888  017.38663322  68.43674555  017.38638633
120 Linear Feature 125
111  68.43629904  017.38592497 1
112  68.43644412  017.38701627  68.43635309  017.38751935 1
111  68.43632955  017.38765511 1
112  68.43647138  017.38816789  68.43662488  017.38833176 1
112  68.43682695  017.38814674  68.43686386  017.38801458 1
111  68.43696295  017.38744366 1
116  68.43726499  017.38703335  68.43745900  017.38717808
120 Linear Feature 120
111  68.43374391  017.38302274 1
112  68.43362313  017.38261487  68.43360230  017.38251290 1
112  68.43355233  017.38232029  68.43353150  017.38222965 1
112  68.43337323  017.38209369  68.43333575  017.38215034 1
112  68.43333575  017.38239960  68.43336907  017.38255822 1
115  68.43352317  017.38272817
120 Linear Feature 118
111  68.44041780  017.39065514 1
112  68.44049539  017.39102619  68.44050009  017.39115415 1
112  68.44052360  017.39133967  68.44053770  017.39136526 1
112  68.44062939  017.39142284  68.44067876  017.39139725 1
112  68.44066701  017.39107098  68.44061764  017.39085346 1
116  68.44051655  017.39078309  68.44048128  017.39072551
21  68.43573326  017.38441584 1 22.9300 4.5 01  VASI
21  68.43892544  017.38986521 1 202.9300 4.5 19  VASI
19  68.43351038  017.38154192 1 WS
19  68.44079246  017.39230413 1 WS
99
