I
1050 Generated by WorldEditor

1     27 1 0 ENOL ORLAND
1302 city Ørland
1302 country Norway
1302 datum_lat 63.698888889
1302 datum_lon 9.603888889
1302 faa_code 
1302 iata_code OLA
1302 icao_code ENOL
1302 region_code EN
1302 state Sør-Trøndelag
1302 transition_alt 7000
1302 transition_level 
100 45.11 1 0 0.25 0 3 0 15  63.70987246  009.59195927    0  135 3 10 0 0 33  63.68821994  009.61569048    0  173 3 10 0 0
110 2 0.00 0.0000 New Taxiway 31
112  63.71195363  009.61001976  63.71186240  009.61001421
112  63.71175992  009.61037498  63.71175617  009.61064906
112  63.71194380  009.61081441  63.71206248  009.61082245
114  63.71212186  009.61040365  63.71212377  009.61017934
110 2 0.00 0.0000 New Taxiway 31
112  63.71229583  009.60823210  63.71221387  009.60822681
112  63.71212180  009.60857082  63.71211843  009.60883217
112  63.71228700  009.60898985  63.71239362  009.60899751
114  63.71244697  009.60859816  63.71244868  009.60838427
110 2 0.00 0.0000 New Taxiway 31
112  63.71258901  009.59743188  63.71250705  009.59742669
112  63.71241498  009.59776442  63.71241161  009.59802100
112  63.71258018  009.59817579  63.71268680  009.59818332
114  63.71274015  009.59779126  63.71274186  009.59758127
110 2 0.00 0.0000 New Taxiway 31
112  63.71241542  009.59843201  63.71233345  009.59842682
112  63.71224138  009.59876456  63.71223802  009.59902113
112  63.71240658  009.59917593  63.71251320  009.59918345
114  63.71256655  009.59879139  63.71256826  009.59858141
110 2 0.00 0.0000 New Taxiway 31
112  63.71102960  009.59935899  63.71094763  009.59935380
112  63.71085556  009.59969154  63.71085220  009.59994811
112  63.71102076  009.60010291  63.71112738  009.60011043
114  63.71118073  009.59971837  63.71118244  009.59950839
110 2 0.00 0.0000 New Taxiway 31
112  63.71121565  009.60208197  63.71113369  009.60207678
112  63.71104162  009.60241451  63.71103825  009.60267109
112  63.71120682  009.60282588  63.71131344  009.60283340
114  63.71136679  009.60244134  63.71136850  009.60223136
110 2 0.00 0.0000 New Taxiway 31
112  63.71102960  009.60539877  63.71094763  009.60539358
112  63.71085556  009.60573132  63.71085220  009.60598789
112  63.71102076  009.60614269  63.71112738  009.60615021
114  63.71118073  009.60575815  63.71118244  009.60554817
110 2 0.00 0.0000 New Taxiway 31
112  63.71201764  009.60636919  63.71193567  009.60636400
112  63.71184360  009.60670174  63.71184023  009.60695832
112  63.71200880  009.60711311  63.71211542  009.60712063
114  63.71216877  009.60672857  63.71217048  009.60651859
110 2 0.00 0.0000 New Taxiway 31
112  63.71067077  009.60716779  63.71058623  009.60716241
112  63.71049127  009.60751271  63.71048780  009.60777883
112  63.71066166  009.60793938  63.71077163  009.60794719
114  63.71082665  009.60754054  63.71082842  009.60732274
110 2 0.00 0.0000 New Taxiway 31
112  63.71097183  009.60905536  63.71089192  009.60905023
112  63.71080217  009.60938378  63.71079889  009.60963717
112  63.71096322  009.60979005  63.71106716  009.60979748
114  63.71111916  009.60941028  63.71112083  009.60920290
110 2 0.00 0.0000 New Taxiway 31
112  63.71060293  009.61085234  63.71052725  009.61084745
112  63.71044224  009.61116609  63.71043913  009.61140816
112  63.71059478  009.61155420  63.71069323  009.61156129
114  63.71074249  009.61119140  63.71074407  009.61099329
110 2 0.00 0.0000 New Taxiway 31
112  63.71224391  009.61183201  63.71215628  009.61182644
112  63.71205785  009.61218930  63.71205424  009.61246497
112  63.71223446  009.61263128  63.71234845  009.61263936
114  63.71240549  009.61221813  63.71240732  009.61199252
110 2 0.00 0.0000 New Taxiway 31
112  63.71089870  009.61261829  63.71080901  009.61261262
112  63.71070826  009.61298177  63.71070458  009.61326221
112  63.71088903  009.61343140  63.71100570  009.61343962
114  63.71106408  009.61301110  63.71106595  009.61278158
110 2 0.00 0.0000 New Taxiway 31
112  63.71187873  009.61361970  63.71179521  009.61361420
112  63.71170140  009.61397220  63.71169796  009.61424417
112  63.71186973  009.61440825  63.71197837  009.61441622
114  63.71203274  009.61400064  63.71203448  009.61377806
110 2 0.00 0.0000 New Taxiway 31
112  63.71055491  009.61449382  63.71047833  009.61448909
112  63.71039231  009.61479731  63.71038916  009.61503147
112  63.71054665  009.61517274  63.71064627  009.61517961
114  63.71069611  009.61482180  63.71069771  009.61463016
110 2 0.00 0.0000 New Taxiway 31
112  63.71181887  009.61774177  63.71173535  009.61773627
112  63.71164154  009.61809427  63.71163810  009.61836624
112  63.71180987  009.61853032  63.71191851  009.61853830
114  63.71197288  009.61812271  63.71197462  009.61790013
110 2 0.00 0.0000 New Taxiway 38
111  63.70961024  009.59275398
112  63.70988107  009.59306272  63.70997050  009.59321624
112  63.71030363  009.59379102  63.71042972  009.59402118
111  63.71041519  009.59457433
111  63.71071448  009.59363739
112  63.71044892  009.59337858  63.71036840  009.59326809
112  63.70997622  009.59263477  63.70987994  009.59250008
113  63.71001935  009.59230195
110 1 0.00 0.0000 New Taxiway 37
111  63.71213444  009.60847244
112  63.71161773  009.60843306  63.71155598  009.60842140
111  63.71153677  009.60832949
111  63.71152904  009.60883907
112  63.71160737  009.60874741  63.71166743  009.60874596
113  63.71214059  009.60877766
110 1 0.00 0.0000 New Taxiway 37
111  63.71207919  009.61208162
112  63.71156248  009.61204224  63.71150073  009.61203058
111  63.71148152  009.61193867
111  63.71147379  009.61244825
112  63.71155212  009.61235659  63.71161217  009.61235514
113  63.71208534  009.61238684
110 1 0.00 0.0000 New Taxiway 37
111  63.71078357  009.60773858
112  63.71133833  009.60779374  63.71140016  009.60780681
111  63.71141574  009.60790773
111  63.71142871  009.60734415
112  63.71134693  009.60747913  63.71128689  009.60748228
113  63.71079238  009.60741732
110 1 0.00 0.0000 New Taxiway 37
111  63.71071838  009.61137707
112  63.71127314  009.61143223  63.71133497  009.61144529
111  63.71135055  009.61154622
111  63.71136352  009.61098264
112  63.71128174  009.61111761  63.71122170  009.61112077
113  63.71072719  009.61105581
110 1 0.00 0.0000 New Taxiway 37
111  63.71067277  009.61500161
112  63.71116449  009.61502641  63.71123889  009.61503632
111  63.71128797  009.61514986
111  63.71129956  009.61462409
112  63.71120801  009.61474017  63.71115635  009.61474647
113  63.71068032  009.61469184
110 1 0.00 0.0000 New Taxiway 37
111  63.71248571  009.59763976
112  63.71235567  009.59750874  63.71229412  009.59744721
111  63.71228768  009.59732482
111  63.71219867  009.59778817
112  63.71229998  009.59776540  63.71234974  009.59780885
113  63.71243386  009.59788392
110 1 0.00 0.0000 New Taxiway 37
111  63.71231492  009.59856764
112  63.71218488  009.59843662  63.71212333  009.59837509
111  63.71211689  009.59825270
111  63.71202787  009.59871606
112  63.71212918  009.59869328  63.71217895  009.59873673
113  63.71226306  009.59881180
110 1 0.00 0.0000 New Taxiway 37
111  63.71186043  009.60659838
112  63.71166892  009.60657953  63.71160167  009.60657324
111  63.71156575  009.60649257
111  63.71155816  009.60699735
112  63.71164872  009.60689231  63.71169484  009.60688746
113  63.71185901  009.60689363
110 1 0.00 0.0000 New Taxiway 37
111  63.71178107  009.61023324
112  63.71159649  009.61021438  63.71152923  009.61020809
111  63.71150832  009.61013263
111  63.71149727  009.61062699
112  63.71157629  009.61052716  63.71162241  009.61052231
113  63.71177735  009.61052848
110 2 0.00 0.0000 New Taxiway 5
111  63.71236650  009.61779163
111  63.71332671  009.61575928
111  63.71308108  009.61507512
113  63.71213798  009.61726262
110 1 0.00 0.0000 New Taxiway 37
111  63.71188392  009.61781909
112  63.71189008  009.61732225  63.71189346  009.61717045
111  63.71191691  009.61711243
111  63.71169807  009.61710319
112  63.71174413  009.61728248  63.71174587  009.61738952
113  63.71173162  009.61779088
110 1 0.00 0.0000 New Taxiway 37
111  63.71172752  009.61385190
112  63.71154294  009.61383305  63.71147568  009.61382675
111  63.71145477  009.61375129
111  63.71144372  009.61424565
112  63.71152274  009.61414582  63.71156886  009.61414097
113  63.71172380  009.61414714
110 1 0.00 0.0000 New Taxiway 37
111  63.71116725  009.59985898
112  63.71126631  009.59976770  63.71132995  009.59971820
111  63.71136612  009.59977865
111  63.71128823  009.59933154
112  63.71123791  009.59948077  63.71119575  009.59952325
113  63.71115274  009.59954690
110 1 0.00 0.0000 New Taxiway 37
111  63.71133594  009.60263502
112  63.71141291  009.60264711  63.71148008  009.60265702
111  63.71150362  009.60273637
111  63.71151530  009.60225411
112  63.71143640  009.60234972  63.71139024  009.60235209
113  63.71134598  009.60234432
110 1 0.00 0.0000 New Taxiway 37
111  63.71116301  009.60594762
112  63.71135852  009.60596681  63.71142569  009.60597672
111  63.71144924  009.60605608
111  63.71146091  009.60555960
112  63.71138201  009.60565522  63.71133586  009.60565759
113  63.71116991  009.60564981
110 1 0.00 0.0000 New Taxiway 37
111  63.71110002  009.60958635
112  63.71129134  009.60961028  63.71135851  009.60962019
111  63.71138205  009.60969954
111  63.71139373  009.60920307
112  63.71131483  009.60929869  63.71126867  009.60930105
113  63.71110692  009.60928618
110 1 0.00 0.0000 New Taxiway 37
111  63.71103812  009.61320807
112  63.71122943  009.61323201  63.71129660  009.61324192
111  63.71132015  009.61332127
111  63.71133182  009.61282479
112  63.71125292  009.61292041  63.71120677  009.61292278
113  63.71104502  009.61290790
110 2 0.00 0.0000 New Taxiway 34
111  63.70512047  009.60258587
112  63.70522651  009.60286068  63.70526949  009.60304870
112  63.70511286  009.60356857  63.70511333  009.60399853
112  63.70541215  009.60437980  63.70558805  009.60444072
112  63.70583433  009.60377277  63.70586816  009.60333643
112  63.70567274  009.60286214  63.70553857  009.60270948
112  63.70537823  009.60264779  63.70532369  009.60243669
113  63.70534291  009.60234094
110 2 0.00 0.0000 New Taxiway 31
112  63.68959322  009.63553189  63.68951587  009.63552706
112  63.68942897  009.63584169  63.68942579  009.63608071
112  63.68958489  009.63622492  63.68968551  009.63623193
114  63.68973587  009.63586669  63.68973748  009.63567107
110 2 0.00 0.0000 New Taxiway 31
112  63.68885491  009.63477845  63.68877755  009.63477361
112  63.68869066  009.63508824  63.68868748  009.63532726
112  63.68884657  009.63547147  63.68894720  009.63547848
114  63.68899755  009.63511324  63.68899917  009.63491762
110 2 0.00 0.0000 New Taxiway 31
112  63.68806972  009.63492385  63.68799236  009.63491901
112  63.68790547  009.63523364  63.68790229  009.63547267
112  63.68806138  009.63561687  63.68816201  009.63562388
114  63.68821236  009.63525864  63.68821397  009.63506302
110 2 0.00 0.0000 New Taxiway 31
112  63.68755343  009.63347931  63.68747607  009.63347447
112  63.68738918  009.63378910  63.68738600  009.63402813
112  63.68754509  009.63417233  63.68764572  009.63417934
114  63.68769607  009.63381410  63.68769769  009.63361848
110 2 0.00 0.0000 New Taxiway 31
112  63.68842191  009.63188132  63.68834455  009.63187649
112  63.68825766  009.63219111  63.68825448  009.63243014
112  63.68841357  009.63257434  63.68851420  009.63258135
114  63.68856455  009.63221611  63.68856617  009.63202049
110 2 0.00 0.0000 New Taxiway 31
112  63.68689707  009.63227856  63.68681971  009.63227373
112  63.68673282  009.63258835  63.68672964  009.63282738
112  63.68688873  009.63297158  63.68698936  009.63297859
114  63.68703971  009.63261335  63.68704132  009.63241773
110 2 0.00 0.0000 New Taxiway 31
112  63.68685705  009.63039167  63.68677969  009.63038683
112  63.68669279  009.63070146  63.68668962  009.63094049
112  63.68684871  009.63108469  63.68694934  009.63109170
114  63.68699969  009.63072646  63.68700130  009.63053084
110 2 0.00 0.0000 New Taxiway 31
112  63.68636477  009.62894716  63.68628742  009.62894233
112  63.68620052  009.62925696  63.68619734  009.62949598
112  63.68635643  009.62964018  63.68645706  009.62964719
114  63.68650742  009.62928195  63.68650903  009.62908633
110 2 0.00 0.0000 New Taxiway 31
112  63.68662492  009.62724986  63.68654756  009.62724503
112  63.68646067  009.62755966  63.68645749  009.62779868
112  63.68661658  009.62794289  63.68671721  009.62794989
114  63.68676756  009.62758466  63.68676917  009.62738904
110 2 0.00 0.0000 New Taxiway 31
112  63.68778556  009.62691582  63.68770820  009.62691098
112  63.68762131  009.62722561  63.68761813  009.62746464
112  63.68777722  009.62760884  63.68787785  009.62761585
114  63.68792820  009.62725061  63.68792982  009.62705499
110 2 0.00 0.0000 New Taxiway 31
112  63.68833501  009.62556530  63.68825765  009.62556046
112  63.68817076  009.62587509  63.68816758  009.62611411
112  63.68832667  009.62625832  63.68842730  009.62626533
114  63.68847765  009.62590009  63.68847926  009.62570447
110 2 0.00 0.0000 New Taxiway 31
112  63.68909494  009.62499795  63.68901758  009.62499312
112  63.68893069  009.62530775  63.68892751  009.62554677
112  63.68908660  009.62569097  63.68918723  009.62569798
114  63.68923758  009.62533274  63.68923919  009.62513713
110 2 0.00 0.0000 New Taxiway 31
112  63.68891059  009.62696529  63.68883324  009.62696045
112  63.68874634  009.62727508  63.68874316  009.62751411
112  63.68890226  009.62765831  63.68900288  009.62766532
114  63.68905324  009.62730008  63.68905485  009.62710446
110 2 0.00 0.0000 New Taxiway 31
112  63.68954871  009.63110790  63.68947135  009.63110306
112  63.68938446  009.63141769  63.68938128  009.63165672
112  63.68954037  009.63180092  63.68964100  009.63180793
114  63.68969135  009.63144269  63.68969297  009.63124707
110 2 0.00 0.0000 New Taxiway 31
112  63.68967633  009.63289929  63.68959897  009.63289446
112  63.68951208  009.63320909  63.68950890  009.63344811
112  63.68966799  009.63359232  63.68976862  009.63359933
114  63.68981898  009.63323409  63.68982059  009.63303847
110 2 0.00 0.0000 New Taxiway 31
112  63.69062641  009.63214755  63.69054906  009.63214271
112  63.69046216  009.63245734  63.69045899  009.63269637
112  63.69061808  009.63284057  63.69071870  009.63284758
114  63.69076906  009.63248234  63.69077067  009.63228672
110 2 0.00 0.0000 New Taxiway 31
112  63.69132125  009.63066005  63.69124389  009.63065521
112  63.69115700  009.63096984  63.69115382  009.63120887
112  63.69131291  009.63135307  63.69141354  009.63136008
114  63.69146389  009.63099484  63.69146551  009.63079922
110 2 0.00 0.0000 New Taxiway 31
112  63.69164740  009.62869271  63.69157004  009.62868787
112  63.69148315  009.62900250  63.69147997  009.62924153
112  63.69163906  009.62938573  63.69173969  009.62939274
114  63.69179004  009.62902750  63.69179166  009.62883188
110 2 0.00 0.0000 New Taxiway 31
112  63.69228663  009.62750187  63.69220928  009.62749703
112  63.69212238  009.62781166  63.69211920  009.62805069
112  63.69227829  009.62819489  63.69237892  009.62820190
114  63.69242928  009.62783666  63.69243089  009.62764104
110 2 0.00 0.0000 New Taxiway 31
112  63.69146822  009.62693376  63.69139086  009.62692892
112  63.69130397  009.62724355  63.69130079  009.62748258
112  63.69145988  009.62762678  63.69156051  009.62763379
114  63.69161086  009.62726855  63.69161248  009.62707293
110 2 0.00 0.0000 New Taxiway 31
112  63.69087741  009.62525129  63.69080006  009.62524645
112  63.69071316  009.62556108  63.69070998  009.62580010
112  63.69086907  009.62594431  63.69096970  009.62595132
114  63.69102006  009.62558608  63.69102167  009.62539046
110 2 0.00 0.0000 New Taxiway 31
112  63.69022365  009.62414785  63.69014629  009.62414301
112  63.69005940  009.62445764  63.69005622  009.62469666
112  63.69021531  009.62484087  63.69031594  009.62484788
114  63.69036629  009.62448264  63.69036791  009.62428702
110 2 0.00 0.0000 New Taxiway 31
112  63.69097427  009.62259647  63.69089691  009.62259164
112  63.69081001  009.62290627  63.69080684  009.62314529
112  63.69096593  009.62328950  63.69106656  009.62329651
114  63.69111691  009.62293127  63.69111852  009.62273565
110 2 0.00 0.0000 New Taxiway 31
112  63.69228365  009.62472424  63.69220629  009.62471940
112  63.69211939  009.62503403  63.69211622  009.62527305
112  63.69227531  009.62541726  63.69237594  009.62542427
114  63.69242629  009.62505903  63.69242790  009.62486341
110 2 0.00 0.0000 New Taxiway 31
112  63.69292877  009.62576656  63.69285141  009.62576172
112  63.69276452  009.62607635  63.69276134  009.62631537
112  63.69292043  009.62645958  63.69302106  009.62646659
114  63.69307141  009.62610135  63.69307302  009.62590573
110 2 0.00 0.0000 New Taxiway 31
112  63.69401028  009.62560446  63.69393292  009.62559962
112  63.69384603  009.62591425  63.69384285  009.62615327
112  63.69400194  009.62629748  63.69410257  009.62630449
114  63.69415292  009.62593925  63.69415453  009.62574363
110 2 0.00 0.0000 New Taxiway 31
112  63.69478866  009.62512091  63.69471130  009.62511607
112  63.69462441  009.62543070  63.69462123  009.62566973
112  63.69478032  009.62581393  63.69488095  009.62582094
114  63.69493130  009.62545570  63.69493292  009.62526008
110 2 0.00 0.0000 New Taxiway 31
112  63.69527733  009.62377986  63.69519997  009.62377502
112  63.69511308  009.62408965  63.69510990  009.62432868
112  63.69526899  009.62447288  63.69536962  009.62447989
114  63.69541997  009.62411465  63.69542159  009.62391903
110 2 0.00 0.0000 New Taxiway 31
112  63.69526853  009.62188252  63.69519117  009.62187768
112  63.69510427  009.62219231  63.69510110  009.62243134
112  63.69526019  009.62257554  63.69536082  009.62258255
114  63.69541117  009.62221731  63.69541278  009.62202169
110 2 0.00 0.0000 New Taxiway 31
112  63.69491633  009.62009445  63.69483897  009.62008962
112  63.69475208  009.62040425  63.69474890  009.62064327
112  63.69490799  009.62078748  63.69500862  009.62079448
114  63.69505897  009.62042925  63.69506059  009.62023363
110 2 0.00 0.0000 New Taxiway 31
112  63.69521156  009.61825015  63.69513420  009.61824531
112  63.69504731  009.61855994  63.69504413  009.61879896
112  63.69520322  009.61894317  63.69530385  009.61895018
114  63.69535420  009.61858494  63.69535581  009.61838932
110 1 0.00 0.0000 New Taxiway 30
111  63.70949400  009.59780738
112  63.70959919  009.59833021  63.70955183  009.59862973
112  63.70698322  009.61603174  63.70694285  009.61628543
111  63.70681119  009.61638370
111  63.70133059  009.61628575
112  63.70023233  009.61405895  63.70017522  009.61392718
111  63.70018253  009.61383434
111  63.69997425  009.61397895
111  63.70006281  009.61411390
112  63.70115930  009.61645083  63.70123109  009.61661282
111  63.70144872  009.61658987
111  63.70701736  009.61673529
111  63.71211274  009.61715385
111  63.71237595  009.61779045
111  63.71262188  009.61813637
111  63.71267590  009.61794803
111  63.71243839  009.61761914
111  63.71264670  009.61716837
111  63.71306571  009.61720792
111  63.71306549  009.61702341
111  63.71273445  009.61700249
111  63.71229318  009.61683587
111  63.71223107  009.61684275
111  63.71224299  009.61601299
111  63.71216307  009.61600922
111  63.71214507  009.61683451
111  63.71186561  009.61681332
112  63.71183464  009.61669986  63.71183405  009.61659643
111  63.71184353  009.61616722
111  63.71172370  009.61616230
112  63.71171829  009.61668602  63.71171472  009.61679885
111  63.71166389  009.61679233
111  63.71151543  009.61677855
112  63.71141813  009.61627711  63.71142184  009.61591206
112  63.71165934  009.60094649  63.71166943  009.60064046
111  63.71178752  009.60004275
112  63.71229331  009.59732748  63.71234399  009.59708716
111  63.71247980  009.59697472
111  63.71251170  009.59683210
111  63.71205814  009.59626271
112  63.71217811  009.59711653  63.71212987  009.59739167
112  63.71170669  009.59966151  63.71166201  009.59990741
112  63.71146668  009.59958728  63.71143037  009.59939813
112  63.71077190  009.59559942  63.71074118  009.59540082
111  63.71073982  009.59502961
111  63.71054960  009.59558657
112  63.71065394  009.59574206  63.71068534  009.59593950
112  63.71147626  009.60044232  63.71151940  009.60069206
112  63.71152943  009.60112241  63.71152524  009.60133363
112  63.71126222  009.61627800  63.71125599  009.61660369
111  63.71102565  009.61674308
112  63.70728474  009.61638048  63.70713224  009.61637349
111  63.70715136  009.61598139
113  63.70991049  009.59732069
110 1 0.00 0.0000 New Taxiway 12
111  63.70282297  009.60018512
112  63.70307294  009.60053495  63.70313387  009.60080141
112  63.70358141  009.60289491  63.70361845  009.60305949
111  63.70361630  009.60327252
111  63.70383403  009.60303827
112  63.70372298  009.60276680  63.70368750  009.60261808
112  63.70320092  009.60039806  63.70314419  009.60007409
113  63.70325869  009.59971771
110 2 0.00 5.9900 New Taxiway 11
111  63.69833552  009.61361763
112  63.69845391  009.61400426  63.69845391  009.61428845
111  63.69819386  009.61450897
111  63.69708704  009.61420405
112  63.69683368  009.61373937  63.69684268  009.61331308
111  63.69705420  009.61326409
111  63.69630634  009.61306283
112  63.69644846  009.61372016  63.69644455  009.61395306
112  63.69639777  009.61465643  63.69636837  009.61481287
111  63.69630642  009.61493597
111  63.69622414  009.61624124
111  63.69963903  009.61708978
111  63.69972519  009.61592783
111  63.69881806  009.61565928
112  63.69867095  009.61513742  63.69868565  009.61478894
112  63.69874646  009.61418926  63.69876895  009.61386954
113  63.69889287  009.61374635
110 2 0.00 336.8000 New Taxiway 10
111  63.69944993  009.61162773
111  63.69968978  009.61279986
111  63.70302067  009.60916071
113  63.70275843  009.60799232
110 1 0.00 0.0000 New Taxiway 9
111  63.70261616  009.60531784
112  63.70280210  009.60586109  63.70279451  009.60618367
111  63.70261654  009.60662282
112  63.70155045  009.60779627  63.70149816  009.60785821
112  63.70150199  009.60768201  63.70151690  009.60759837
111  63.70174002  009.60623717
111  63.70092396  009.60714952
112  63.70109592  009.60757850  63.70109078  009.60786684
111  63.70095788  009.60839295
112  63.70013525  009.60928924  63.70006140  009.60936419
111  63.69981609  009.61119897
112  63.69958943  009.61275573  63.69955494  009.61300317
111  63.69944332  009.61301274
112  63.69685792  009.61232252  63.69661544  009.61225858
111  63.69689510  009.61156815
111  63.69565790  009.61292717
112  63.69620400  009.61303700  63.69630634  009.61306283
112  63.69936375  009.61390110  63.69951264  009.61393386
112  63.70016287  009.61387844  63.70036570  009.61361690
112  63.70106611  009.61287618  63.70116407  009.61280248
112  63.70221245  009.61164391  63.70236680  009.61147194
111  63.70244490  009.61084771
111  63.70284933  009.60832867
113  63.70344808  009.60437703
110 1 0.00 0.0000 New Taxiway 4
111  63.71064723  009.59161204
112  63.71089686  009.59191363  63.71096682  009.59216967
112  63.71090987  009.59298039  63.71079341  009.59335781
112  63.70990787  009.59614135  63.70979340  009.59650783
111  63.70945680  009.59685721
111  63.68905738  009.61920833
112  63.68859527  009.61940907  63.68841663  009.61942804
112  63.68770953  009.61927192  63.68750766  009.61899625
112  63.68728061  009.61780692  63.68721795  009.61750131
111  63.68744664  009.61702173
111  63.68683032  009.61769641
112  63.68705356  009.61874969  63.68710609  009.61899595
112  63.68745843  009.62006239  63.68773134  009.62054608
112  63.68866262  009.62029720  63.68896754  009.62026472
111  63.68928829  009.61991433
111  63.70949400  009.59780738
112  63.71013972  009.59694641  63.71024745  009.59660867
112  63.71127702  009.59336156  63.71143830  009.59285248
112  63.71130183  009.59178171  63.71124490  009.59147173
113  63.71113122  009.59106873
110 2 0.00 0.0000 New Taxiway 5
111  63.70082511  009.61482424
111  63.70154873  009.61400236
111  63.70153868  009.61384851
111  63.70159819  009.61372559
111  63.70188956  009.61338382
111  63.70164554  009.61226421
111  63.70153550  009.61238301
111  63.70157648  009.61262283
111  63.70121417  009.61301787
111  63.70115802  009.61278557
113  63.70051995  009.61343079
110 2 0.00 0.0000 New Taxiway 5
111  63.69913459  009.62359090
111  63.69988882  009.62376783
111  63.69996567  009.62213190
111  63.69947625  009.62200223
111  63.69942186  009.62299761
111  63.69849779  009.62276335
111  63.69844166  009.62355882
113  63.69912834  009.62370536
110 2 0.00 0.0000 New Taxiway 5
111  63.71087120  009.59461115
111  63.71236400  009.59687875
111  63.71260931  009.59602542
113  63.71113462  009.59378707
110 1 0.00 0.0000 New Taxiway 8
111  63.69659036  009.60362427 53 102
112  63.69668580  009.60316940  63.69672695  009.60277938 53 102
112  63.69664982  009.60225800  63.69658698  009.60205681 53 102
111  63.69644803  009.60189951 53
111  63.69473695  009.60366555 53 102
111  63.69495203  009.60466063 53 102
111  63.69533117  009.60424948 53 102
112  63.69546912  009.60482945  63.69547037  009.60520486 53 102
112  63.69549572  009.60677343  63.69549572  009.60713065 53 102
111  63.69542006  009.60734110
111  63.69528957  009.60845722
112  63.69553947  009.60886704  63.69554410  009.60921030
112  63.69557126  009.61145306  63.69557684  009.61176468
111  63.69553779  009.61212323
111  63.69583451  009.61178595
112  63.69570675  009.61126068  63.69569614  009.61099408
112  63.69567455  009.60839061  63.69567609  009.60818692
111  63.69580333  009.60788437
111  63.69612983  009.60653816 53 102
112  63.69586379  009.60630489  63.69577122  009.60604924 53 102
114  63.69583329  009.60501190  63.69584655  009.60472209 53 102
110 1 0.00 64.3600 New Taxiway 7
111  63.68803562  009.61637982
112  63.68817667  009.61670989  63.68821566  009.61687363
112  63.68916447  009.62131097  63.68926565  009.62174328
111  63.68899387  009.62229618
111  63.68702569  009.62717143
111  63.68707247  009.62783073
111  63.68739749  009.63202949
111  63.68737936  009.63267141
111  63.69020541  009.63544307
111  63.69138144  009.63745140
111  63.69165619  009.63663548
111  63.69157744  009.63651240
111  63.69182445  009.63574850
111  63.69157875  009.63532462
111  63.69179098  009.63464441
111  63.69143595  009.63404641
111  63.69133963  009.63433796
112  63.69109846  009.63393538  63.69106536  009.63387839
111  63.69108287  009.63376862
111  63.69300464  009.62807066
112  63.69312679  009.62787166  63.69317905  009.62780377
111  63.69330806  009.62771093
112  63.69589816  009.62607166  63.69598743  009.62599318
111  63.69797528  009.62376668
111  63.69804909  009.62375018
111  63.70073977  009.62440672
112  63.70079688  009.62421501  63.70081364  009.62412713
112  63.70082117  009.62391044  63.70081594  009.62386130
112  63.70079941  009.62378242  63.70079563  009.62373604
111  63.70079337  009.62355671
112  63.70075539  009.62110791  63.70076177  009.62089493
112  63.70127178  009.61697644  63.70128356  009.61689373
111  63.70152219  009.61658464
111  63.70134592  009.61635235
111  63.70115461  009.61641398
112  63.70116682  009.61664399  63.70115438  009.61677840
112  63.70063787  009.62112248  63.70063277  009.62136713
111  63.70067695  009.62368961
112  63.70062155  009.62394976  63.70058368  009.62404157
111  63.70049311  009.62405099
112  63.69995916  009.62392108  63.69991806  009.62391157
111  63.69988882  009.62376783
111  63.69913459  009.62359090
111  63.69912834  009.62370536
111  63.69804169  009.62346568
111  63.69796505  009.62348246
112  63.69612508  009.62548289  63.69605887  009.62554321
112  63.69591463  009.62519677  63.69588723  009.62497797
111  63.69591463  009.62519677
112  63.69591463  009.62519677  63.69590093  009.62508737
112  63.69583459  009.62406033  63.69582708  009.62375327
111  63.69570765  009.61288787
111  63.69560475  009.61274140
111  63.69550815  009.61310264
112  63.69559597  009.61331254  63.69559597  009.61344801
111  63.69571225  009.62428875
112  63.69576389  009.62534458  63.69577060  009.62550457
112  63.69562779  009.62594082  63.69553773  009.62599271
111  63.69327037  009.62742643
112  63.69310323  009.62747966  63.69305255  009.62745822
111  63.69299024  009.62740206
111  63.68975761  009.62222076
112  63.68942283  009.62138967  63.68934058  009.62107829
112  63.68840884  009.61662865  63.68836594  009.61638684
113  63.68844311  009.61593982
111  63.69057797  009.63466905
112  63.69047563  009.63478242  63.69041300  009.63475156
111  63.69039992  009.63454823
111  63.68951098  009.62276048
112  63.68955197  009.62241651  63.68960936  009.62235034
111  63.68966701  009.62243038
111  63.69280679  009.62749163
112  63.69286345  009.62775849  63.69287653  009.62792977
111  63.69284753  009.62807619
111  63.69093315  009.63373555
113  63.69089707  009.63368947
112  63.68764642  009.63238389  63.68755461  009.63213073
111  63.68748574  009.63171647
111  63.68725110  009.62843246
112  63.68723907  009.62761744  63.68725960  009.62720510
111  63.68734012  009.62693262
111  63.68893499  009.62287920
112  63.68912119  009.62263988  63.68921625  009.62261634
112  63.68929696  009.62290012  63.68930855  009.62309627
111  63.69014258  009.63450672
112  63.69007809  009.63478177  63.69001190  009.63486627
111  63.68992001  009.63479440
113  63.68786057  009.63277089
112  63.69107262  009.63446816  63.69109560  009.63450809
111  63.69108286  009.63457826
111  63.69089178  009.63522776
112  63.69083351  009.63526331  63.69081286  009.63523003
112  63.69074964  009.63511387  63.69073119  009.63507667
111  63.69073594  009.63501756
111  63.69096556  009.63434899
114  63.69099860  009.63434902  63.69101245  009.63437423
110 1 0.25 154.0700 xxx
111  63.68673224  009.61681166
111  63.68432165  009.61942622
111  63.68450846  009.62030851
113  63.68690947  009.61763374
110 1 0.25 154.0700 xxx
111  63.71257011  009.58850238
111  63.71087724  009.59034885
111  63.71105475  009.59117345
113  63.71274642  009.58932115
110 1 0.00 0.0000 New Taxiway 37
111  63.69165566  009.62928050
112  63.69210533  009.63001567  63.69215375  009.63010337
111  63.69214213  009.63020698
111  63.69229048  009.62975261
112  63.69218927  009.62976371  63.69213838  009.62969176
113  63.69174140  009.62902325
110 1 0.00 0.0000 New Taxiway 37
111  63.69538802  009.62427836
112  63.69565780  009.62422071  63.69569095  009.62422015
111  63.69571730  009.62431705
111  63.69571140  009.62374497
112  63.69567402  009.62389705  63.69564250  009.62391334
113  63.69537903  009.62395713
110 1 0.00 0.0000 New Taxiway 37
111  63.69156436  009.62717315
112  63.69188589  009.62612286  63.69190670  009.62606462
111  63.69194939  009.62610127
111  63.69174616  009.62576933
112  63.69177243  009.62593900  63.69175805  009.62600435
113  63.69144155  009.62698145
110 1 0.00 0.0000 New Taxiway 37
111  63.68646903  009.62944667
112  63.68711337  009.62918822  63.68714632  009.62917994
111  63.68718612  009.62927617
111  63.68714267  009.62870620
112  63.68709655  009.62887060  63.68706594  009.62889413
113  63.68644585  009.62913450
110 1 0.00 0.0000 New Taxiway 37
111  63.68897360  009.62745597
112  63.68956302  009.62720062  63.68959597  009.62719235
111  63.68961916  009.62729434
111  63.68957851  009.62672437
112  63.68954420  009.62688656  63.68951359  009.62691009
113  63.68894681  009.62712431
110 1 0.00 0.0000 New Taxiway 37
111  63.68671235  009.62774542
112  63.68699666  009.62765715  63.68702961  009.62764888
111  63.68707247  009.62783073
111  63.68702569  009.62717143
112  63.68696607  009.62732901  63.68693546  009.62735254
113  63.68669168  009.62745908
110 1 0.00 0.0000 New Taxiway 37
111  63.68776843  009.62698550
112  63.68754155  009.62655550  63.68751824  009.62650231
111  63.68753918  009.62641071
111  63.68737013  009.62682902
112  63.68744781  009.62678920  63.68747497  009.62682878
113  63.68767270  009.62722412
110 1 0.00 0.0000 New Taxiway 37
111  63.68830325  009.62563542
112  63.68807636  009.62520542  63.68805305  009.62515223
111  63.68807400  009.62506063
111  63.68790494  009.62547894
112  63.68798262  009.62543912  63.68800979  009.62547870
113  63.68820752  009.62587404
110 1 0.00 0.0000 New Taxiway 37
111  63.68914538  009.62554193
112  63.68943560  009.62540698  63.68946855  009.62539871
111  63.68948742  009.62549258
111  63.68944678  009.62493398
112  63.68941246  009.62509616  63.68938185  009.62511970
113  63.68912176  009.62522454
110 1 0.00 0.0000 New Taxiway 37
111  63.68972133  009.63341304
112  63.69001155  009.63327809  63.69004450  009.63326981
111  63.69006337  009.63336368
111  63.69002272  009.63280509
112  63.68998841  009.63296727  63.68995780  009.63299080
113  63.68969771  009.63309565
110 1 0.00 0.0000 New Taxiway 37
111  63.68702945  009.63270239
112  63.68731814  009.63258537  63.68735109  009.63257710
111  63.68737936  009.63267141
111  63.68739749  009.63202949
112  63.68734755  009.63222927  63.68731694  009.63225280
113  63.68699984  009.63241202
110 1 0.00 0.0000 New Taxiway 37
111  63.68692405  009.63088408
112  63.68722558  009.63075645  63.68725853  009.63074818
111  63.68730984  009.63086922
111  63.68726296  009.63026925
112  63.68721349  009.63043387  63.68718288  009.63045741
113  63.68689846  009.63058666
110 1 0.00 0.0000 New Taxiway 37
111  63.68958740  009.63160756
112  63.68987763  009.63147261  63.68991058  009.63146433
111  63.68992944  009.63155820
111  63.68988880  009.63099960
112  63.68985448  009.63116178  63.68982387  009.63118532
113  63.68956378  009.63129017
110 1 0.00 0.0000 New Taxiway 37
111  63.69057540  009.63231027
112  63.69028532  009.63244685  63.69025238  009.63245530
111  63.69023341  009.63236154
111  63.69027467  009.63291991
112  63.69030881  009.63275753  63.69033940  009.63273383
113  63.69059937  009.63262753
110 1 0.00 0.0000 New Taxiway 37
111  63.69134382  009.63127306
112  63.69158709  009.63165480  63.69161244  009.63170299
111  63.69159528  009.63179851
111  63.69174677  009.63134726
112  63.69167102  009.63140284  63.69164237  009.63136899
113  63.69142953  009.63101580
110 1 0.00 0.0000 New Taxiway 37
111  63.69238364  009.62774814
112  63.69254751  009.62719111  63.69256832  009.62713287
111  63.69261101  009.62716952
111  63.69240779  009.62683758
112  63.69243405  009.62700725  63.69241967  009.62707260
113  63.69226779  009.62756037
110 1 0.00 0.0000 New Taxiway 37
111  63.68815215  009.63512097
112  63.68840253  009.63380747  63.68841779  009.63374108
111  63.68847206  009.63373470
111  63.68824989  009.63351625
112  63.68827948  009.63364756  63.68827113  009.63371805
113  63.68800947  009.63499196
110 1 0.00 0.0000 New Taxiway 37
111  63.68968205  009.63575777
112  63.68978934  009.63516895  63.68980461  009.63510256
111  63.68985888  009.63509619
111  63.68963671  009.63487773
112  63.68966629  009.63500905  63.68965795  009.63507954
113  63.68955199  009.63562560
110 1 0.00 0.0000 New Taxiway 37
111  63.68894764  009.63503750
112  63.68905493  009.63444868  63.68907020  009.63438229
111  63.68912446  009.63437591
111  63.68890229  009.63415746
112  63.68893188  009.63428877  63.68892353  009.63435926
113  63.68881758  009.63490533
110 1 0.00 0.0000 New Taxiway 37
111  63.68764413  009.63375889
112  63.68775142  009.63317007  63.68776669  009.63310367
111  63.68782095  009.63309730
111  63.68759878  009.63287885
112  63.68762837  009.63301016  63.68762002  009.63308065
113  63.68751406  009.63362672
110 1 0.00 0.0000 New Taxiway 37
111  63.69099428  009.62550837
112  63.69115815  009.62495134  63.69117896  009.62489310
111  63.69122165  009.62492975
111  63.69101842  009.62459781
112  63.69104469  009.62476748  63.69103031  009.62483283
113  63.69087843  009.62532060
110 1 0.00 0.0000 New Taxiway 37
111  63.69032789  009.62443301
112  63.69049177  009.62387598  63.69051257  009.62381774
111  63.69055527  009.62385439
111  63.69035204  009.62352245
112  63.69037831  009.62369212  63.69036393  009.62375747
113  63.69021204  009.62424524
110 1 0.00 0.0000 New Taxiway 37
111  63.68828874  009.63236477
112  63.68818341  009.63298966  63.68816881  009.63305683
111  63.68812358  009.63304234
111  63.68835428  009.63326489
112  63.68831206  009.63311249  63.68831969  009.63304159
113  63.68842010  009.63249022
110 1 0.00 0.0000 New Taxiway 37
111  63.69083758  009.62302080
112  63.69067630  009.62358167  63.69065577  009.62364040
111  63.69061291  009.62360476
111  63.69081767  009.62393188
112  63.69079061  009.62376284  63.69080469  009.62369715
113  63.69095430  009.62320582
110 1 0.00 0.0000 New Taxiway 37
111  63.69215515  009.62513846
112  63.69199387  009.62569934  63.69197333  009.62575807
111  63.69193047  009.62572242
111  63.69213739  009.62604142
112  63.69210817  009.62588051  63.69212225  009.62581482
113  63.69227186  009.62532348
110 1 0.00 0.0000 New Taxiway 37
111  63.69280266  009.62617920
112  63.69264138  009.62674007  63.69262085  009.62679880
111  63.69257798  009.62676316
111  63.69278490  009.62708215
112  63.69275569  009.62692124  63.69276976  009.62685555
113  63.69291937  009.62636422
110 1 0.00 0.0000 New Taxiway 37
111  63.69394898  009.62620982
112  63.69403435  009.62685006  63.69404093  009.62692338
111  63.69400116  009.62697412
111  63.69424280  009.62682416
112  63.69416950  009.62677042  63.69415639  009.62670372
113  63.69408700  009.62612852
110 1 0.00 0.0000 New Taxiway 37
111  63.69471833  009.62572122
112  63.69480370  009.62636146  63.69481028  009.62643478
111  63.69477052  009.62648552
111  63.69501215  009.62633556
112  63.69493885  009.62628182  63.69492574  009.62621512
113  63.69485635  009.62563992
110 1 0.00 0.0000 New Taxiway 37
111  63.69535951  009.62242512
112  63.69565558  009.62239948  63.69568868  009.62240353
111  63.69569851  009.62250198
111  63.69569683  009.62193768
112  63.69565536  009.62208427  63.69562346  009.62209615
113  63.69535930  009.62210325
110 1 0.00 0.0000 New Taxiway 37
111  63.69532771  009.61876800
112  63.69562378  009.61874236  63.69565688  009.61874640
111  63.69566671  009.61884486
111  63.69566503  009.61828056
112  63.69562356  009.61842715  63.69559166  009.61843903
113  63.69532750  009.61844613
110 1 0.00 0.0000 New Taxiway 37
111  63.69504223  009.62059646
112  63.69559741  009.62057082  63.69565948  009.62057486
111  63.69567791  009.62067331
111  63.69567476  009.62010901
112  63.69559701  009.62025561  63.69553718  009.62026749
113  63.69504184  009.62027459
110 2 0.00 0.0000 New Taxiway 6
111  63.68775992  009.62029865
111  63.68766088  009.62341496
111  63.68792775  009.62347738
112  63.68815653  009.62396295  63.68818921  009.62412701
111  63.68814756  009.62442196
111  63.68841162  009.62415986
111  63.68847250  009.62360007
112  63.68826706  009.62367154  63.68819118  009.62356454
111  63.68812713  009.62335615
113  63.68821300  009.62034474
130 Airport Boundary 1
111  63.71414801  009.61522487
111  63.71269552  009.61307739
111  63.71277064  009.60047521
111  63.71352193  009.59516307
111  63.71181901  009.59245057
111  63.71362210  009.58990746
111  63.71279569  009.58657324
111  63.69807043  009.60251131
111  63.69676819  009.60053395
111  63.69393834  009.60347177
111  63.69403851  009.60691822
111  63.68342030  009.61878266
111  63.68437193  009.62273459
111  63.68647554  009.62013718
111  63.68712666  009.62341235
111  63.68569921  009.62770347
111  63.68630024  009.63397076
111  63.69098327  009.64069137
111  63.69486493  009.62928465
111  63.70130097  009.62544445
111  63.70262825  009.61906073
113  63.71284577  009.61951177
120 Linear Feature 48
111  63.71117492  009.60247750 1
112  63.71146457  009.60251143  63.71151422  009.60250965 1
116  63.71156619  009.60281578  63.71155938  009.60305330
120 Linear Feature 47
112  63.71157694  009.60225104  63.71157362  009.60243418 1
116  63.71146457  009.60251143  63.71140990  009.60250350
120 Linear Feature 46
112  63.71071315  009.59569912  63.71067253  009.59545839 1
116  63.71036631  009.59546807  63.71026556  009.59577893
120 Linear Feature 44
112  63.71064670  009.59461657  63.71054515  009.59488883 1
112  63.71071315  009.59569912  63.71076438  009.59600517 1
112  63.71148703  009.60009665  63.71152703  009.60032390 1
112  63.71159777  009.60092619  63.71159388  009.60122988 1
112  63.71133643  009.61635288  63.71133443  009.61657538 1
112  63.71105721  009.61690774  63.71093706  009.61691440 1
112  63.70702788  009.61656962  63.70686341  009.61654734 1
111  63.70139943  009.61643869 1
112  63.70117931  009.61626868  63.70111868  009.61613762 1
111  63.70003147  009.61385584 1
116  63.69986898  009.61358646  63.69982175  009.61357983
120 Linear Feature 40
112  63.70992037  009.59188864  63.70978749  009.59203633 1
112  63.70982724  009.59270262  63.71000757  009.59298468 1
115  63.71214332  009.59624884
120 Linear Feature 43
112  63.71046980  009.59368989  63.71059301  009.59386864 1
116  63.71059224  009.59478365  63.71048352  009.59512108
120 Linear Feature 42
112  63.70982724  009.59270262  63.70975364  009.59255955 1
116  63.70935924  009.59250434  63.70910805  009.59278323
120 Linear Feature 39
112  63.71099459  009.59352739  63.71092177  009.59381427 1
116  63.71046980  009.59368989  63.71027430  009.59334506
120 Linear Feature 29
111  63.70121052  009.60820542 1
116  63.70099180  009.60885033  63.70085754  009.60899644
120 Linear Feature 28
111  63.70128638  009.60852710 1
116  63.70109271  009.60894168  63.70106143  009.60915652
120 Linear Feature 23
112  63.70212028  009.60761898  63.70203719  009.60771796 1
112  63.70193094  009.60814427  63.70187890  009.60846306 1
111  63.70149025  009.61105978 1
116  63.70121236  009.61224876  63.70104880  009.61245010
120 Linear Feature 22
112  63.70290274  009.60647450  63.70286434  009.60673450 1
112  63.70266585  009.60701359  63.70259225  009.60710587 1
112  63.70037100  009.60953449  63.70030386  009.60962209 1
112  63.70020411  009.61004890  63.70016511  009.61028174 1
112  63.69974970  009.61301592  63.69971923  009.61321359 1
116  63.69942637  009.61349407  63.69926666  009.61346600
120 Linear Feature 21
112  63.70135005  009.60726972  63.70139613  009.60696719 1
116  63.70097466  009.60661903  63.70076825  009.60685088
120 Linear Feature 26
111  63.70091657  009.60925734 3
111  63.70090892  009.60923419 3
112  63.70042361  009.60977386  63.70037920  009.60982999 3
112  63.70031739  009.61013230  63.70029147  009.61028030 3
111  63.69982879  009.61329482 3
112  63.69993547  009.61329538  63.69999044  009.61327279 3
112  63.70030143  009.61291088  63.70034205  009.61285931 3
114  63.70039127  009.61264254  63.70041143  009.61253180 3
120 Linear Feature 25
111  63.70177909  009.60831991 3
111  63.70176394  009.60831268 3
112  63.70130788  009.60880513  63.70124672  009.60887545 3
112  63.70117880  009.60914692  63.70115226  009.60929174 3
111  63.70066628  009.61249920 3
111  63.70068216  009.61252029 3
112  63.70116539  009.61196338  63.70122962  009.61188775 3
114  63.70128247  009.61154248  63.70130701  009.61139482 3
120 Linear Feature 24
111  63.70263154  009.60738791 3
111  63.70261901  009.60737160 3
112  63.70216558  009.60787793  63.70207546  009.60799040
111  63.70216558  009.60787793
112  63.70216558  009.60787793  63.70212052  009.60793417 3
112  63.70204645  009.60820645  63.70201759  009.60840992 3
111  63.70153199  009.61153938 3
111  63.70154951  009.61155494 3
112  63.70198837  009.61107206  63.70205415  009.61099914 3
114  63.70210643  009.61079234  63.70212836  009.61066732 3
120 Linear Feature 20
111  63.70157518  009.60596096 1
112  63.70135005  009.60726972  63.70128808  009.60768527 1
112  63.70113250  009.60869908  63.70109550  009.60890421 1
112  63.70054157  009.61250694  63.70051981  009.61267888 1
116  63.70029248  009.61322788  63.70010596  009.61342504
120 Linear Feature 19
112  63.70305219  009.60546164  63.70311145  009.60503807 1
116  63.70269475  009.60473945  63.70250016  009.60496243
120 Linear Feature 18
112  63.69647768  009.61266379  63.69639935  009.61262566 1
116  63.69646732  009.61155800  63.69672995  009.61128619
120 Linear Feature 17
111  63.70328675  009.60407978 1
112  63.70305219  009.60546164  63.70297811  009.60598665 1
111  63.70220304  009.61101193 1
112  63.70211559  009.61124463  63.70205787  009.61131065 1
112  63.70029248  009.61322788  63.70012452  009.61341286 1
112  63.69986898  009.61358646  63.69973938  009.61356809 1
112  63.69900708  009.61339133  63.69878358  009.61334782 1
112  63.69647768  009.61266379  63.69616842  009.61258544 1
116  63.69550432  009.61261333  63.69534726  009.61278762
120 Linear Feature 16
111  63.70305122  009.60009716 1
116  63.70267920  009.59987014  63.70244890  009.60012378
120 Linear Feature 15
111  63.70369905  009.60307838 1
116  63.70358192  009.60376334  63.70337062  009.60398915
120 Linear Feature 14
112  63.70318236  009.59931056  63.70307850  009.59943038 1
112  63.70305122  009.60009716  63.70310694  009.60035464 1
111  63.70369905  009.60307838 1
116  63.70400904  009.60330558  63.70421793  009.60309116
120 Linear Feature 13
111  63.71060030  009.59120180 1
112  63.71097536  009.59137869  63.71106478  009.59169550 1
112  63.71116157  009.59254073  63.71115258  009.59289044 1
112  63.71099459  009.59352739  63.71086199  009.59394799 1
112  63.70980949  009.59695199  63.70966230  009.59710442 1
111  63.68995014  009.61870079 1
112  63.68900099  009.61970678  63.68882419  009.61985708 1
112  63.68807915  009.61989669  63.68794360  009.61989280 1
112  63.68742069  009.61939299  63.68726874  009.61894390 1
112  63.68697647  009.61751839  63.68689897  009.61714711 1
115  63.68723474  009.61673987
120 Linear Feature 9
112  63.69584043  009.62541021  63.69585292  009.62557131 1
112  63.69612342  009.62567637  63.69624954  009.62553675 1
112  63.69799432  009.62363047  63.69808429  009.62359053 1
112  63.70050984  009.62420501  63.70060243  009.62421134 1
112  63.70073722  009.62379361  63.70073722  009.62351817 1
112  63.70070115  009.62111831  63.70070853  009.62090424 1
112  63.70121960  009.61675883  63.70126080  009.61643663 1
116  63.70143473  009.61643886  63.70151195  009.61643886
120 Linear Feature 17
112  63.69026058  009.63432814  63.69029803  009.63475260 1
116  63.68994233  009.63501117  63.68977249  009.63485396
120 Linear Feature 16
112  63.68939683  009.62273488  63.68936617  009.62240416 1
116  63.68901210  009.62248224  63.68891724  009.62269407
120 Linear Feature 15
112  63.68967782  009.62225764  63.68953985  009.62203933 1
116  63.68939036  009.62265124  63.68941910  009.62297980
120 Linear Feature 14
112  63.68923926  009.62109802  63.68933577  009.62151100 1
112  63.68939227  009.62266853  63.68943997  009.62324134 1
112  63.69025536  009.63428883  63.69027737  009.63449016 1
112  63.69037851  009.63502674  63.69047528  009.63513050 1
116  63.69060517  009.63493526  63.69064829  009.63482069
120 Linear Feature 13
112  63.69289187  009.62745491  63.69297106  009.62758322 1
116  63.69289422  009.62814567  63.69285247  009.62826262
120 Linear Feature 12
111  63.69317937  009.62764077 1
112  63.69289187  009.62745491  63.69278667  009.62727450 1
112  63.68963854  009.62220144  63.68944399  009.62188319 1
116  63.68923926  009.62109802  63.68912959  009.62054276
120 Linear Feature 11
111  63.69612342  009.62567637 1
112  63.69589586  009.62591500  63.69582988  009.62596626 1
115  63.69566491  009.62606790
120 Linear Feature 10
112  63.70118181  009.61627407  63.70123805  009.61638637 1
116  63.70121960  009.61675883  63.70118445  009.61699442
120 Linear Feature 8
111  63.69133807  009.63619586 1
112  63.69121671  009.63658761  63.69119237  009.63667916 1
112  63.69109909  009.63663816  63.69104808  009.63656231 1
112  63.69046802  009.63555277  63.69037444  009.63540335 1
115  63.69015422  009.63522330
120 Linear Feature 7
112  63.69560510  009.60858680  63.69560272  009.60813296 1
116  63.69514221  009.60811876  63.69500997  009.60827421
120 Linear Feature 6
111  63.69573063  009.60379165 1
112  63.69584629  009.60417999  63.69587695  009.60430322 1
116  63.69581814  009.60451061  63.69577790  009.60456899
120 Linear Feature 5
111  63.69604990  009.60319338 1
112  63.69615861  009.60358742  63.69618639  009.60368255 1
116  63.69614760  009.60397554  63.69608245  009.60407715
120 Linear Feature 4
111  63.69640328  009.60270195 1
112  63.69651443  009.60311472  63.69655343  009.60326217 1
111  63.69648965  009.60342705 1
112  63.69570249  009.60470337  63.69565085  009.60479613 1
112  63.69564172  009.60505854  63.69563856  009.60526307 1
112  63.69565031  009.60719201  63.69565158  009.60742510 1
112  63.69560469  009.60774621  63.69559067  009.60790448 1
112  63.69560342  009.60852708  63.69560724  009.60871988 1
111  63.69565031  009.61247444 1
111  63.69565277  009.61317121 1
112  63.69576994  009.62401700  63.69577415  009.62436836 1
112  63.69584043  009.62541021  63.69585586  009.62570460 1
112  63.69566491  009.62606790  63.69554568  009.62614387 1
112  63.69317937  009.62764077  63.69309126  009.62770355 1
112  63.69289422  009.62814567  63.69282002  009.62835755 1
112  63.69053147  009.63514002  63.69043187  009.63541220 1
112  63.69015422  009.63522330  63.69003358  009.63509987 1
112  63.68781535  009.63288625  63.68768151  009.63274359 1
112  63.68753083  009.63233989  63.68746127  009.63213304 1
112  63.68742161  009.63163150  63.68740158  009.63136283 1
112  63.68715264  009.62799708  63.68714210  009.62775458 1
112  63.68718167  009.62739182  63.68720275  009.62721113 1
112  63.68732922  009.62670653  63.68740404  009.62649256 1
112  63.68913233  009.62218646  63.68920993  009.62198817 1
112  63.68927138  009.62168574  63.68929276  009.62147673 1
112  63.68923926  009.62109802  63.68920838  009.62094439 1
112  63.68821271  009.61622175  63.68815896  009.61591028 1
116  63.68845812  009.61542788  63.68859618  009.61528047
21  63.70751605  009.59552624 2 154.0600 3.00 15  PAPI-4L
21  63.69028158  009.61244793 2 334.0800 3.00 33  PAPI-4L
14  63.70448559  009.60976663  98.43 0 ATC Tower
1300  63.69604990  009.60319338 235.67 misc heavy|jets|turboprops|props|helos Ramp
1301 C none 
1300  63.69699111  009.61591949  97.87 misc heavy|jets|turboprops|props|helos Ramp
1301 C none 
1300  63.71222531  009.61225800 -177.97 misc jets|turboprops|props|helos Ramp
1301 C none 
1300  63.71179269  009.61815827 -91.36 misc jets|turboprops|props|helos Ramp
1301 C none 
1300  63.71241044  009.59881406 -155.26 misc jets|turboprops|props|helos Ramp
1301 C none 
1300  63.71099555  009.59975790 -22.82 misc jets|turboprops|props|helos Ramp
1301 C none 
1300  63.70548207  009.60353729 -115.91 misc jets|turboprops|props|helos Ramp
1301 C none 
1300  63.70252714  009.60900565 106.69 misc heavy|jets|turboprops|props|helos Ramp
1301 C none 
1300  63.70161673  009.61000905 106.69 misc heavy|jets|turboprops|props|helos Ramp
1301 C none 
1300  63.70078396  009.61096466 106.69 misc heavy|jets|turboprops|props|helos Ramp
1301 C none 
1300  63.70001470  009.61164952 106.69 misc heavy|jets|turboprops|props|helos Ramp
1301 C none 
1300  63.69651647  009.61577942  97.87 misc heavy|jets|turboprops|props|helos Ramp
1301 C none 
1300  63.68683549  009.63073998 350.99 misc heavy|jets|turboprops|props|helos Ramp
1301 C none 
1300  63.69125634  009.63646212 305.86 misc heavy|jets|turboprops|props|helos Ramp
1301 C none 
1300  63.69748513  009.61608643  97.87 misc heavy|jets|turboprops|props|helos Ramp
1301 C none 
18  63.70390288  009.60175482 4 BCN
19  63.71055315  009.59241882 1 WS
19  63.68737791  009.61560378 1 WS
54 11825 TWR
54 12210 TWR
54 11870 TWR
55 11825 APP
55 12620 ARR
99
