A
1000 Generated by WorldEditor

1    173 1 0 ENRY RYGGE
100 45.11 1 1 0.25 1 3 1 12  59.38373600  010.76625001    0  274 2 0 1 2 30  59.37385000  010.80460301    0  274 3 0 1 0
110 1 0.00 0.0000 Pavement-Main-Apron
111  59.37787111  010.77492878
111  59.37732550  010.77439467
111  59.37377443  010.78784179
113  59.37431682  010.78837241
110 1 0.00 0.0000 New Taxiway 1
111  59.38876475  010.76857414
111  59.38868762  010.76868080
111  59.38852948  010.76863499
111  59.38852915  010.76507611
111  59.38837447  010.76481712
111  59.38847565  010.76453795
111  59.38804502  010.76369645
111  59.38792273  010.76398255
111  59.38791757  010.76438460
111  59.38841742  010.76522599
111  59.38841844  010.76600424
111  59.38840157  010.76603513
111  59.38840158  010.76626887
111  59.38841885  010.76631608
111  59.38842083  010.76782332
111  59.38840348  010.76784957
111  59.38840311  010.76808354
111  59.38842123  010.76813398
111  59.38842214  010.76882727
111  59.38869311  010.76889640
113  59.38875844  010.76899981
110 1 0.00 0.0000 TW-C
111  59.37467304  010.79307701
111  59.37447219  010.79384715
112  59.37463419  010.79376193  59.37466810  010.79378948
112  59.37587071  010.79503550  59.37593267  010.79509977
111  59.37587071  010.79503550
112  59.37587071  010.79503550  59.37594670  010.79511813
111  59.37598132  010.79542470
111  59.37619671  010.79460199
112  59.37595286  010.79466005  59.37587219  010.79459349
111  59.37595286  010.79466005
112  59.37595286  010.79466005  59.37589207  010.79460268
114  59.37473700  010.79339293  59.37469257  010.79334244
110 2 0.00 0.0000 New Taxiway 5
111  59.37919204  010.77474156
111  59.37814683  010.77375549
111  59.37811308  010.77387753
113  59.37916290  010.77485452
110 1 0.25 120.0000 New Taxiway 1
111  59.38199201  010.76497238
111  59.38179061  010.76479008
111  59.37192409  010.80258783
113  59.37214717  010.80277606
110 2 0.00 0.0000 Old-Fuel-Pump
111  59.38317728  010.77823841
111  59.38318723  010.77827264
111  59.38320897  010.77832581
111  59.38333445  010.77813708
113  59.38330827  010.77805871
110 2 0.00 0.0000 RFK-Club
111  59.38313698  010.77832843
111  59.38308306  010.77836108
111  59.38302143  010.77842331
111  59.38298200  010.77853537
111  59.38291009  010.77879030
111  59.38291786  010.77898711
111  59.38295973  010.77918911
111  59.38300894  010.77928441
111  59.38309374  010.77933794
111  59.38314205  010.77931561
111  59.38327375  010.77922461
111  59.38327056  010.77911350
111  59.38333404  010.77897925
111  59.38336481  010.77876222
111  59.38333216  010.77854042
111  59.38328912  010.77844301
113  59.38325312  010.77835813
110 1 0.50 0.0000 RFK-Club
111  59.38322954  010.77775820
111  59.38310275  010.77776964
111  59.38294668  010.77778147
112  59.38304193  010.77794769  59.38305865  010.77806446
112  59.38304911  010.77830177  59.38303053  010.77837475
111  59.38302091  010.77842773
112  59.38313237  010.77833583  59.38316025  010.77833583
111  59.38324134  010.77838613
112  59.38317552  010.77822502  59.38316809  010.77816299
114  59.38317579  010.77795132  59.38317579  010.77784184
110 2 0.00 28.0000 Mil-Heli-1
111  59.37759290  010.79765494
111  59.37739223  010.79742268
111  59.37711922  010.79845161
113  59.37733348  010.79871585
110 2 0.00 28.0000 Mil-Heli-2
111  59.37670167  010.80006537
111  59.37640914  010.80116715
111  59.37666554  010.80140874
113  59.37695059  010.80031886
110 1 0.35 0.0000 TW-T2
111  59.38734064  010.76857633
112  59.38728750  010.76892640  59.38724267  010.76911697
112  59.38718643  010.76918241  59.38717425  010.76920980
111  59.38718643  010.76918241
112  59.38718643  010.76918241  59.38716944  010.76921532
112  59.38703709  010.76934857  59.38696599  010.76935998
112  59.38679642  010.76935848  59.38671125  010.76933210
111  59.38652491  010.76920731
111  59.38644648  010.76950018
111  59.38643966  010.76952706
112  59.38661759  010.76966772  59.38672245  010.76973194
111  59.38661759  010.76966772
112  59.38661759  010.76966772  59.38672115  010.76970865
111  59.38681626  010.76971272
112  59.38704938  010.76967533  59.38718624  010.76962822
111  59.38704938  010.76967533
112  59.38704938  010.76967533  59.38711650  010.76963163
112  59.38729220  010.76941927  59.38739494  010.76923470
111  59.38729220  010.76941927
112  59.38729220  010.76941927  59.38735367  010.76926004
112  59.38739958  010.76906744  59.38744129  010.76893140
111  59.38746944  010.76866654
111  59.38747498  010.76850104
112  59.38748116  010.76827172  59.38748986  010.76823139
111  59.38752831  010.76812785
113  59.38736526  010.76813861
110 1 0.35 350.0000 TW-G
111  59.38399728  010.76665249
111  59.38386132  010.76674794
111  59.38442350  010.76726401
112  59.38439645  010.76700273  59.38445472  010.76694041
111  59.38439645  010.76700273
112  59.38439645  010.76700273  59.38447935  010.76693648
111  59.38482911  010.76675554
111  59.38534897  010.76654474
111  59.38692116  010.76604457
111  59.38716602  010.76601219
112  59.38730396  010.76600329  59.38735674  010.76602842
111  59.38736616  010.76625270
111  59.38736637  010.76543265
112  59.38727401  010.76562083  59.38720842  010.76563025
111  59.38711958  010.76563411
111  59.38678669  010.76565157
111  59.38670328  010.76553139
111  59.38530443  010.76592590
111  59.38525293  010.76613385
111  59.38483900  010.76630113
113  59.38454148  010.76641004
110 1 0.35 120.0000 TW-T
112  59.38604334  010.76990390  59.38597308  010.77019362
112  59.38438582  010.77617995  59.38418701  010.77688471
111  59.38438582  010.77617995
112  59.38438582  010.77617995  59.38415940  010.77692808
112  59.38349327  010.77723401  59.38334417  010.77728822
111  59.38349327  010.77723401
112  59.38349327  010.77723401  59.38324004  010.77732987
111  59.38271845  010.77729005
111  59.38246291  010.77830682
112  59.38297946  010.77778533  59.38329196  010.77783991
111  59.38297946  010.77778533
112  59.38297946  010.77778533  59.38324454  010.77775280
112  59.38378220  010.77753689  59.38408041  010.77730920
111  59.38378220  010.77753689
112  59.38378220  010.77753689  59.38394787  010.77745015
112  59.38449700  010.77654009  59.38474316  010.77584064
111  59.38617943  010.77048669
111  59.38633641  010.76993231
111  59.38644622  010.76950129
113  59.38592716  010.76901786
110 2 0.35 0.0000 GA-Apron
111  59.38751749  010.76552480
111  59.38751533  010.76782769
111  59.38779504  010.76782775
113  59.38779577  010.76552183
110 1 2.00 90.0000 GA-Asphalt
111  59.38736474  010.76813844
111  59.38755274  010.76812551
111  59.38756858  010.76824865
111  59.38764468  010.76830711
111  59.38792840  010.76830104
111  59.38799391  010.76824512
111  59.38801137  010.76810129
111  59.38812276  010.76807979
111  59.38812050  010.76508328
111  59.38806939  010.76487321
111  59.38803092  010.76481242
111  59.38809225  010.76467916
111  59.38801439  010.76454911
111  59.38794547  010.76467757
111  59.38791876  010.76463519
113  59.38736704  010.76463744
111  59.38779496  010.76782778
111  59.38751567  010.76782849
111  59.38751765  010.76552471
113  59.38779575  010.76552166
110 1 0.35 120.0000 TW-S
111  59.37607629  010.80253747
111  59.37619313  010.80257358
112  59.37633826  010.80245144  59.37637659  010.80238039
111  59.37645782  010.80212715
111  59.37659289  010.80153952
111  59.37684828  010.80136759
111  59.37706784  010.80052972
111  59.37701186  010.80004585
111  59.37730542  010.79883460
111  59.37756093  010.79870376
111  59.37775082  010.79796456
111  59.37769693  010.79738185
111  59.38271853  010.77728676
111  59.38245003  010.77704607
111  59.37780899  010.79578969
111  59.37778028  010.79582012
111  59.37776615  010.79587369
111  59.37744650  010.79714161
111  59.37721315  010.79736210
111  59.37699923  010.79827410
111  59.37706271  010.79864727
111  59.37674438  010.79988312
111  59.37650696  010.79998900
111  59.37626736  010.80090875
113  59.37638805  010.80137092
110 4 0.00 0.0000 RFK-Club
111  59.38333313  010.77897946
111  59.38327016  010.77911360
111  59.38327306  010.77922835
111  59.38331942  010.77911569
111  59.38338194  010.77882170
113  59.38336446  010.77875907
110 3 0.00 0.0000 RFK-Club
111  59.38338222  010.77882141
111  59.38334563  010.77898777
111  59.38334122  010.77901510
111  59.38333635  010.77904070
111  59.38327496  010.77922516
111  59.38334919  010.77927425
111  59.38346385  010.77905965
111  59.38353603  010.77880963
111  59.38347314  010.77861300
111  59.38340741  010.77837743
111  59.38332862  010.77852824
111  59.38335706  010.77870655
113  59.38336401  010.77875893
110 1 0.35 0.0000 TW-B
111  59.37965296  010.77395447
111  59.37942974  010.77481197
112  59.37964893  010.77469648  59.37971734  010.77475699
111  59.37964893  010.77469648
112  59.37964893  010.77469648  59.37972107  010.77476224
112  59.38088676  010.77590129  59.38098208  010.77602774
111  59.38088676  010.77590129
112  59.38088676  010.77590129  59.38096920  010.77606820
111  59.38092360  010.77625818
111  59.38112710  010.77546439
112  59.38097019  010.77556876  59.38090320  010.77551818
114  59.37972982  010.77441361  59.37967830  010.77432763
110 1 0.35 205.0000 TW-H
111  59.38370329  010.76725924
112  59.38386238  010.76708177  59.38390105  010.76712040
111  59.38644619  010.76950128
111  59.38652491  010.76920733
112  59.38392158  010.76679096  59.38385458  010.76670568
111  59.38392158  010.76679096
112  59.38392158  010.76679096  59.38389523  010.76657563
113  59.38391303  010.76643582
110 1 0.35 205.0000 TW-A
111  59.38333902  010.76690962
111  59.38349900  010.76628749
112  59.38341689  010.76630131  59.38338243  010.76626973
111  59.38199182  010.76497195
111  59.38180646  010.76568606
112  59.38201593  010.76558442  59.38207575  010.76563818
114  59.38332032  010.76671533  59.38336245  010.76675593
110 1 0.35 0.0000 TW-J
111  59.38131175  010.77654438
111  59.38146149  010.77644099
111  59.38219752  010.77718204
112  59.38229209  010.77738137  59.38230023  010.77751357
111  59.38229209  010.77738137
112  59.38229209  010.77738137  59.38231460  010.77750649
111  59.38225387  010.77784426
111  59.38245108  010.77704112
111  59.38155545  010.77613077
113  59.38149001  010.77584018
110 1 0.25 0.0000 Main-Apron
111  59.37654819  010.77982414
111  59.37488472  010.78606602
111  59.37557161  010.78676275
113  59.37722724  010.78044842
110 1 0.25 0.0000 TW-E
111  59.37728453  010.78205246
112  59.37711420  010.78219151  59.37705713  010.78215734
112  59.37692219  010.78193672  59.37690515  010.78183791
111  59.37689456  010.78171724
111  59.37664984  010.78265041
112  59.37678609  010.78255121  59.37685338  010.78255812
112  59.37698840  010.78269616  59.37701866  010.78275359
113  59.37702978  010.78302840
110 1 0.25 0.0000 TW-F
111  59.37651981  010.78498204
112  59.37632927  010.78531605  59.37627745  010.78530475
112  59.37612863  010.78505066  59.37611366  010.78493311
111  59.37612704  010.78464470
111  59.37579112  010.78592561
112  59.37597545  010.78570232  59.37603073  010.78570930
112  59.37615908  010.78588615  59.37618211  010.78593588
113  59.37619698  010.78621872
110 1 0.35 25.0000 TW-P
111  59.37528515  010.78971711
112  59.37514321  010.78974759  59.37508855  010.78968906
111  59.37514321  010.78974759
112  59.37514321  010.78974759  59.37512113  010.78973458
111  59.37462814  010.78924802
111  59.37460588  010.78874673
111  59.37402455  010.78812525
111  59.37375244  010.78800836
111  59.37335510  010.78953605
111  59.37361822  010.79008673
111  59.37382178  010.79029579
111  59.37392264  010.79013760
111  59.37422135  010.79031194
111  59.37428717  010.79008297
111  59.37472302  010.79046230
111  59.37476166  010.79032211
112  59.37496506  010.79050503  59.37498659  010.79053971
111  59.37496506  010.79050503
112  59.37496506  010.79050503  59.37499761  010.79053971
111  59.37502036  010.79073134
113  59.37514760  010.79024380
110 1 0.00 0.0000 Area-end-30
111  59.37357350  010.80083335
111  59.37273227  010.80230771
111  59.37343965  010.80297654
113  59.37375487  010.80102029
110 1 0.25 207.0000 TW-M
111  59.37635338  010.80148261
112  59.37615205  010.80183384  59.37608376  010.80186329
111  59.37615205  010.80183384
112  59.37615205  010.80183384  59.37606397  010.80181079
111  59.37584959  010.80158266
112  59.37516522  010.80085290  59.37513454  010.80074945
111  59.37516652  010.80038092
111  59.37485771  010.80157334
112  59.37498799  010.80147615  59.37508473  010.80149776
113  59.37609290  010.80252121
110 1 0.25 207.0000 TW-L
111  59.37702309  010.79879984
112  59.37676089  010.79884224  59.37668157  010.79878255
112  59.37597923  010.79809201  59.37593084  010.79803501
111  59.37586746  010.79765686
111  59.37558671  010.79874434
112  59.37584095  010.79863186  59.37591837  010.79868885
112  59.37672251  010.79945376  59.37679787  010.79956017
113  59.37676307  010.79980936
110 1 0.25 207.0000 TW-D
111  59.37387708  010.80361271
112  59.37369769  010.80368130  59.37362441  010.80361031
112  59.37246737  010.80247041  59.37232374  010.80226493
111  59.37237056  010.80191621
111  59.37214844  010.80277482
111  59.37359993  010.80406692
113  59.37372824  010.80419430
110 1 0.25 207.0000 TW-K
111  59.37776154  010.79589357
112  59.37752168  010.79611492  59.37745728  010.79604918
112  59.37672042  010.79526989  59.37667920  010.79517886
111  59.37661266  010.79476695
111  59.37628091  010.79602638
112  59.37656564  010.79587715  59.37664808  010.79590244
112  59.37741727  010.79668518  59.37746106  010.79677621
113  59.37744856  010.79713138
110 1 0.25 117.0000 DeIce-Platform
111  59.37341307  010.79464527
111  59.37281640  010.79719894
111  59.37299424  010.79848893
113  59.37404205  010.79447406
112  59.37367212  010.79511806  59.37362800  010.79531132
111  59.37358348  010.79546604
111  59.37318246  010.79706656
112  59.37301520  010.79746462  59.37299160  010.79728817
111  59.37299360  010.79710244
111  59.37304384  010.79683095
111  59.37346012  010.79513695
113  59.37356259  010.79505969
110 2 0.25 117.0000 FireStation
111  59.38070381  010.78534283
111  59.37973812  010.78921380
111  59.38037193  010.78989746
113  59.38131696  010.78597966
110 2 0.25 207.0000 Vei-Til Brannstasjon
111  59.38030235  010.78571954
111  59.37735253  010.78278800
111  59.37731599  010.78292886
113  59.38027794  010.78581807
130 Airport Boundary 1
111  59.38324917  010.75856169
111  59.38020358  010.76548925
111  59.37858067  010.76922114
111  59.37325986  010.78960844
111  59.37372980  010.79288547
111  59.37127826  010.80205676
111  59.37183566  010.80515998
111  59.37112622  010.80805931
111  59.37394160  010.81073280
111  59.37558741  010.80897101
111  59.37884233  010.80606536
111  59.38357598  010.78357017
111  59.38532002  010.78172087
111  59.38778842  010.77170222
111  59.38875444  010.76940846
113  59.38881883  010.76084112
120 Linear Feature 3
111  59.38132072  010.77652789 1 102
111  59.38146526  010.77642897 1 102
111  59.38220381  010.77717705 1 102
111  59.38225946  010.77724088 1 102
111  59.38228727  010.77731418 1 102
111  59.38229888  010.77738270 1 102
111  59.38230211  010.77749233 1 102
111  59.38229203  010.77762885 1 102
111  59.38227898  010.77772790 1 102
111  59.38226203  010.77782801 1 102
115  59.38030346  010.78571990
120 Linear Feature 2
111  59.38875936  010.76861950 20
111  59.38868334  010.76871354 20
111  59.38852353  010.76866124 20
111  59.38852507  010.76508327 20
111  59.38835836  010.76482102 20
111  59.38846926  010.76453997 20
111  59.38804577  010.76371110 20
111  59.38793353  010.76398976 20
111  59.38792508  010.76437556 20
111  59.38842177  010.76522401 20
111  59.38842177  010.76882111 20
111  59.38869726  010.76890028 20
115  59.38874892  010.76898549
120 Linear Feature 7
111  59.37387598  010.80361279 1 102
111  59.37382423  010.80367769 1 102
111  59.37375356  010.80371618 1 102
111  59.37369870  010.80369023 1 102
111  59.37307755  010.80310084 1 102
111  59.37245876  010.80248454 1 102
111  59.37240706  010.80238048 1 102
111  59.37236388  010.80224094 1 102
111  59.37235202  010.80207940 1 102
111  59.37235720  010.80192775 1 102
111  59.37446630  010.79384431 1 102
111  59.37454671  010.79376965 1 102
111  59.37462894  010.79374368 1 102
111  59.37587394  010.79502518 1 102
111  59.37594344  010.79518032 1 102
115  59.37598246  010.79540773
120 Linear Feature 6
111  59.37735089  010.78278546 1 102
115  59.37942650  010.77481020
120 Linear Feature 5
111  59.37619402  010.79459730 1 102
111  59.37610482  010.79466845 1 102
111  59.37602843  010.79469399 1 102
111  59.37595350  010.79466927 1 102
111  59.37472455  010.79339823 1 102
111  59.37468291  010.79324901 1 102
111  59.37466494  010.79306864 1 102
115  59.37731395  010.78292824
120 Linear Feature 4
111  59.37482004  010.80159217 1 102
111  59.37497707  010.80144003 1 102
111  59.37526709  010.80166563 1 102
111  59.37608702  010.80249413 1 102
111  59.37619906  010.80254878 1 102
111  59.37632759  010.80249631 1 102
111  59.37644900  010.80209889 1 102
111  59.37658620  010.80151567 1 102
111  59.37684771  010.80133029 1 102
111  59.37705287  010.80053633 1 102
111  59.37699762  010.80003048 1 102
111  59.37730295  010.79881685 1 102
111  59.37755747  010.79869327 1 102
111  59.37774093  010.79799618 1 102
111  59.37769905  010.79737973 1 102
115  59.37973125  010.78922225
120 Linear Feature 3
111  59.37558068  010.79874552 1 102
111  59.37569503  010.79863554 1 102
111  59.37583753  010.79861221 1 102
111  59.37673082  010.79944556 1 102
111  59.37677651  010.79959482 1 102
111  59.37677163  010.79979718 1 102
111  59.37673820  010.79988489 1 102
111  59.37650469  010.79998311 1 102
111  59.37626118  010.80092604 1 102
111  59.37638460  010.80137786 1 102
111  59.37635124  010.80147608 1 102
111  59.37626663  010.80171230 1 102
111  59.37615466  010.80185067 1 102
111  59.37584754  010.80159395 1 102
111  59.37516347  010.80088943 1 102
111  59.37514035  010.80060519 1 102
115  59.37515703  010.80038255
120 Linear Feature 2
111  59.37629269  010.79600019 1 102
111  59.37643756  010.79589431 1 102
111  59.37657412  010.79585294 1 102
111  59.37726163  010.79649896 1 102
111  59.37742977  010.79667642 1 102
111  59.37745989  010.79686124 1 102
111  59.37745177  010.79715190 1 102
111  59.37722139  010.79736513 1 102
111  59.37699613  010.79827693 1 102
111  59.37706713  010.79864483 1 102
111  59.37702493  010.79880661 1 102
111  59.37693022  010.79884988 1 102
111  59.37683419  010.79886966 1 102
111  59.37675533  010.79884792 1 102
111  59.37597367  010.79808842 1 102
111  59.37591342  010.79792208 1 102
111  59.37586823  010.79765593 1 102
115  59.37586795  010.79765662
120 Linear Feature 9
111  59.38316808  010.77817825 1 102
111  59.38317157  010.77794919 1 102
111  59.38317859  010.77788769 1 102
111  59.38319791  010.77781696 1 102
111  59.38322833  010.77775440 1 102
111  59.38342090  010.77771397 1 102
111  59.38359708  010.77764456 1 102
111  59.38378122  010.77753696 1 102
111  59.38405141  010.77733865 1 102
111  59.38427362  010.77704116 1 102
111  59.38450089  010.77653545 1 102
111  59.38488642  010.77519354 1 102
111  59.38617912  010.77049364 1 102
111  59.38633040  010.76994003 1 102
111  59.38643825  010.76952033 1 102
111  59.38650961  010.76958427 1 102
111  59.38660782  010.76966361 1 102
111  59.38670745  010.76968803 1 102
111  59.38681209  010.76970482 1 102
111  59.38693660  010.76969497 1 102
111  59.38699881  010.76967860 1 102
111  59.38707122  010.76964941 1 102
111  59.38718731  010.76955927 1 102
111  59.38729338  010.76939859 1 102
111  59.38740695  010.76901766 1 102
111  59.38744238  010.76883269 1 102
111  59.38746474  010.76866967 1 102
111  59.38746978  010.76850419 1 102
111  59.38747600  010.76827850 1 102
111  59.38748940  010.76821936 1 102
115  59.38752888  010.76812160
120 Linear Feature 8
111  59.38737192  010.76541652 1 102
111  59.38734842  010.76553804 1 102
111  59.38730937  010.76561047 1 102
111  59.38727699  010.76562359 1 102
111  59.38678665  010.76565496 1 102
111  59.38670311  010.76553579 1 102
111  59.38530890  010.76592957 1 102
111  59.38525515  010.76613940 1 102
111  59.38484100  010.76630889 1 102
111  59.38454296  010.76641858 1 102
115  59.38399786  010.76666602
120 Linear Feature 11
111  59.37428806  010.79007453 1 102
111  59.37472290  010.79045914 1 102
111  59.37476107  010.79032185 1 102
111  59.37496819  010.79050002 1 102
111  59.37500963  010.79062932 1 102
111  59.37502511  010.79072094 1 102
111  59.37404336  010.79447952 1 102
111  59.37341593  010.79464466 1 102
111  59.37282138  010.79720046 1 102
111  59.37299968  010.79848569 1 102
111  59.37193458  010.80258287 1 102
115  59.37372898  010.80418278
120 Linear Feature 9
111  59.38070422  010.78534127 1 102
111  59.38246385  010.77828895 1 102
111  59.38253899  010.77811890 1 102
111  59.38263017  010.77796602 1 102
111  59.38269289  010.77789797 1 102
111  59.38275157  010.77784437 1 102
111  59.38284664  010.77779066 1 102
111  59.38294669  010.77777700 1 102
111  59.38297720  010.77780115 1 102
111  59.38300164  010.77783290 1 102
111  59.38302467  010.77787414 1 102
111  59.38304271  010.77793101 1 102
111  59.38305768  010.77806972 1 102
115  59.38306065  010.77818058
120 Linear Feature 8
111  59.38349580  010.76628527 1 102
111  59.38339980  010.76627480 1 102
115  59.38179205  010.76479828
120 Linear Feature 7
111  59.37965189  010.77395151 1 102
111  59.38180529  010.76568135 1 102
111  59.38185197  010.76562849 1 102
111  59.38195415  010.76556591 1 102
111  59.38201760  010.76557539 1 102
111  59.38331455  010.76672832 1 102
115  59.38333173  010.76693067
120 Linear Feature 6
111  59.38112150  010.77547885 1 102
111  59.38108297  010.77553383 1 102
111  59.38104334  010.77557702 1 102
111  59.38100553  010.77558633 1 102
111  59.38097008  010.77557481 1 102
111  59.38026048  010.77495198 1 102
111  59.37972542  010.77442411 1 102
111  59.37969511  010.77433120 1 102
111  59.37966931  010.77417484 1 102
115  59.37965225  010.77396137
120 Linear Feature 5
111  59.37942609  010.77481079 1 102
111  59.37946623  010.77476433 1 102
111  59.37952053  010.77471829 1 102
111  59.37959624  010.77467543 1 102
111  59.37965566  010.77468726 1 102
111  59.38088959  010.77589906 1 102
111  59.38093174  010.77603477 1 102
111  59.38093969  010.77614350 1 102
115  59.38092645  010.77625582
120 Linear Feature 3
111  59.37612626  010.78462437 1 102
111  59.37664410  010.78265399 1 102
111  59.37669308  010.78258352 1 102
111  59.37677156  010.78253078 1 102
111  59.37684699  010.78254859 1 102
111  59.37694353  010.78262554 1 102
111  59.37699626  010.78268856 1 102
111  59.37702891  010.78289272 1 102
111  59.37703431  010.78302959 1 102
111  59.37652439  010.78498510 1 102
111  59.37645119  010.78516981 1 102
111  59.37639149  010.78526921 1 102
111  59.37632798  010.78532767 1 102
111  59.37624521  010.78527589 1 102
111  59.37615998  010.78515884 1 102
111  59.37612927  010.78505580 1 102
113  59.37611643  010.78485789 1 102
120 Linear Feature 4
111  59.38027834  010.78582171 1 102
111  59.37781817  010.79578294 1 102
111  59.37778797  010.79583622 1 102
111  59.37776533  010.79590229 1 102
111  59.37767676  010.79603963 1 102
111  59.37759096  010.79612615 1 102
111  59.37751592  010.79612867 1 102
111  59.37714085  010.79574922 1 102
111  59.37671040  010.79527894 1 102
111  59.37664771  010.79500722 1 102
115  59.37661510  010.79476982
120 Linear Feature 3
111  59.38179179  010.76479321 1 102
111  59.37728749  010.78205540 1 102
111  59.37720689  010.78216888 1 102
111  59.37713166  010.78221195 1 102
111  59.37700261  010.78210693 1 102
111  59.37693909  010.78201370 1 102
111  59.37690855  010.78189785 1 102
111  59.37689252  010.78172483 1 102
111  59.37722639  010.78045222 1 102
111  59.37654829  010.77982752 1 102
111  59.37488478  010.78606819 1 102
111  59.37557159  010.78676543 1 102
111  59.37579118  010.78591805 1 102
111  59.37583708  010.78583273 1 102
111  59.37590868  010.78573663 1 102
111  59.37597546  010.78568910 1 102
111  59.37607328  010.78575728 1 102
111  59.37616487  010.78587408 1 102
111  59.37619269  010.78606339 1 102
111  59.37620247  010.78621125 1 102
111  59.37528654  010.78972385 1 102
111  59.37524359  010.78976103 1 102
111  59.37518991  010.78978109 1 102
111  59.37514337  010.78975458 1 102
115  59.37462455  010.78924794
120 Linear Feature 2
111  59.38373579  010.76720911 1 102
111  59.38386114  010.76707261 1 102
111  59.38393678  010.76714898 1 102
111  59.38593128  010.76900806 1 102
111  59.38599172  010.76922940 1 102
111  59.38604913  010.76951619 1 102
111  59.38606468  010.76971229 1 102
111  59.38605428  010.76989139 1 102
111  59.38439325  010.77617817 1 102
111  59.38431204  010.77640298 1 102
111  59.38419386  010.77663712 1 102
111  59.38405671  010.77682618 1 102
111  59.38392529  010.77697530 1 102
111  59.38373133  010.77712661 1 102
111  59.38357791  010.77721233 1 102
111  59.38336711  010.77727711 1 102
111  59.38315344  010.77731023 1 102
111  59.38272379  010.77730559 1 102
111  59.38244378  010.77705422 1 102
111  59.38155007  010.77612510 1 102
115  59.38148283  010.77582810
120 Linear Feature 1
111  59.38441041  010.76725508 1 102
111  59.38436516  010.76712585 1 102
111  59.38438345  010.76699356 1 102
111  59.38478505  010.76679128 1 102
111  59.38531417  010.76657537 1 102
111  59.38687534  010.76607982 1 102
111  59.38716389  010.76600228 1 102
111  59.38730373  010.76599091 1 102
111  59.38735659  010.76607865 1 102
111  59.38737097  010.76622670 1 102
111  59.38736755  010.76813401 1 102
111  59.38734480  010.76857689 1 102
111  59.38732553  010.76874625 1 102
111  59.38729699  010.76892513 1 102
111  59.38726103  010.76904682 1 102
111  59.38719909  010.76918434 1 102
111  59.38716383  010.76924041 1 102
111  59.38711821  010.76931094 1 102
111  59.38704017  010.76936032 1 102
111  59.38692572  010.76937744 1 102
111  59.38679605  010.76936820 1 102
111  59.38666630  010.76930676 1 102
113  59.38652349  010.76921765 1 102
120 Hold-C-12-30
111  59.37584010  010.79454686 4 103
115  59.37574356  010.79488659
120 Holding-D-30
111  59.37306802  010.80309908 4 103
115  59.37296367  010.80350086
120 Linear Feature 61
111  59.37504889  010.78968100 20
115  59.37487014  010.79038678
120 Linear Feature 50
111  59.37666423  010.79878143 2
115  59.37654243  010.79924036
120 Linear Feature 49
111  59.37738580  010.79599981 2
115  59.37725841  010.79649498
120 Linear Feature 48
111  59.37674436  010.79598785 4 103
115  59.37688189  010.79549249
120 Linear Feature 47
111  59.37601908  010.79877111 4 103
115  59.37615475  010.79827823
120 Linear Feature 42
111  59.37528991  010.80171510 4
115  59.37543429  010.80118104
120 Linear Feature 35
111  59.38169450  010.77667150 4 103
115  59.38177642  010.77636163
120 Linear Feature 25
111  59.38428874  010.76748082 4
115  59.38436242  010.76721930
120 Linear Feature 24
111  59.38459249  010.76686978 4
115  59.38454278  010.76643723
120 Linear Feature 21
111  59.38305172  010.76597929 4 103
115  59.38296488  010.76636232
120 Linear Feature 11
111  59.38080580  010.77542604 4
115  59.38073053  010.77573058
21  59.38313789  010.77005202 2 117.0000 3.0 12  PAPI-4L
21  59.37470705  010.79962847 2 300.0000 3.0 30  PAPI-4L
20  59.37614296  010.78462844 30.0000 0 2 {@Y}{^u}S{@L}F
20  59.37690910  010.78172356 30.0000 0 2 {@Y}{^u}S{@L}E
20  59.37550685  010.78990434 120.0000 0 3 {@Y}{^r}P
20  59.37500042  010.79075556 300.0000 0 2 {@Y}{^l}P
20  59.37616485  010.79824581 210.0000 0 2 {@L}L{@R}30{@@}{@L}L
20  59.37600770  010.79880791 205.0000 0 2 {@L}L{@R}30{@@}{@L}L
20  59.38727782  010.76560065 360.0000 0 2 {@Y}GA-APRON
20  59.37760495  010.78188031 120.0000 0 2 {@L}Y{@Y}{^r}E
20  59.37700344  010.78307587 300.0000 0 2 {@Y}{^l}E
20  59.37670890  010.78530180 120.0000 0 2 {@Y}{^r}F
20  59.38811450  010.76526952 360.0000 0 3 {@Y}HANGAR-ALFA
20  59.38811857  010.76708097 360.0000 0 3 {@Y}HANGAR-BRAVO
20  59.38736133  010.76814548 270.0000 0 2 {@Y}GA-APRON
20  59.38330129  010.77779471 141.8300 0 2 {@Y}FLYKLUBB
20  59.38293042  010.77781827 49.6000 0 2 {@Y}FLYKLUBB
20  59.37274046  010.80131600 117.0000 0 3 {@Y}{^r}D{@L}Y
20  59.37431147  010.80164285 300.0000 0 2 {@Y}{^r}M
20  59.37498204  010.79886036 300.0000 0 3 {@Y}{^r}L
20  59.37579023  010.79569792 300.0000 0 2 {@Y}{^l}C{@Y}{^r}K
20  59.37584552  010.79450152 360.0000 0 3 {@L}C{@R}30
20  59.37571990  010.79494062 40.0000 0 2 {@L}C
20  59.37447522  010.79394577 300.0000 0 3 {@L}Y{@Y}{^r}C
20  59.37296201  010.79853940 300.0000 0 2 {@Y}{^u}DEICE
20  59.37429202  010.79462276 120.0000 0 3 {@Y}{^r}DEICE
20  59.37475559  010.79286068 117.0000 0 3 {@L}Y{@Y}{^l}C
20  59.37304795  010.80290213 10.0000 0 2 {@L}D{@R}30-CAT{r2}/{r3}
20  59.37285931  010.80365842 30.0000 0 3 {@L}D
20  59.38113064  010.77501905 120.0000 0 2 {@Y}{^r}B
20  59.38080310  010.77630498 300.0000 0 2 {@Y}{^l}B
20  59.38165581  010.77560670 120.0000 0 3 {@Y}{^l}J
20  59.38221439  010.77798971 300.0000 0 2 {@L}S{@Y}{^l}J{@Y}{^r}T
20  59.38645441  010.76957949 180.0000 0 2 {@Y}{^l}T
20  59.38268271  010.77794974 170.0000 0 3 {@L}T{@Y}{^l}S{@Y}{^u}J
20  59.38139668  010.77663841 300.0000 0 3 {@Y}{^r}J
20  59.37689951  010.79545159 214.0000 0 2 {@L}K{@R}30{@@}{@L}K
20  59.37673546  010.79603070 204.0000 0 2 {@L}K{@R}30{@@}{@L}K
20  59.38178512  010.77633211 210.0000 0 3 {@R}12-30{@@}{@L}J
20  59.38168774  010.77668836 195.0000 0 3 {@L}J{@R}12-30{@@}{@L}J
20  59.38071756  010.77575984 40.0000 0 2 {@L}B
20  59.38080824  010.77538769 360.0000 0 2 {@R}12
20  59.37972926  010.77368557 300.0000 0 2 {@L}Y{@@}{@L}Y{@Y}{^l}B
20  59.37940284  010.77496702 117.0000 0 3 {@L}Y{@@}{@L}Y{@Y}{^r}B
20  59.37833253  010.77917616 120.0000 0 3 {@L}Y
20  59.37617837  010.78624548 295.1800 0 3 {@L}Y{@Y}{^l}F
20  59.37447725  010.79027526 210.0000 0 2 {@Y}MAINTAINANCE{@@}{@Y}MAINTAINANCE
20  59.37512619  010.78971824 10.0000 0 3 {@Y}{^l}S{@L}P{@Y}{^r}S
20  59.37468064  010.78928666 10.0000 0 2 {@L}P
20  59.38453573  010.76625175 350.0000 0 3 {@L}G{@@}{@Y}{^l}H{@L}G{@Y}{^r}{@R}12{@Y}{^r}{@Y}A
20  59.38427551  010.76749989 25.0000 0 3 {@Y}{^lu}G{@L}H{@@}{safety}{@R}12{@L}H{@Y}{^rd}G
20  59.38308100  010.76592409 10.0000 0 2 {@Y}{safety}{@R}12
20  59.38321091  010.76664969 200.0000 0 3 {@L}A
20  59.38176314  010.76590974 116.0000 0 3 {@L}Y{@@}{@L}Y{@Y}{^r}A
14  59.37803766  010.77385629  82.02 0 New Tower Viewpoint 11
1300  59.37378155  010.78941778  28.00 hangar turboprops Maintainance-2
1300  59.37396016  010.78871574  30.00 hangar turboprops Maintainance-1
1300  59.38773482  010.76634728   0.00 tie_down props New Ramp Start 16
1300  59.38773297  010.76602653   0.00 tie_down props Guest-GA-2
1300  59.38773482  010.76569485   0.00 tie_down props Guest-GA-1
1300  59.38773297  010.76669355   0.00 tie_down props GA-4
1300  59.38774225  010.76701794   0.00 tie_down props GA-3
1300  59.38773668  010.76735327   0.00 tie_down props GA-2
1300  59.38774039  010.76766673   0.00 tie_down props GA-1
1300  59.37522782  010.78554994 210.00 misc heavy Stand-7
1300  59.37543748  010.78477700 210.00 misc heavy Stand-6
1300  59.37564812  010.78406510 210.00 misc heavy Stand-5
1300  59.37585854  010.78318468 210.00 gate heavy Stand-4
1300  59.37604912  010.78247900 210.00 gate heavy Stand-3
1300  59.37628221  010.78166165 210.00 gate heavy Stand-2
1300  59.37647631  010.78093693 -151.12 gate heavy Stand-1
18  59.38014815  010.78499675 1 BCN
19  59.38449674  010.76855796 1 WS
19  59.37380131  010.80048720 1 WS
50 13617 RyggeInformation
54 11950 Rygge Tower
55 12210 APP
55 12435 Farris
55 12030 ARRIVAL
1200 
1201  59.37298636  010.80327389 both 0 N_stop
1201  59.37208800  010.80238494 both 1 N_stop
1201  59.38297753  010.76611411 both 2 N_stop
1201  59.38183680  010.76509434 both 3 N_stop
1201  59.37645265  010.78576640 both 4 N_stop
1201  59.37589365  010.78435221 both 5 N_stop
1201  59.37569636  010.78414097 both 6 N_start
1201  59.37634051  010.78616904 both 7 N_stop
1201  59.37557609  010.78498593 both 8 N_start
1201  59.37575614  010.78511506 both 9 N_start(split)
1201  59.37642129  010.78585944 both 10 N_start(split)
1201  59.38463624  010.76663306 both 11 N_stop
1201  59.38734052  010.76575034 both 12 N_start
1201  59.38437576  010.76737691 both 13 N_stop
1201  59.38646145  010.76932548 both 14 N_stop
1201  59.38690340  010.76950816 both 15 N_stop
1201  59.38708173  010.76940160 both 16 N_stop
1201  59.38724455  010.76920370 both 17 N_stop
1201  59.38738412  010.76865566 both 18 N_stop
1201  59.38742288  010.76801628 both 19 N_start
1202 8 9 oneway taxiway N
1202 9 10 oneway taxiway N
1202 1 0 oneway runway 12/30
1202 7 1 oneway taxiway N
1202 3 2 oneway runway 12/30
1202 4 3 oneway taxiway N
1202 9 4 oneway taxiway N
1202 5 9 oneway taxiway N
1202 6 5 oneway taxiway N
1202 8 10 oneway taxiway N
1202 10 7 oneway taxiway N
1202 12 11 twoway runway 12/30
1202 14 13 oneway runway 12/30
1202 15 14 oneway taxiway N
1202 16 15 oneway taxiway N
1202 17 16 oneway taxiway N
1202 18 17 oneway taxiway N
1202 19 18 oneway taxiway N
99
