I
1100 Generated by WorldEditor

1     32 0 0 ENSA Svea
1302 city Svea
1302 country Norway
1302 datum_lat 77.896944444
1302 datum_lon 16.725
1302 faa_code 
1302 iata_code 
1302 icao_code ENSA
1302 region_code EN
1302 state Svalbard
1302 transition_alt 5000
1302 transition_level 
100 30.00 5 0 0.25 0 1 0 04 77.89398366 016.71205812 0 0 1 0 0 0 22 77.89919359 016.73575524 0 0 1 0 0 0
110 1 5.00 311.8223 Apron
111  77.89634892  016.71951592 106
112  77.89648311  016.71957061  77.89654907  016.71979724
112  77.89691387  016.72151364  77.89695437  016.72170153 106
111  77.89691934  016.72217036
111  77.89695347  016.72236002
111  77.89699198  016.72250155 106
112  77.89705406  016.72256179  77.89708249  016.72268903 106
112  77.89713368  016.72295437  77.89715954  016.72308830
112  77.89721754  016.72290645  77.89723477  016.72275074
112  77.89729415  016.72200442  77.89728962  016.72180546
112  77.89720833  016.72101042  77.89717840  016.72087634
112  77.89698111  016.72000304  77.89694030  016.71987328
112  77.89686904  016.71987205  77.89684069  016.71981466
112  77.89656323  016.71883850  77.89652016  016.71870945 106
112  77.89638748  016.71877437  77.89633398  016.71889344 106
111  77.89628129  016.71914636
113  77.89631002  016.71934602
110 5 20.00 313.8600 Entry W
111  77.89632640  016.71923510
111  77.89628129  016.71914636 102
111  77.89612302  016.71992230
112  77.89612302  016.71992230  77.89607869  016.72013574 102
111  77.89593921  016.72006227
111  77.89584840  016.71990132
111  77.89622240  016.72164235
111  77.89618304  016.72117347 102
112  77.89620141  016.72020446  77.89624969  016.71992664 102
113  77.89634892  016.71951592
110 5 20.00 313.9700 Entry E
111  77.89691934  016.72217036 102
112  77.89677188  016.72290314  77.89672011  016.72313357 102
111  77.89659206  016.72304483
111  77.89650487  016.72293136
111  77.89687387  016.72467556
111  77.89683343  016.72413839 102
112  77.89684767  016.72320921  77.89689447  016.72294639 102
111  77.89699198  016.72250155
113  77.89696955  016.72224311
130 Airport Boundary
111  77.89728119  016.71821352
111  77.89654281  016.71716985
111  77.89598213  016.71782634
111  77.89387073  016.70714053
111  77.89184479  016.70691459
111  77.89088341  016.71100548
111  77.89523682  016.73156790
111  77.89703205  016.72884715
111  77.89975704  016.74122342
111  77.90056458  016.74109307
111  77.90061573  016.73854461
111  77.89947332  016.73276167
111  77.90023951  016.72497376
113  77.89916325  016.71944395
14  77.89706722  016.72033855  98.43 0 Tower Viewpoint
1300  77.89702488  016.72124315  44.01 tie_down turboprops|props|helos Ramp Start
1301 C none 
18  77.89720982  016.71843539 1 BCN
19  77.89447982  016.71141281 1 WS
19  77.89858156  016.73480819 1 WS
1200 
1201  77.89917215  016.73566374 both 0 A_stop
1201  77.89398787  016.71209009 both 1 A_start
1201  77.89696679  016.72232845 both 2 A_stop
1201  77.89631312  016.71930059 both 3 A_stop
1201  77.89596827  016.72105786 both 4 unnamed entity(split)
1201  77.89662341  016.72407057 both 5 unnamed entity(split)
1201  77.89604140  016.72063974 both 6 unnamed entity(split)
1201  77.89704343  016.72192217 both 7 A_stop
1201  77.89703213  016.72127542 both 8 A_stop
1201  77.89681032  016.72030496 both 9 A_stop
1201  77.89651152  016.71909702 both 10 A_stop
1202 1 4 twoway runway 04/22
1204 departure 04,22
1204 arrival 04,22
1204 ils 04,22
1202 4 5 twoway runway 04/22
1204 departure 04,22
1204 arrival 04,22
1204 ils 04,22
1202 5 0 twoway runway 04/22
1204 departure 04,22
1204 arrival 04,22
1204 ils 04,22
1202 2 5 oneway taxiway_B A
1204 departure 04,22
1204 arrival 04,22
1202 4 6 oneway taxiway_B A
1204 departure 04,22
1204 arrival 04,22
1202 6 3 oneway taxiway_B A
1204 departure 04,22
1204 arrival 04,22
1202 7 2 oneway taxiway_B A
1202 8 7 oneway taxiway_B A
1202 9 8 oneway taxiway_B A
1202 10 9 oneway taxiway_B A
1202 3 10 oneway taxiway_B A
99
