I
1000 Generated by WorldEditor

1     87 1 0 ENSB Svalbard Longyear
100 45.00 1 0 0.00 1 2 0 10  78.24916261  015.41135467  217    0 3 10 0 0 28  78.24328633  015.51631885  120    0 3 10 0 0
110 5 0.00 0.0000 New Taxiway 14
111  78.24786824  015.42941747
111  78.24713609  015.42844081
111  78.24708392  015.42837340
111  78.24705646  015.42836532
111  78.24704108  015.42834914
111  78.24702680  015.42832487
111  78.24702680  015.42824938
111  78.24703449  015.42817658
111  78.24704383  015.42810378
111  78.24704657  015.42797166
111  78.24705261  015.42787999
111  78.24705865  015.42782876
111  78.24705646  015.42777214
111  78.24707843  015.42762923
111  78.24709325  015.42753486
111  78.24713005  015.42741893
111  78.24715147  015.42734882
111  78.24717179  015.42721131
111  78.24719541  015.42704684
111  78.24721957  015.42677991
111  78.24725088  015.42635120
111  78.24724374  015.42626222
111  78.24724484  015.42617055
111  78.24725582  015.42618133
111  78.24726736  015.42613549
111  78.24726077  015.42604652
111  78.24727120  015.42590901
111  78.24728273  015.42568791
111  78.24729317  015.42556388
111  78.24730690  015.42542637
111  78.24731569  015.42521876
111  78.24730855  015.42511361
111  78.24729701  015.42505968
111  78.24728658  015.42507586
111  78.24728109  015.42504350
111  78.24728548  015.42501384
111  78.24728878  015.42497070
111  78.24727560  015.42496261
111  78.24725088  015.42496801
111  78.24723770  015.42491408
111  78.24719350  015.42484749
111  78.24718223  015.42490869
111  78.24716355  015.42493026
111  78.24714619  015.42484333
111  78.24712726  015.42489245
111  78.24711496  015.42485673
111  78.24711193  015.42473343
111  78.24709435  015.42460131
111  78.24706799  015.42461479
111  78.24704987  015.42456896
111  78.24703504  015.42465524
111  78.24701252  015.42461479
111  78.24699444  015.42468548
111  78.24698025  015.42476309
111  78.24697958  015.42493190
111  78.24697133  015.42522415
111  78.24695375  015.42533200
111  78.24694167  015.42570139
111  78.24694771  015.42577419
111  78.24694362  015.42595543
111  78.24692904  015.42614897
111  78.24693175  015.42635904
111  78.24694057  015.42655880
111  78.24690268  015.42699828
111  78.24688730  015.42707378
111  78.24687961  015.42718702
111  78.24688883  015.42735983
111  78.24688906  015.42748797
111  78.24687954  015.42756571
111  78.24686859  015.42766407
111  78.24685704  015.42782996
111  78.24686579  015.42790849
111  78.24688059  015.42791901
111  78.24689092  015.42791247
111  78.24694826  015.42798240
111  78.24693916  015.42825472
111  78.24693394  015.42834677
111  78.24692091  015.42842466
111  78.24690364  015.42845894
111  78.24687089  015.42843965
111  78.24685844  015.42830989
111  78.24683359  015.42831275
111  78.24682743  015.42840301
111  78.24681425  015.42869690
111  78.24681520  015.42890707
111  78.24683002  015.42918266
111  78.24685489  015.42940330
111  78.24693453  015.42972957
111  78.24695913  015.42971763
111  78.24697737  015.42965677
111  78.24703143  015.42859398
111  78.24703980  015.42853465
111  78.24705446  015.42851596
111  78.24708007  015.42853243
113  78.24785976  015.42956905
110 2 0.00 105.0000 concrete_layer1
111  78.24694813  015.49405175
111  78.24699189  015.49327422
112  78.24699189  015.49327422  78.24702550  015.49267375
112  78.24697076  015.49195668  78.24698525  015.49137190
111  78.24697076  015.49195668
111  78.24698481  015.49137811
111  78.24695786  015.49136347
111  78.24694455  015.49191672
112  78.24694455  015.49191672  78.24692910  015.49257557
112  78.24696328  015.49325550  78.24693200  015.49383560
111  78.24696328  015.49325550
113  78.24692142  015.49401688
110 2 0.00 105.0000 concrete_layer2
111  78.24685984  015.49513691
112  78.24685984  015.49513691  78.24692299  015.49518287
112  78.24690730  015.49477731  78.24691848  015.49458063
111  78.24690730  015.49477731
111  78.24693181  015.49434167
113  78.24690546  015.49430725
110 2 0.00 105.0000 concrete_layer3
111  78.24705722  015.49352853
112  78.24705722  015.49352853  78.24706532  015.49338441
112  78.24704325  015.49341045  78.24703906  015.49348501
111  78.24704325  015.49341045
111  78.24700062  015.49417858
113  78.24701890  015.49420427
110 2 0.00 105.0000 concrete_layer4
111  78.24699085  015.49434560
111  78.24697491  015.49465107
111  78.24697693  015.49475023
112  78.24697693  015.49475023  78.24697737  015.49476950
112  78.24698722  015.49474661  78.24698989  015.49470283
111  78.24698722  015.49474661
113  78.24700913  015.49437136
110 1 0.00 105.0000 Street
111  78.24614638  015.50133535
111  78.24607029  015.50286147
111  78.24601064  015.50347639
111  78.24639056  015.50162439
111  78.24634805  015.50156427
111  78.24641422  015.50041108
111  78.24644109  015.49982886
111  78.24647117  015.49915455
111  78.24648759  015.49848045
111  78.24690006  015.49902049
111  78.24702174  015.49667604
112  78.24702174  015.49667604  78.24703346  015.49644838
112  78.24699690  015.49596571  78.24694942  015.49577444
111  78.24699690  015.49596571
112  78.24699690  015.49596571  78.24698242  015.49590438
112  78.24699976  015.49584648  78.24701942  015.49584430
111  78.24699976  015.49584648
112  78.24699976  015.49584648  78.24702589  015.49584774
112  78.24712053  015.49642109  78.24717305  015.49680230
112  78.24716326  015.49753896  78.24714311  015.49785645
111  78.24716326  015.49753896
112  78.24716326  015.49753896  78.24709236  015.49851685
112  78.24701718  015.50061812  78.24699778  015.50127041
112  78.24692251  015.50187912  78.24688125  015.50212589
111  78.24692251  015.50187912
111  78.24621602  015.50618855
112  78.24554342  015.51109348  78.24533493  015.51315646
111  78.24554342  015.51109348
111  78.24559195  015.51121947
112  78.24559195  015.51121947  78.24580852  015.50902860
111  78.24625945  015.50636898
111  78.24747884  015.49904447
112  78.24747884  015.49904447  78.24772562  015.49757238
112  78.24769732  015.49364102  78.24759939  015.49161831
111  78.24769732  015.49364102
111  78.24745017  015.48865008
112  78.24745017  015.48865008  78.24742968  015.48824413
112  78.24738067  015.48804966  78.24734991  015.48799981
111  78.24738067  015.48804966
113  78.24692878  015.48735991
111  78.24713085  015.50061969
112  78.24713085  015.50061969  78.24711959  015.50068663
112  78.24706839  015.50051180  78.24707432  015.50038755
111  78.24706839  015.50051180
112  78.24716893  015.49850360  78.24721033  015.49823559
112  78.24734549  015.49666001  78.24737345  015.49570404
111  78.24734549  015.49666001
112  78.24734549  015.49666001  78.24735377  015.49633189
111  78.24738666  015.49635652
111  78.24736071  015.49699029
112  78.24736071  015.49699029  78.24734468  015.49734857
112  78.24722811  015.49831154  78.24714627  015.49873009
111  78.24722811  015.49831154
112  78.24722811  015.49831154  78.24736422  015.49826707
112  78.24741807  015.49886310  78.24740045  015.49914164
113  78.24741807  015.49886310
112  78.24723441  015.49726382  78.24724098  015.49715574
111  78.24723441  015.49726382
112  78.24723441  015.49726382  78.24729613  015.49628479
112  78.24703911  015.49486757  78.24707910  015.49414323
111  78.24703911  015.49486757
111  78.24706297  015.49444048
111  78.24708531  015.49446922
112  78.24720692  015.49327107  78.24721358  015.49319012
111  78.24720692  015.49327107
112  78.24720692  015.49327107  78.24721227  015.49321498
112  78.24722421  015.49326506  78.24722282  015.49329851
111  78.24722421  015.49326506
112  78.24722421  015.49326506  78.24721978  015.49338513
112  78.24713451  015.49493345  78.24709271  015.49545428
112  78.24725824  015.49733453  78.24716328  015.49832163
111  78.24725824  015.49733453
114  78.24725824  015.49733453  78.24724562  015.49745916
112  78.24710733  015.49365934  78.24712666  015.49337346
112  78.24710128  015.49245051  78.24707164  015.49188146
112  78.24705565  015.49158328  78.24705469  015.49150107
112  78.24707698  015.49154205  78.24708495  015.49160668
112  78.24716955  015.49253434  78.24718576  015.49279561
112  78.24718095  015.49332398  78.24716101  015.49355086
112  78.24709248  015.49425026  78.24708735  015.49430319
114  78.24707443  015.49423964  78.24707745  015.49418478
112  78.24707665  015.48876008  78.24704158  015.48872159
112  78.24703656  015.48835369  78.24704493  015.48813232
112  78.24708774  015.48803477  78.24713107  015.48800034
112  78.24715972  015.48833603  78.24715312  015.48847378
111  78.24715972  015.48833603
111  78.24714485  015.48863888
114  78.24714485  015.48863888  78.24713536  015.48882930
111  78.24694455  015.49191672
112  78.24694455  015.49191672  78.24692910  015.49257557
112  78.24696328  015.49325550  78.24693200  015.49383560
111  78.24696328  015.49325550
111  78.24692142  015.49401688
111  78.24677656  015.49383334
111  78.24692781  015.49134725
113  78.24695786  015.49136347
111  78.24685984  015.49513691
111  78.24678641  015.49504050
111  78.24683317  015.49421700
113  78.24690546  015.49430725
110 5 0.00 0.0000 gravel
111  78.24590767  015.50536092
111  78.24586931  015.50530879
111  78.24564743  015.50928747
112  78.24564743  015.50928747  78.24562060  015.50976085
112  78.24561060  015.51051341  78.24559465  015.51071036
111  78.24561060  015.51051341
111  78.24567942  015.50993255
112  78.24567942  015.50993255  78.24566456  015.50979185
112  78.24568217  015.50930984  78.24569667  015.50907187
113  78.24568217  015.50930984
110 1 0.00 105.0000 extension
111  78.24531341  015.50024799
112  78.24534749  015.50063664  78.24535397  015.50075549
111  78.24534953  015.50098370
111  78.24517811  015.50403436
111  78.24582541  015.50488691
112  78.24582541  015.50488691  78.24587559  015.50495323
112  78.24586931  015.50530879  78.24585709  015.50554408
111  78.24586931  015.50530879
111  78.24590767  015.50536092
111  78.24601064  015.50347639
111  78.24607029  015.50286147
113  78.24614638  015.50133535
110 1 0.00 15.0000 Apron
111  78.24447372  015.50010046
112  78.24447372  015.50010046  78.24451124  015.49951911
112  78.24475907  015.49952435  78.24490100  015.49970718
111  78.24475907  015.49952435
111  78.24531341  015.50024799
111  78.24614638  015.50133535
111  78.24692878  015.48735991
111  78.24694324  015.48710160
111  78.24631322  015.48529446
111  78.24616370  015.48795504
111  78.24600053  015.49085847
112  78.24600053  015.49085847  78.24598632  015.49110544
112  78.24593854  015.49136048  78.24591525  015.49146453
111  78.24593854  015.49136048
111  78.24534876  015.49393235
112  78.24534876  015.49393235  78.24532231  015.49404758
112  78.24525382  015.49402525  78.24521680  015.49397629
111  78.24525382  015.49402525
111  78.24505046  015.49375452
112  78.24505046  015.49375452  78.24492365  015.49358297
112  78.24489481  015.49257377  78.24491727  015.49211303
111  78.24489481  015.49257377
111  78.24470506  015.49596541
112  78.24470506  015.49596541  78.24475449  015.49543851
112  78.24500631  015.49542675  78.24511665  015.49557379
111  78.24538771  015.49592554
112  78.24538771  015.49592554  78.24548245  015.49604931
112  78.24557660  015.49747167  78.24551666  015.49855171
112  78.24529543  015.49844988  78.24520072  015.49832726
111  78.24529543  015.49844988
111  78.24477121  015.49775975
112  78.24477121  015.49775975  78.24468568  015.49764135
112  78.24465216  015.49691088  78.24466751  015.49639421
113  78.24465216  015.49691088
110 1 0.00 0.0000 RWY shoulder
111  78.24382441  015.51170629
111  78.24395233  015.51187381
111  78.24397936  015.51139062
111  78.24385146  015.51122289
111  78.24413516  015.50615194
111  78.24431391  015.50641401
111  78.24436662  015.50547178
111  78.24426683  015.50533121
111  78.24427260  015.50522815
111  78.24437239  015.50536870
111  78.24438319  015.50517562
111  78.24420445  015.50491339
111  78.24440809  015.50127349
111  78.24470839  015.50165063
111  78.24473432  015.50119989
111  78.24443363  015.50081694
111  78.24447372  015.50010046
111  78.24465216  015.49691088
111  78.24470506  015.49596541
111  78.24489481  015.49257377
111  78.24551166  015.48154806
111  78.24559806  015.48000354
111  78.24888026  015.42133664
111  78.24901163  015.42151145
111  78.24903715  015.42105538
111  78.24904266  015.41843398
111  78.24929514  015.41392095
111  78.24940519  015.41314469
111  78.24949007  015.41155113
111  78.24891152  015.41078001
111  78.24840051  015.41990887
111  78.24826342  015.41972416
111  78.24822420  015.42042481
111  78.24836127  015.42060993
111  78.24786824  015.42941747
111  78.24785976  015.42956905
111  78.24778184  015.43096109
111  78.24749340  015.43061071
111  78.24747123  015.43100682
111  78.24775965  015.43135739
111  78.24417887  015.49532580
111  78.24400476  015.49510489
111  78.24399449  015.49528829
111  78.24411004  015.49544559
111  78.24410247  015.49558085
111  78.24398691  015.49542382
111  78.24393038  015.49643357
111  78.24410445  015.49665515
111  78.24391021  015.50012526
111  78.24362046  015.49974775
111  78.24359776  015.50015334
111  78.24388750  015.50053100
111  78.24368075  015.50422430
111  78.24350736  015.50398719
111  78.24349685  015.50417490
111  78.24360958  015.50432947
111  78.24360326  015.50444237
111  78.24349053  015.50428783
111  78.24343267  015.50532145
111  78.24360605  015.50555877
111  78.24332680  015.51054745
111  78.24319876  015.51035732
111  78.24316380  015.51098188
111  78.24329184  015.51117208
111  78.24301180  015.51617466
111  78.24364249  015.51702357
111  78.24377639  015.51462204
114  78.24377639  015.51462204  78.24376141  015.51334291
110 1 0.00 0.0000 New Taxiway 1
111  78.24631322  015.48529446
111  78.24694324  015.48710160
111  78.24705706  015.48506715
111  78.24635089  015.48410776
111  78.24619478  015.48682844
112  78.24619478  015.48682844  78.24606278  015.48646547
112  78.24601560  015.48504694  78.24600246  015.48455762
111  78.24601560  015.48504694
111  78.24595286  015.48248333
112  78.24595286  015.48248333  78.24587409  015.48047360
112  78.24559806  015.48000354  78.24556814  015.47936939
111  78.24559806  015.48000354
111  78.24551166  015.48154806
112  78.24551166  015.48154806  78.24565438  015.48125899
112  78.24574213  015.48281238  78.24575896  015.48345387
111  78.24574213  015.48281238
111  78.24579560  015.48506697
112  78.24579560  015.48506697  78.24581485  015.48585339
112  78.24616370  015.48795504  78.24647852  015.48861208
113  78.24616370  015.48795504
130 Airport Boundary 29
111  78.24482473  015.50071649
111  78.24483843  015.50058951
111  78.24501649  015.50082107
111  78.24523260  015.50063427
111  78.24529043  015.50075379
111  78.24525543  015.50142609
111  78.24519760  015.50256154
111  78.24513215  015.50384639
111  78.24514890  015.50435435
111  78.24542284  015.50472039
111  78.24572874  015.50512377
111  78.24578514  015.50553945
111  78.24576502  015.50627414
111  78.24569458  015.50783614
111  78.24557243  015.51001774
111  78.24557836  015.51046377
111  78.24552852  015.51099052
111  78.24562022  015.51123070
111  78.24597875  015.50865684
111  78.24614264  015.50760830
111  78.24653304  015.50525805
111  78.24714258  015.50157889
111  78.24753667  015.49934600
111  78.24771714  015.49804419
111  78.24777606  015.49664294
111  78.24779816  015.49487102
111  78.24772082  015.49287309
111  78.24754403  015.48965471
111  78.24745196  015.48800034
111  78.24718187  015.48496656
111  78.24703990  015.48406494
111  78.24660658  015.48348100
111  78.24617506  015.48243877
111  78.24601333  015.48115862
111  78.24607104  015.48054803
111  78.24612168  015.47910631
111  78.24620878  015.47849979
111  78.24635463  015.47641173
111  78.24647212  015.47490033
111  78.24667064  015.47397559
111  78.24673748  015.47205651
111  78.24686510  015.47084342
111  78.24692182  015.46937172
111  78.24703120  015.46825803
111  78.24713654  015.46652783
111  78.24720946  015.46395236
111  78.24735734  015.46163545
111  78.24744849  015.46014382
111  78.24746267  015.45929857
111  78.24748090  015.45790639
111  78.24761865  015.45611644
111  78.24764701  015.45460490
111  78.24771183  015.45336186
111  78.24768752  015.45199948
111  78.24773816  015.44943382
111  78.24813722  015.44250250
111  78.24844107  015.43720185
111  78.24865984  015.43408907
111  78.24880164  015.43375093
111  78.24890900  015.43012087
111  78.24921690  015.42451162
111  78.24923513  015.42304959
111  78.24938503  015.42251252
111  78.24951669  015.42205501
111  78.24957139  015.42133892
111  78.24956126  015.41996640
111  78.24952885  015.41892210
111  78.24969023  015.41621672
111  78.24977058  015.41601945
111  78.24981411  015.41532075
111  78.24981005  015.41489605
111  78.24988614  015.41447757
111  78.24991658  015.41434306
111  78.24992875  015.41408151
111  78.24992571  015.41385732
111  78.24996985  015.41291575
111  78.25001550  015.41188450
111  78.25001703  015.41119700
111  78.25000789  015.41060665
111  78.24999420  015.41020312
111  78.24995767  015.40979211
111  78.24989071  015.40939606
111  78.24980091  015.40878329
111  78.24973852  015.40867119
111  78.24919519  015.40792401
111  78.24911910  015.40790906
111  78.24906492  015.40798566
111  78.24895976  015.40896520
111  78.24876564  015.40937555
111  78.24860926  015.40949468
111  78.24861466  015.40909757
111  78.24847176  015.40913758
111  78.24835583  015.41030236
111  78.24818597  015.41105682
111  78.24810239  015.41186422
111  78.24805655  015.41247308
111  78.24808621  015.41318783
111  78.24806464  015.41488205
111  78.24801072  015.41629832
111  78.24793792  015.41680137
111  78.24717760  015.41592784
111  78.24708593  015.42038815
111  78.24697368  015.42398932
111  78.24686583  015.42598663
111  78.24671877  015.42669651
111  78.24665014  015.42628743
111  78.24654719  015.42633555
111  78.24659621  015.42737030
111  78.24668935  015.42881414
111  78.24680700  015.42988498
111  78.24701289  015.43042642
111  78.24725064  015.43079941
111  78.24718214  015.43261462
111  78.24691136  015.43765894
111  78.24673845  015.44063745
111  78.24644158  015.44457666
111  78.24622300  015.44830760
111  78.24603379  015.45240679
111  78.24591960  015.45469650
111  78.24578911  015.45663394
111  78.24559337  015.46098918
111  78.24522146  015.46809820
111  78.24504903  015.47089558
111  78.24496420  015.47246465
111  78.24476194  015.47528253
111  78.24452052  015.47894894
111  78.24441771  015.48165732
111  78.24419489  015.48551647
111  78.24410649  015.48739629
111  78.24403283  015.48923092
111  78.24392418  015.49019795
111  78.24366453  015.49486124
111  78.24339199  015.50012093
111  78.24326676  015.50228078
111  78.24318205  015.50377190
111  78.24308814  015.50533530
111  78.24302552  015.50665468
111  78.24295739  015.50782043
111  78.24303657  015.50829936
111  78.24293161  015.51035071
111  78.24278981  015.51244723
111  78.24272352  015.51394733
111  78.24265170  015.51551065
111  78.24262039  015.51616129
111  78.24263144  015.51683904
111  78.24271799  015.51774270
111  78.24279718  015.51849274
111  78.24288741  015.51895361
111  78.24304210  015.51921575
111  78.24321704  015.51940553
111  78.24333122  015.51945071
111  78.24343434  015.51971279
111  78.24362217  015.51998419
111  78.24371057  015.51979440
111  78.24378055  015.51924311
111  78.24386526  015.51815861
111  78.24379896  015.51803208
111  78.24390577  015.51617938
111  78.24413596  015.51210343
111  78.24420593  015.51040431
111  78.24431274  015.50889499
111  78.24454477  015.50527068
111  78.24472524  015.50220665
111  78.24480259  015.50170954
113  78.24483389  015.50090512
120 Linear Feature 95
111  78.24718974  015.49510669 20
115  78.24713218  015.49515689
120 Linear Feature 94
111  78.24718749  015.49496477 20
115  78.24713405  015.49493958
120 Linear Feature 93
111  78.24731539  015.49813211 20
115  78.24727876  015.49799671
120 Linear Feature 92
111  78.24733007  015.49803303 20
115  78.24729020  015.49790611
120 Linear Feature 91
111  78.24734362  015.49792667 20
115  78.24730094  015.49781209
120 Linear Feature 90
111  78.24735509  015.49782246 20
115  78.24731100  015.49771456
120 Linear Feature 89
111  78.24736567  015.49771200 20
115  78.24732023  015.49761554
120 Linear Feature 88
111  78.24737508  015.49759923 20
115  78.24732854  015.49751680
120 Linear Feature 87
111  78.24738331  015.49748679 20
115  78.24733652  015.49741128
120 Linear Feature 86
111  78.24739065  015.49737346 20
115  78.24734360  015.49730689
120 Linear Feature 85
111  78.24747793  015.49547768 20
115  78.24743240  015.49544388
120 Linear Feature 84
111  78.24748046  015.49528335 20
115  78.24743466  015.49528975
120 Linear Feature 83
111  78.24747876  015.49514818 20
115  78.24743334  015.49516606
120 Linear Feature 82
111  78.24747826  015.49502176 20
115  78.24743337  015.49500291
120 Linear Feature 81
111  78.24723547  015.49289559 20
115  78.24718823  015.49292066
120 Linear Feature 80
111  78.24723170  015.49275929 20
115  78.24718382  015.49279692
120 Linear Feature 79
111  78.24722572  015.49263161 20
115  78.24717888  015.49269521
120 Linear Feature 78
111  78.24738937  015.49307518 20
115  78.24733977  015.49308862
120 Linear Feature 77
111  78.24738344  015.49291184 20
115  78.24733613  015.49297188
120 Linear Feature 76
111  78.24743254  015.49334630 20
115  78.24733807  015.49327505
120 Linear Feature 75
111  78.24743751  015.49314733 20
115  78.24738970  015.49314117
120 Linear Feature 74
111  78.24743364  015.49295625 20
115  78.24738770  015.49299905
120 Linear Feature 73
111  78.24742278  015.49279848 20
115  78.24738115  015.49288129
120 Linear Feature 72
111  78.24755114  015.49291787 20
115  78.24750794  015.49296487
120 Linear Feature 71
111  78.24755389  015.49308632 20
115  78.24751012  015.49307628
120 Linear Feature 70
111  78.24730176  015.49150002 20
115  78.24721474  015.49162413
120 Linear Feature 69
111  78.24729843  015.49139097 20
115  78.24720588  015.49141352
120 Linear Feature 68
111  78.24729901  015.49127580 20
115  78.24720992  015.49119295
120 Linear Feature 67
111  78.24742461  015.49146805 20
115  78.24737704  015.49153029
120 Linear Feature 66
111  78.24742015  015.49134899 20
115  78.24736924  015.49136646
120 Linear Feature 65
111  78.24741873  015.49123784 20
115  78.24737051  015.49122007
120 Linear Feature 64
111  78.24723693  015.48949554 20
115  78.24719605  015.48938056
120 Linear Feature 63
111  78.24725068  015.48940224 20
115  78.24721799  015.48924753
120 Linear Feature 62
111  78.24732612  015.48993597 20
115  78.24727583  015.48988292
120 Linear Feature 61
111  78.24733276  015.48984798 20
115  78.24728617  015.48973697
120 Linear Feature 60
111  78.24734713  015.48975907 20
115  78.24731766  015.48958381
120 Linear Feature 55
111  78.24721880  015.49252023 20
115  78.24717322  015.49259481
120 Linear Feature 54
111  78.24716703  015.49249635 20
115  78.24721001  015.49240476
120 Linear Feature 53
111  78.24720077  015.49230133 20
115  78.24715892  015.49239049
120 Linear Feature 52
111  78.24715007  015.49228621 20
115  78.24719148  015.49219799
120 Linear Feature 51
111  78.24718219  015.49209466 20
115  78.24714081  015.49218283
120 Linear Feature 50
111  78.24713125  015.49208007 20
115  78.24717290  015.49199132
120 Linear Feature 49
111  78.24716360  015.49188799 20
115  78.24712147  015.49197777
120 Linear Feature 48
111  78.24711150  015.49187589 20
115  78.24715432  015.49178465
120 Linear Feature 47
111  78.24714502  015.49168132 20
115  78.24710136  015.49177436
120 Linear Feature 46
111  78.24709104  015.49167322 20
115  78.24713574  015.49157798
120 Linear Feature 45
111  78.24711448  015.49150015 20
115  78.24708044  015.49157267
120 Linear Feature 59
111  78.24726232  015.49643264 20
115  78.24729935  015.49633873
120 Linear Feature 58
111  78.24729453  015.49622691 20
115  78.24725423  015.49632910
120 Linear Feature 57
111  78.24728491  015.49612723 20
115  78.24724513  015.49622811
120 Linear Feature 56
111  78.24723522  015.49612920 20
115  78.24727501  015.49602829
120 Linear Feature 55
111  78.24726510  015.49592935 20
115  78.24722465  015.49603194
120 Linear Feature 54
111  78.24721359  015.49593593 20
115  78.24725520  015.49583041
120 Linear Feature 53
111  78.24724530  015.49573147 20
115  78.24720220  015.49584078
120 Linear Feature 52
111  78.24719063  015.49574606 20
115  78.24723539  015.49563254
120 Linear Feature 51
111  78.24722549  015.49553360 20
115  78.24717906  015.49565134
120 Linear Feature 50
111  78.24716771  015.49555607 20
115  78.24721559  015.49543466
120 Linear Feature 49
111  78.24720568  015.49533573 20
115  78.24715684  015.49545960
120 Linear Feature 48
111  78.24714370  015.49532702 20
115  78.24719671  015.49523441
120 Linear Feature 59
111  78.24714340  015.49481568 20
115  78.24718963  015.49484881
120 Linear Feature 58
111  78.24719477  015.49473763 20
115  78.24715090  015.49470619
120 Linear Feature 57
111  78.24720253  015.49462832 20
115  78.24715792  015.49459636
120 Linear Feature 56
111  78.24716457  015.49448626 20
115  78.24721082  015.49451940
120 Linear Feature 55
111  78.24721802  015.49440969 20
115  78.24717092  015.49437594
120 Linear Feature 54
111  78.24717702  015.49426545 20
115  78.24722452  015.49429948
120 Linear Feature 53
111  78.24723051  015.49418891 20
115  78.24718291  015.49415480
120 Linear Feature 52
111  78.24718861  015.49404403 20
115  78.24723611  015.49407806
120 Linear Feature 51
111  78.24724138  015.49396697 20
115  78.24719415  015.49393313
120 Linear Feature 50
111  78.24719954  015.49382212 20
115  78.24724638  015.49385569
120 Linear Feature 49
111  78.24725115  015.49374423 20
115  78.24720478  015.49371102
120 Linear Feature 48
111  78.24720989  015.49359981 20
115  78.24725569  015.49363262
120 Linear Feature 47
111  78.24726002  015.49352086 20
115  78.24721485  015.49348850
120 Linear Feature 46
111  78.24721965  015.49337708 20
115  78.24726417  015.49340896
120 Linear Feature 58
111  78.24733794  015.49558896 20
115  78.24730660  015.49556101
120 Linear Feature 57
111  78.24734264  015.49547762 20
115  78.24729358  015.49543388
120 Linear Feature 56
111  78.24728056  015.49530675 20
115  78.24734733  015.49536629
120 Linear Feature 52
111  78.24734266  015.48951823 20
115  78.24736499  015.48970477
120 Linear Feature 51
111  78.24738568  015.48965323 20
115  78.24736310  015.48946468
120 Linear Feature 54
111  78.24724568  015.48914616 20
115  78.24727156  015.48933538
120 Linear Feature 53
111  78.24729188  015.48928079 20
115  78.24726841  015.48908482
120 Linear Feature 52
111  78.24728871  015.48903011 20
115  78.24731220  015.48922621
120 Linear Feature 51
111  78.24733252  015.48917165 20
115  78.24730902  015.48897540
120 Linear Feature 59
111  78.24734966  015.49720718 20
115  78.24739736  015.49725693
120 Linear Feature 58
111  78.24740327  015.49714263 20
115  78.24735546  015.49709999
120 Linear Feature 57
111  78.24740819  015.49703465 20
115  78.24736062  015.49699223
120 Linear Feature 56
111  78.24736507  015.49688383 20
115  78.24741291  015.49692650
120 Linear Feature 55
111  78.24741763  015.49681834 20
115  78.24736950  015.49677542
120 Linear Feature 54
111  78.24737394  015.49666701 20
115  78.24742235  015.49671018
120 Linear Feature 53
111  78.24742707  015.49660202 20
115  78.24737838  015.49655860
120 Linear Feature 52
111  78.24738282  015.49645020 20
115  78.24743179  015.49649386
120 Linear Feature 48
111  78.24749377  015.49353275 20
115  78.24753804  015.49357222
120 Linear Feature 47
111  78.24754273  015.49346088 20
115  78.24749853  015.49342147
120 Linear Feature 46
111  78.24750329  015.49331019 20
115  78.24754742  015.49334954
120 Linear Feature 45
111  78.24755185  015.49322598 20
115  78.24750801  015.49319888
120 Linear Feature 58
111  78.24716224  015.49075501 20
115  78.24711785  015.49069544
120 Linear Feature 57
111  78.24716810  015.49064996 20
115  78.24712370  015.49059037
120 Linear Feature 56
111  78.24712954  015.49048531 20
115  78.24717396  015.49054491
120 Linear Feature 55
111  78.24717982  015.49043986 20
115  78.24713539  015.49038024
120 Linear Feature 54
111  78.24714123  015.49027517 20
115  78.24718568  015.49033481
120 Linear Feature 53
111  78.24719154  015.49022976 20
115  78.24714708  015.49017011
120 Linear Feature 52
111  78.24715292  015.49006504 20
115  78.24719740  015.49012472
120 Linear Feature 51
111  78.24720326  015.49001966 20
115  78.24715877  015.48995997
120 Linear Feature 50
111  78.24716462  015.48985491 20
115  78.24720912  015.48991462
120 Linear Feature 49
111  78.24721498  015.48980956 20
115  78.24717046  015.48974984
120 Linear Feature 48
111  78.24717631  015.48964477 20
115  78.24722084  015.48970451
120 Linear Feature 47
111  78.24722733  015.48960031 20
115  78.24718266  015.48953061
120 Linear Feature 59
111  78.24709445  015.49111611 20
115  78.24713879  015.49117538
120 Linear Feature 58
111  78.24714466  015.49107029 20
115  78.24710029  015.49101099
120 Linear Feature 57
111  78.24715052  015.49096519 20
115  78.24710614  015.49090587
120 Linear Feature 56
111  78.24711199  015.49080076 20
115  78.24715638  015.49086010
120 Linear Feature 44
111  78.24708860  015.49122122 20
113  78.24713293  015.49128048 20
120 Linear Feature 57
111  78.24730254  015.49116838 20
115  78.24721685  015.49105385
120 Linear Feature 56
111  78.24722239  015.49094833 20
115  78.24730835  015.49106322
120 Linear Feature 55
111  78.24731454  015.49095855 20
115  78.24722794  015.49084280
120 Linear Feature 54
111  78.24723348  015.49073727 20
115  78.24732074  015.49085390
120 Linear Feature 53
111  78.24732693  015.49074924 20
115  78.24723902  015.49063175
120 Linear Feature 52
111  78.24724456  015.49052622 20
115  78.24733313  015.49064458
120 Linear Feature 51
111  78.24733810  015.49053829 20
115  78.24725118  015.49042213
120 Linear Feature 55
111  78.24742006  015.49114692 20
115  78.24737545  015.49109154
120 Linear Feature 54
111  78.24738062  015.49098072 20
115  78.24742531  015.49103619
120 Linear Feature 53
111  78.24743091  015.49092590 20
115  78.24738579  015.49086989
120 Linear Feature 52
111  78.24739095  015.49075905 20
115  78.24743651  015.49081561
120 Linear Feature 51
111  78.24744211  015.49070532 20
115  78.24739611  015.49064822
120 Linear Feature 49
111  78.24741283  015.49269218 20
115  78.24732942  015.49287043
120 Linear Feature 48
111  78.24732011  015.49277070 20
115  78.24740341  015.49259269
120 Linear Feature 47
111  78.24739400  015.49249320 20
115  78.24731078  015.49267108
120 Linear Feature 46
111  78.24730148  015.49257154 20
115  78.24738458  015.49239371
120 Linear Feature 49
111  78.24737517  015.49229422 20
115  78.24729214  015.49247170
120 Linear Feature 48
111  78.24728281  015.49237197 20
115  78.24736576  015.49219473
120 Linear Feature 47
111  78.24735634  015.49209524 20
115  78.24727349  015.49227235
120 Linear Feature 46
111  78.24726416  015.49217260 20
115  78.24734693  015.49199576
120 Linear Feature 49
111  78.24733751  015.49189627 20
115  78.24725484  015.49207292
120 Linear Feature 48
111  78.24724551  015.49197324 20
115  78.24732810  015.49179678
120 Linear Feature 47
111  78.24731869  015.49169729 20
115  78.24723619  015.49187356
120 Linear Feature 46
111  78.24722688  015.49177384 20
115  78.24730927  015.49159780
120 Linear Feature 59
111  78.24749350  015.49275904 20
115  78.24753358  015.49267339
120 Linear Feature 58
111  78.24752429  015.49257365 20
115  78.24748404  015.49265964
120 Linear Feature 57
111  78.24751500  015.49247390 20
115  78.24747459  015.49256023
120 Linear Feature 56
111  78.24746514  015.49246082 20
115  78.24750570  015.49237416
120 Linear Feature 55
111  78.24749641  015.49227441 20
115  78.24745568  015.49236142
120 Linear Feature 54
111  78.24744623  015.49226201 20
115  78.24748711  015.49217466
120 Linear Feature 53
111  78.24747782  015.49207491 20
115  78.24743677  015.49216260
120 Linear Feature 52
111  78.24742732  015.49206320 20
115  78.24746852  015.49197517
120 Linear Feature 51
111  78.24745923  015.49187542 20
115  78.24741787  015.49196379
120 Linear Feature 50
111  78.24740841  015.49186438 20
115  78.24744993  015.49177567
120 Linear Feature 49
111  78.24744064  015.49167592 20
115  78.24739896  015.49176497
120 Linear Feature 48
111  78.24738951  015.49166557 20
115  78.24743150  015.49157585
120 Linear Feature 44
111  78.24750227  015.49285990 20
113  78.24754405  015.49278934 20
120 Linear Feature 51
111  78.24745736  015.49593809 20
115  78.24741098  015.49588821
120 Linear Feature 50
111  78.24741633  015.49577761 20
115  78.24746238  015.49582713
120 Linear Feature 49
111  78.24746740  015.49571617 20
115  78.24742168  015.49566701
120 Linear Feature 48
111  78.24742703  015.49555640 20
115  78.24747242  015.49560521
120 Linear Feature 59
111  78.24733351  015.49339012 20
115  78.24742718  015.49347362
120 Linear Feature 59
111  78.24726972  015.49518155 20
115  78.24735203  015.49525496
120 Linear Feature 59
111  78.24726639  015.49506305 20
115  78.24735673  015.49514362
120 Linear Feature 58
111  78.24736142  015.49503229 20
115  78.24726841  015.49494934
120 Linear Feature 57
111  78.24736612  015.49492096 20
115  78.24727306  015.49483797
120 Linear Feature 56
111  78.24727771  015.49472660 20
115  78.24737082  015.49480962
120 Linear Feature 55
111  78.24737551  015.49469829 20
115  78.24728236  015.49461522
120 Linear Feature 54
111  78.24728701  015.49450385 20
115  78.24738021  015.49458696
120 Linear Feature 53
111  78.24738491  015.49447562 20
115  78.24729166  015.49439248
120 Linear Feature 52
111  78.24729631  015.49428110 20
115  78.24738961  015.49436429
120 Linear Feature 51
111  78.24739431  015.49425296 20
115  78.24730096  015.49416973
120 Linear Feature 50
111  78.24730561  015.49405836 20
115  78.24739900  015.49414162
120 Linear Feature 49
111  78.24740370  015.49403029 20
115  78.24731026  015.49394699
120 Linear Feature 48
111  78.24731491  015.49383561 20
115  78.24740840  015.49391896
120 Linear Feature 47
111  78.24741309  015.49380762 20
115  78.24731956  015.49372424
120 Linear Feature 46
111  78.24732421  015.49361286 20
115  78.24741779  015.49369629
120 Linear Feature 45
111  78.24742249  015.49358496 20
115  78.24732886  015.49350149
120 Linear Feature 55
111  78.24748175  015.49490849 20
115  78.24743680  015.49486820
120 Linear Feature 54
111  78.24744146  015.49475683 20
115  78.24748644  015.49479715
120 Linear Feature 53
111  78.24749113  015.49468581 20
115  78.24744622  015.49464555
120 Linear Feature 52
111  78.24745097  015.49453427 20
115  78.24749582  015.49457447
120 Linear Feature 51
111  78.24750051  015.49446313 20
115  78.24745573  015.49442299
120 Linear Feature 50
111  78.24746049  015.49431171 20
115  78.24750520  015.49435179
120 Linear Feature 49
111  78.24750989  015.49424045 20
115  78.24746524  015.49420043
120 Linear Feature 48
111  78.24747000  015.49408915 20
115  78.24751458  015.49412911
120 Linear Feature 47
111  78.24751927  015.49401777 20
115  78.24747475  015.49397787
120 Linear Feature 46
111  78.24747951  015.49386659 20
115  78.24752396  015.49390643
120 Linear Feature 45
111  78.24752865  015.49379509 20
115  78.24748426  015.49375531
120 Linear Feature 44
111  78.24753334  015.49368375 20
113  78.24748901  015.49364403 20
120 Linear Feature 96
112  78.24722421  015.49326506  78.24721978  015.49338513 20
112  78.24713451  015.49493345  78.24709271  015.49545428 20
116  78.24725824  015.49733453  78.24716328  015.49832163
120 Linear Feature 43
111  78.24730160  015.49036694 20
111  78.24725673  015.49115520
112  78.24725673  015.49115520  78.24724787  015.49130624 20
112  78.24726473  015.49163481  78.24728033  015.49181164
111  78.24726473  015.49163481 20
111  78.24738011  015.49286950
112  78.24738011  015.49286950  78.24739569  015.49303977 20
112  78.24738324  015.49342356  78.24737753  015.49356561
111  78.24738324  015.49342356 20
115  78.24729566  015.49545424
120 Linear Feature 39
111  78.24712914  015.49134855 20
111  78.24722282  015.48966896
112  78.24722282  015.48966896  78.24722926  015.48955556 20
112  78.24726078  015.48936431  78.24727926  015.48931550
111  78.24726078  015.48936431 20
111  78.24735284  015.48911706 20
111  78.24732932  015.48892068 20
111  78.24724824  015.48913918
112  78.24724824  015.48913918  78.24721862  015.48921793 20
112  78.24718266  015.48953061  78.24717278  015.48970427
111  78.24718266  015.48953061 20
113  78.24708344  015.49131396 20
120 Linear Feature 38
111  78.24719031  015.49303395 20
111  78.24723605  015.49303597
112  78.24723605  015.49303597  78.24723829  015.49280375 20
112  78.24720930  015.49239623  78.24719509  015.49222735
111  78.24720930  015.49239623 20
111  78.24712977  015.49151162 20
111  78.24706780  015.49146511 20
111  78.24707698  015.49154205
112  78.24707698  015.49154205  78.24708495  015.49160668 20
112  78.24716955  015.49253434  78.24718576  015.49279561 20
116  78.24719031  015.49303395  78.24719164  015.49315161
120 Linear Feature 37
111  78.24728103  015.49696367 20
111  78.24729725  015.49656340
112  78.24729725  015.49656340  78.24730305  015.49641929 20
112  78.24729239  015.49620190  78.24728528  015.49613122
111  78.24729239  015.49620190 20
111  78.24720378  015.49531672
112  78.24720378  015.49531672  78.24718613  015.49513680 20
112  78.24720280  015.49462509  78.24722692  015.49433515 20
112  78.24726811  015.49329719  78.24728467  015.49281588
111  78.24726811  015.49329719 20
115  78.24722421  015.49326506
120 Linear Feature 35
112  78.24722811  015.49831154  78.24730996  015.49789299 20
112  78.24736071  015.49699029  78.24737674  015.49663200
111  78.24736071  015.49699029 20
111  78.24738733  015.49634186 20
111  78.24743651  015.49638570 20
111  78.24740536  015.49709960
112  78.24740536  015.49709960  78.24738423  015.49754319 20
116  78.24728226  015.49830969  78.24721223  015.49863064
120 Linear Feature 34
112  78.24733606  015.49059514  78.24733018  015.49069451
111  78.24733606  015.49059514 20
111  78.24730624  015.49109895
112  78.24730624  015.49109895  78.24729758  015.49124005 20
112  78.24730721  015.49157604  78.24732112  015.49172396
111  78.24730721  015.49157604 20
111  78.24742038  015.49277196
112  78.24742038  015.49277196  78.24743933  015.49297463 20
112  78.24743181  015.49336396  78.24742184  015.49359811
111  78.24743181  015.49336396 20
111  78.24733774  015.49559358
112  78.24733774  015.49559358  78.24733430  015.49566662 20
112  78.24731651  015.49565776  78.24730898  015.49558303
111  78.24731651  015.49565776 20
111  78.24729566  015.49545424 20
111  78.24727437  015.49524629
112  78.24727437  015.49524629  78.24726800  015.49518374 20
112  78.24726782  015.49496346  78.24727165  015.49486828
111  78.24726782  015.49496346 20
111  78.24733634  015.49332227
112  78.24733634  015.49332227  78.24734382  015.49314237 20
112  78.24732928  015.49286881  78.24731884  015.49274640
111  78.24732928  015.49286881 20
111  78.24722748  015.49178040
112  78.24722748  015.49178040  78.24720391  015.49152140 20
112  78.24721364  015.49111495  78.24722760  015.49084992
111  78.24721364  015.49111495 20
111  78.24724731  015.49047394
112  78.24724731  015.49047394  78.24725211  015.49038421 20
112  78.24727797  015.49033569  78.24729136  015.49035312
111  78.24727797  015.49033569 20
111  78.24730160  015.49036694 20
111  78.24732040  015.49039179
114  78.24732040  015.49039179  78.24733523  015.49041227 20
120 Linear Feature 33
111  78.24741028  015.49894349 20
111  78.24746476  015.49860022
112  78.24746476  015.49860022  78.24771311  015.49701538 20
112  78.24761840  015.49323508  78.24753379  015.49119738
111  78.24761840  015.49323508 20
111  78.24748308  015.49052489
112  78.24748308  015.49052489  78.24746544  015.49017726 20
112  78.24740385  015.49048220  78.24739276  015.49071544
111  78.24740385  015.49048220 20
111  78.24740127  015.49053760 20
111  78.24737579  015.49108427
112  78.24737579  015.49108427  78.24736476  015.49131466 20
112  78.24738094  015.49157544  78.24739443  015.49172130
111  78.24738094  015.49157544 20
111  78.24749683  015.49279407
112  78.24749683  015.49279407  78.24751215  015.49295668 20
112  78.24750685  015.49322693  78.24750137  015.49334520
111  78.24750685  015.49322693 20
111  78.24743831  015.49483049
112  78.24743831  015.49483049  78.24742523  015.49513422 20
112  78.24743150  015.49546404  78.24742198  015.49566096
111  78.24743150  015.49546404 20
111  78.24740563  015.49599867 20
111  78.24745233  015.49604908 20
111  78.24747618  015.49552223
112  78.24747618  015.49552223  78.24748744  015.49526856 20
112  78.24748048  015.49493847  78.24748840  015.49475521
111  78.24748048  015.49493847 20
111  78.24754871  015.49331889
112  78.24754871  015.49331889  78.24755742  015.49310509 20
112  78.24754176  015.49276114  78.24752832  015.49260599
111  78.24754176  015.49276114 20
111  78.24743312  015.49159525
112  78.24743312  015.49159525  78.24742108  015.49145817 20
112  78.24742153  015.49111068  78.24742837  015.49097495
111  78.24742153  015.49111068 20
111  78.24744770  015.49059521 20
115  78.24740127  015.49053760
120 Linear Feature 32
112  78.24718224  015.48916198  78.24723348  015.48847155 20
112  78.24740497  015.48903439  78.24745261  015.48985103
111  78.24740497  015.48903439 20
111  78.24744109  015.48965211
112  78.24744109  015.48965211  78.24745553  015.48990661 20
112  78.24740976  015.48996735  78.24738341  015.48998571
111  78.24740976  015.48996735 20
111  78.24732438  015.49002057
112  78.24732438  015.49002057  78.24724559  015.49007068 20
112  78.24731910  015.48957995  78.24736152  015.48946983
111  78.24731910  015.48957995 20
111  78.24738354  015.48941112 20
111  78.24740637  015.48960170 20
111  78.24735945  015.48971857
112  78.24735945  015.48971857  78.24733570  015.48977800 20
116  78.24732438  015.49002057  78.24732483  015.49013941
120 Linear Feature 31
112  78.24698428  015.49526574  78.24697235  015.49512237 20
112  78.24698722  015.49474661  78.24699936  015.49452651
111  78.24698722  015.49474661 20
111  78.24705722  015.49352853
112  78.24705722  015.49352853  78.24706907  015.49326552 20
116  78.24704958  015.49281510  78.24704012  015.49273029
120 Linear Feature 30
112  78.24704597  015.50049806  78.24708529  015.49936599 22
112  78.24718377  015.49761271  78.24723493  015.49687689 22
112  78.24710800  015.49605006  78.24704139  015.49572014
111  78.24710800  015.49605006
112  78.24710800  015.49605006  78.24705895  015.49581607 22
112  78.24698428  015.49526574  78.24696330  015.49505573 20
112  78.24697491  015.49465107  78.24698226  015.49450156
111  78.24697491  015.49465107 20
111  78.24704325  015.49341045
112  78.24704325  015.49341045  78.24705086  015.49326911 20
112  78.24704958  015.49281510  78.24703977  015.49264597
111  78.24704958  015.49281510
112  78.24704958  015.49281510  78.24701973  015.49230792 22
112  78.24702512  015.49115055  78.24705512  015.49060593 22
111  78.24712854  015.48920883 22
116  78.24716318  015.48881534  78.24718359  015.48866509
120 Linear Feature 105
111  78.24516988  015.49863199 9
115  78.24511147  015.49969132
120 Linear Feature 104
111  78.24544483  015.49372205 9
115  78.24534300  015.49556882
120 Linear Feature 102
111  78.24507125  015.49964010 4
115  78.24512965  015.49858075
120 Linear Feature 101
111  78.24530191  015.49551388 4
115  78.24538664  015.49397174
120 Linear Feature 28
112  78.24494960  015.49448735  78.24472940  015.49425162 1
112  78.24443578  015.49594136  78.24437793  015.49696610 1
116  78.24471634  015.49861255  78.24495092  015.49903842
120 Linear Feature 25
112  78.24575798  015.49691551  78.24578560  015.49616013 1
116  78.24559076  015.49534067  78.24549995  015.49521346
120 Linear Feature 23
111  78.24481070  015.48924217 1
111  78.24466390  015.49186525
112  78.24466390  015.49186525  78.24459623  015.49334294 1
112  78.24494960  015.49448735  78.24510197  015.49475264
111  78.24494960  015.49448735 1
111  78.24522791  015.49485957 1
111  78.24532019  015.49498298
111  78.24538392  015.49506821 1
111  78.24556620  015.49531200
112  78.24556620  015.49531200  78.24564782  015.49542298 1
112  78.24574075  015.49525941  78.24578071  015.49517476
111  78.24574075  015.49525941 1
111  78.24597822  015.49473955 1
111  78.24608901  015.49449701
112  78.24608901  015.49449701  78.24615525  015.49434920 1
116  78.24625348  015.49344823  78.24628931  015.49292646
120 Linear Feature 22
112  78.24539574  015.49950192  78.24557690  015.49949666 1
112  78.24567144  015.49843398  78.24569463  015.49803565
111  78.24567144  015.49843398 1
111  78.24575798  015.49691551 1
111  78.24584666  015.49535921 1
115  78.24603808  015.49198738
120 Linear Feature 24
112  78.24612975  015.49561307  78.24616188  015.49451234 1
112  78.24597822  015.49473955  78.24592826  015.49484980 1
116  78.24584666  015.49535921  78.24583160  015.49559658
120 Linear Feature 21
111  78.24406326  015.50259772 1
112  78.24419939  015.50016539  78.24426917  015.49893151 1
112  78.24471634  015.49861255  78.24490930  015.49879405
111  78.24471634  015.49861255 1
111  78.24508051  015.49908927
111  78.24515170  015.49918247 1
111  78.24539574  015.49950192 1
111  78.24555097  015.49970513
112  78.24555097  015.49970513  78.24562343  015.49980223 1
112  78.24571192  015.49958104  78.24574956  015.49944749
111  78.24571192  015.49958104 1
111  78.24586456  015.49901755
112  78.24586456  015.49901755  78.24589151  015.49891660 1
112  78.24598600  015.49812834  78.24601442  015.49763830
111  78.24598600  015.49812834 1
111  78.24612975  015.49561307 1
111  78.24625348  015.49344823 1
111  78.24630987  015.49246155
112  78.24630987  015.49246155  78.24633963  015.49166508 1
112  78.24605867  015.49165364  78.24596046  015.49201445
111  78.24605867  015.49165364 1
111  78.24541812  015.49445656
112  78.24541812  015.49445656  78.24539905  015.49453916
112  78.24532933  015.49476324  78.24529900  015.49482509 1
116  78.24522791  015.49485957  78.24518254  015.49485476
120 Linear Feature 26
111  78.24855389  015.42235697 1
111  78.24899881  015.41440704
112  78.24899881  015.41440704  78.24905456  015.41367826 1
112  78.24931144  015.41291332  78.24935150  015.41228689
111  78.24931144  015.41291332
112  78.24931144  015.41291332  78.24934611  015.41234496 1
112  78.24918920  015.41177797  78.24910385  015.41166273 1
112  78.24897033  015.41237493  78.24894104  015.41285891
111  78.24897033  015.41237493
112  78.24897033  015.41237493  78.24894192  015.41287623 1
116  78.24899881  015.41440704  78.24896448  015.41523081
120 Linear Feature 27
111  78.24361354  015.51034498 1
111  78.24346016  015.51307540
112  78.24346016  015.51307540  78.24339875  015.51427543 1
112  78.24361300  015.51500632  78.24362362  015.51571784
111  78.24361300  015.51500632
112  78.24361300  015.51500632  78.24361865  015.51549262 1
112  78.24344103  015.51597371  78.24332902  015.51599023 1
112  78.24325398  015.51509394  78.24325542  015.51463294
111  78.24325398  015.51509394
112  78.24325398  015.51509394  78.24325874  015.51443773 1
116  78.24346016  015.51307540  78.24352336  015.51204382
120 Linear Feature 97
111  78.24614638  015.50133535 20
111  78.24634198  015.49784149 20
111  78.24653758  015.49434763 20
111  78.24673318  015.49085377 20
115  78.24692878  015.48735991
120 Linear Feature 19
112  78.24465020  015.49570791  78.24472156  015.49507538 3 102
112  78.24497389  015.49507481  78.24507879  015.49521667
111  78.24497389  015.49507481 3 102
111  78.24544427  015.49570444
112  78.24544427  015.49570444  78.24560812  015.49592441 3 102
112  78.24564454  015.49716597  78.24561503  015.49772171
111  78.24564454  015.49716597 3 102
111  78.24559556  015.49806575
112  78.24559556  015.49806575  78.24556871  015.49854181 3 102
112  78.24531728  015.49881980  78.24521187  015.49868603
111  78.24531728  015.49881980 3 102
111  78.24481144  015.49817524
112  78.24481144  015.49817524  78.24467183  015.49799341 3 102
116  78.24457848  015.49698892  78.24458233  015.49665416
120 Linear Feature 18
112  78.24441881  015.49984091  78.24451692  015.49909327 3 102
112  78.24476605  015.49924618  78.24490473  015.49943284
111  78.24476605  015.49924618 3 102
111  78.24555609  015.50026599
112  78.24555609  015.50026599  78.24567227  015.50041822 3
116  78.24574272  015.50067337  78.24576267  015.50080874
120 Linear Feature 17
111  78.24618560  015.48800995 3 102
111  78.24602473  015.49089530
112  78.24602473  015.49089530  78.24601242  015.49110761 3 102
112  78.24595859  015.49146612  78.24592875  015.49159781
111  78.24595859  015.49146612 3 102
111  78.24538783  015.49396667
112  78.24538783  015.49396667  78.24533212  015.49420463 3 102
112  78.24522033  015.49428873  78.24514967  015.49419973
111  78.24522033  015.49428873 3 102
112  78.24505489  015.49407445  78.24489166  015.49385975 3 102
116  78.24482493  015.49258681  78.24481691  015.49171987
120 Linear Feature 16
111  78.24896737  015.41109120 3
111  78.24940703  015.41168447
111  78.24943818  015.41176555 3
111  78.24936238  015.41315897 3
111  78.24922768  015.41394341 3
115  78.24884035  015.42086197
120 Linear Feature 15
111  78.24376775  015.51147041 3
111  78.24362458  015.51402777 3
111  78.24374348  015.51494527 3
111  78.24364014  015.51679621 3
115  78.24309108  015.51605551
120 Linear Feature 9
111  78.24584973  015.48540381 4
115  78.24597944  015.48533696
120 Linear Feature 7
112  78.24646455  015.48782327  78.24658307  015.48814426 1
112  78.24655784  015.48900232  78.24653423  015.48943281
111  78.24655784  015.48900232 1
111  78.24643577  015.49117995
112  78.24643577  015.49117995  78.24642504  015.49136308 1
112  78.24634270  015.49153219  78.24630514  015.49153093
111  78.24634270  015.49153219 1
111  78.24615313  015.49151098
112  78.24615313  015.49151098  78.24611845  015.49150438 1
116  78.24603808  015.49198738  78.24601788  015.49234364
120 Linear Feature 6
111  78.24508889  015.48427135 1
111  78.24523762  015.48161377
112  78.24523762  015.48161377  78.24529115  015.48088494 1
116  78.24558352  015.48083499  78.24572096  015.48106506
120 Linear Feature 5
111  78.24551773  015.47660862 1
111  78.24536932  015.47926044
112  78.24536932  015.47926044  78.24533916  015.47999312 1
112  78.24551305  015.48068200  78.24558640  015.48084411
111  78.24551305  015.48068200 1
111  78.24558352  015.48083499
112  78.24558352  015.48083499  78.24575037  015.48120283 1
112  78.24584259  015.48257227  78.24585899  015.48322152
111  78.24584259  015.48257227 1
111  78.24591242  015.48529225
111  78.24591616  015.48543792 1
112  78.24591917  015.48555498  78.24594803  015.48667736 1
112  78.24626312  015.48755984  78.24643961  015.48779206 1
111  78.24646455  015.48782327 1
111  78.24652757  015.48790569
112  78.24652757  015.48790569  78.24660177  015.48800365 1
112  78.24670067  015.48741486  78.24672484  015.48697885
111  78.24670067  015.48741486 1
111  78.24676086  015.48632300
112  78.24676086  015.48632300  78.24678336  015.48591312 1
112  78.24667244  015.48545485  78.24659463  015.48531916
111  78.24667244  015.48545485 1
111  78.24661785  015.48538078
112  78.24661785  015.48538078  78.24653660  015.48526524 1
112  78.24644323  015.48583884  78.24642242  015.48620484
111  78.24644323  015.48583884 1
111  78.24639011  015.48677875
112  78.24639011  015.48677875  78.24636280  015.48723602 1
116  78.24614840  015.48733210  78.24604215  015.48712643
120 Linear Feature 3
112  78.24544809  015.48145313  78.24549451  015.48107124 3 102
112  78.24563654  015.48135381  78.24570326  015.48159609 3 102
112  78.24577351  015.48246647  78.24578561  015.48289256
111  78.24577351  015.48246647 3 102
111  78.24585787  015.48572175
112  78.24585787  015.48572175  78.24587931  015.48658235 3 102
112  78.24615384  015.48770969  78.24630978  015.48804085
111  78.24615384  015.48770969
112  78.24615384  015.48770969  78.24618215  015.48777439 3 102
116  78.24618560  015.48800995  78.24617947  015.48816297
120 Linear Feature 2
111  78.24702016  015.48535819 3
111  78.24634485  015.48445905 3 102
111  78.24621473  015.48677872
112  78.24621473  015.48677872  78.24619783  015.48706825 3 102
112  78.24609646  015.48676395  78.24604650  015.48651745 3 102
112  78.24598683  015.48561708  78.24597569  015.48515188
111  78.24598683  015.48561708 3 102
111  78.24591103  015.48272003
112  78.24591103  015.48272003  78.24587849  015.48149679 3 102
112  78.24568831  015.48077256  78.24560024  015.48047809 3 102
116  78.24554979  015.47963690  78.24557339  015.47895487
21  78.24844631  015.43217712 3 105.5200 3.0 New Light Fixture 5
21  78.24760602  015.43104470 3 104.9900 3.0 New Light Fixture 4
21  78.24458841  015.50118830 3 293.3700 3.4 New Light Fixture 3
21  78.24374307  015.50005849 2 293.3700 3.4 New Light Fixture 1
21  78.24601862  015.48511367 6 262.9200 3.0 New Light Fixture 1
21  78.24579772  015.48525093 6 262.9200 3.0 New Light Fixture 1
21  78.24540452  015.49363217 6 195.5500 3.0 New Light Fixture 8
21  78.24514779  015.49823439 6 195.5500 3.0 New Light Fixture 8
21  78.24505391  015.49994093 6 195.5500 3.0 New Light Fixture 8
21  78.24528565  015.49580473 6 195.5500 3.0 New Light Fixture 8
20  78.24608904  015.48505755 82.3000 0 2 {@L}A{safety}{@@}{@R}28-10{@L}A
20  78.24573783  015.48529653 259.8900 0 2 {@L}A{@R}28-10
20  78.24533416  015.49364411 14.6200 0 2 {@L}B{safety}{@@}{@R}28-10{@L}B
20  78.24524971  015.49593017 194.5000 0 2 {@L}B{@R}28-10
20  78.24513698  015.49802794 14.6200 0 2 {@L}C{safety}{@@}{@R}28-10{@L}C
20  78.24502626  015.50011455 192.5100 0 2 {@L}C{@R}28-10
14  78.24650398  015.49522821  82.02 0 New Tower Viewpoint 4
1300  78.24640269  015.48478806 105.73 tie_down props|helos General Aviation 2
1300  78.24690392  015.48547302 104.24 tie_down props|helos General Aviation 1
1300  78.24541215  015.50333627 285.16 misc turboprops|props East Apron 3
1300  78.24585935  015.50278450 285.78 misc turboprops|props East Apron 2
1300  78.24550257  015.50148904 287.10 misc turboprops|props East Apron 1
1300  78.24607440  015.49664302 105.67 gate heavy|jets|turboprops|props|helos Main Apron 3
1300  78.24624791  015.49358421 106.24 gate heavy|jets|turboprops|props|helos Main Apron 2
1300  78.24651536  015.48982785 106.70 gate turboprops|props Main Apron 1
19  78.24273940  015.50999433 1 New Windsock 3
19  78.24563918  015.49077888 1 New Windsock 2
19  78.24948598  015.42164390 1 New Windsock 1
54 11985 Longyear Information
1200 
1201  78.24576195  015.50071577 both 0 _stop
1201  78.24571530  015.50169568 both 1 _stop
1201  78.24566968  015.50257593 both 2 _stop
1201  78.24561462  015.50353340 both 3 _start
1201  78.24589721  015.49448027 both 4 _stop(split)
1201  78.24582788  015.49568070 both 5 _stop(split)
1201  78.24563796  015.49982997 both 6 _stop
1201  78.24558939  015.49976591 both 7 _stop(split)
1201  78.24595083  015.49871030 both 8 _stop
1201  78.24606911  015.49662879 both 9 _stop
1201  78.24624980  015.49356975 both 10 _stop
1201  78.24617561  015.49481251 both 11 _stop(split)
1201  78.24630958  015.49245010 both 12 _stop
1201  78.24644014  015.49118374 both 13 _stop
1201  78.24638871  015.49163762 both 14 _stop(split)
1201  78.24651266  015.48981077 both 15 _stop
1201  78.24656615  015.48877606 both 16 _stop
1201  78.24669357  015.48755602 both 17 _stop
1201  78.24678480  015.48560242 both 18 _stop
1201  78.24648473  015.48527755 both 19 _stop
1201  78.24605623  015.49166138 both 20 _start
1201  78.24516885  015.49920594 both 21 C_start
1201  78.24545801  015.49428054 both 22 B_stop
1201  78.24538392  015.49506821 both 23 B_stop
1201  78.24335543  015.51493126 both 24 _stop
1201  78.24910421  015.41254843 both 25 _start
1201  78.24453936  015.49393759 both 26 _start(split)
1201  78.24430675  015.49809165 both 27 _start(split)(split)
1201  78.24529983  015.49495579 both 28 _start(split)(split)
1202 22 20 twoway taxiway 
1202 23 5 twoway taxiway 
1202 25 26 twoway runway 10/28
1204 departure 10,28
1204 arrival 10,28
1202 0 6 twoway taxiway 
1202 1 0 twoway taxiway 
1202 2 1 twoway taxiway 
1202 3 2 twoway taxiway 
1202 20 4 twoway taxiway 
1202 4 5 twoway taxiway 
1202 5 7 twoway taxiway 
1202 14 20 twoway taxiway 
1202 6 7 twoway taxiway 
1202 7 21 twoway taxiway 
1202 8 6 twoway taxiway 
1202 9 8 twoway taxiway 
1202 10 11 twoway taxiway 
1202 11 9 twoway taxiway 
1202 12 10 twoway taxiway 
1202 13 14 twoway taxiway 
1202 14 12 twoway taxiway 
1202 15 13 twoway taxiway 
1202 16 15 twoway taxiway 
1202 17 16 twoway taxiway 
1202 18 17 twoway taxiway 
1202 19 18 twoway taxiway 
1202 20 19 twoway taxiway 
1202 11 4 twoway taxiway 
1202 21 27 oneway taxiway C
1204 departure 10,28
1204 arrival 10,28
1202 28 22 oneway taxiway B
1204 departure 10,28
1204 arrival 10,28
1202 26 28 oneway taxiway B
1204 departure 10,28
1204 arrival 10,28
1202 28 23 oneway taxiway B
1204 departure 10,28
1204 arrival 10,28
1202 26 27 twoway runway 10/28
1204 departure 10,28
1204 arrival 10,28
1204 ils 10,28
1202 27 24 twoway runway 10/28
1204 departure 10,28
1204 arrival 10,28
1204 ils 10,28
99
