I
1100 Generated by WorldEditor 1.6.0r1

1     11 1 0 ENSK Stokmarknes Skagen
1302 city Hadsel
1302 country Norway
1302 datum_lat 68.580833333
1302 datum_lon 15.026111111
1302 faa_code 
1302 iata_code SKN
1302 icao_code ENSK
1302 region_code EN
1302 state Nordland
1302 transition_alt 7000
1302 transition_level 
100 28.00 1 1 0.00 1 2 0 09  68.58086603  015.00971519   60    0 2 10 0 0 27  68.58067000  015.03234900   40    0 2 10 0 0
110 1 0.00 0.0000 New Taxiway 1
111  68.58104599  015.01075699
111  68.58116639  015.01042130
111  68.58116641  015.00972897
113  68.58105494  015.00972745
110 1 0.00 0.0000 New Taxiway 2
111  68.58054218  015.03232933
111  68.58054218  015.03140623
112  68.58055422  015.03005456  68.58054820  015.03039248
111  68.58042178  015.03037600
112  68.58009969  015.03039248  68.58003347  015.03039248
111  68.57998530  015.03021940
111  68.57998862  015.02878705
111  68.57973871  015.02877797
111  68.57973245  015.02833200
111  68.57957078  015.02834006
111  68.57957001  015.02870289
111  68.57943704  015.02870289
111  68.57943489  015.02821684
111  68.57919242  015.02821691
111  68.57919477  015.02895051
111  68.57934440  015.02903523
111  68.57940107  015.02928929
111  68.57937424  015.03018643
111  68.57941639  015.03019467
111  68.57940133  015.03182657
111  68.57945251  015.03182657
111  68.57945552  015.03333484
111  68.57980770  015.03358210
111  68.57987720  015.03359267
111  68.57997025  015.03360683
112  68.57998229  015.03317000  68.57999434  015.03260955
111  68.58012377  015.03236230
111  68.58045188  015.03237054
113  68.58047596  015.03232109
112  68.58054218  015.03140623  68.58053917  015.03184306
111  68.58041877  015.03190075
112  68.58017795  015.03190075  68.58006357  015.03189251
111  68.58006056  015.03163701
112  68.58006658  015.03117546  68.58007260  015.03086227
111  68.58018999  015.03085403
112  68.58038867  015.03086227  68.58055723  015.03087051
113  68.58053014  015.03126612
130 Airport Boundary 14
111  68.58156963  015.00757634
111  68.57978509  015.00751886
111  68.57998978  015.01148511
111  68.58024172  015.01151384
111  68.58039918  015.01185873
111  68.58038343  015.01829673
111  68.58034144  015.02370004
111  68.58030995  015.02769504
111  68.58021548  015.02801119
111  68.57997404  015.02847101
111  68.57979033  015.02847101
111  68.57976934  015.02805429
111  68.57907652  015.02802555
111  68.57908702  015.02908893
111  68.57931271  015.02921826
111  68.57931796  015.03350052
111  68.57995829  015.03407535
111  68.58000028  015.03615904
113  68.58128095  015.03631711
120 Linear Feature 12
111  68.57944676  015.03277016 22
112  68.57945066  015.03338995  68.57952872  015.03344338 22
111  68.57965947  015.03356627 22
112  68.57986046  015.03435704  68.57986046  015.03485929 22
111  68.57985656  015.03547908 22
111  68.57991900  015.03714079 22
111  68.57997810  015.03825340 22
112  68.58021134  015.03877660  68.58042990  015.03866973 22
111  68.58114427  015.03833035 22
111  68.58162760  015.03810725 22
111  68.58282187  015.03756863 22
116  68.58294551  015.03712232  68.58292015  015.03668948
120 Linear Feature 11
111  68.57932967  015.03310142 20
112  68.57926333  015.03294647  68.57921064  015.03295182 20
111  68.57920088  015.03311210 20
114  68.57926528  015.03328842  68.57932772  015.03329376 20
120 Linear Feature 10
111  68.57923991  015.03108179 22
111  68.57909941  015.03104439 22
111  68.57880084  015.03110316 22
112  68.57860374  015.03180843  68.57859984  015.03251904 22
112  68.57898037  015.03282358  68.57904086  015.03302127 22
111  68.57920283  015.03272207 22
112  68.57930431  015.03264193  68.57934919  015.03264727 22
115  68.57936675  015.03264193
120 Linear Feature 9
111  68.57924146  015.03093065 22
111  68.57909575  015.03090560 22
111  68.57879507  015.03095945 22
112  68.57855622  015.03180578  68.57855231  015.03267669 22
111  68.57913228  015.03330608 22
111  68.57953692  015.03365233 22
112  68.57980669  015.03467564  68.57979888  015.03557329 22
111  68.57980669  015.03547583 22
111  68.57992752  015.03827647 22
112  68.58025911  015.03891509  68.58061427  015.03874945 22
111  68.58159950  015.03824570 22
111  68.58282749  015.03770708 22
112  68.58299890  015.03805334  68.58302427  015.03850756 22
115  68.58308321  015.03953848
120 Linear Feature 3
111  68.58012377  015.03236230 3
115  68.57973766  015.03235916
120 Linear Feature 15
111  68.58085148  015.01210507 1
111  68.58086115  015.01101500 1
112  68.58086979  015.01086495  68.58087843  015.01077735
111  68.58086979  015.01086495
112  68.58086979  015.01086495  68.58088037  015.01075772 1
112  68.58095946  015.01049865  68.58101180  015.01038449
111  68.58095946  015.01049865
112  68.58095946  015.01049865  68.58105455  015.01029123 1
112  68.58102393  015.01015001  68.58102071  015.01010588 1
112  68.58091111  015.00991169  68.58080796  015.00990287 1
111  68.58080635  015.01020738 1
112  68.58085148  015.01048541  68.58089822  015.01063546
111  68.58085148  015.01048541
112  68.58085148  015.01048541  68.58087984  015.01057646 1
112  68.58086979  015.01086495  68.58086438  015.01096465
111  68.58086979  015.01086495
112  68.58086979  015.01086495  68.58086628  015.01092956 1
115  68.58086115  015.01101500
120 Linear Feature 13
111  68.57986290  015.03188525 5
115  68.57991270  015.03182108
120 Linear Feature 12
111  68.57980870  015.03110315 5
115  68.57986143  015.03110315
120 Linear Feature 11
111  68.57980724  015.03064993 5
115  68.57975743  015.03063388
120 Linear Feature 10
111  68.57981017  015.03145209 5
115  68.57976329  015.03148417
120 Linear Feature 9
111  68.57994163  015.03007954 1
112  68.57990493  015.02998328  68.57986977  015.02997927 1
111  68.57975991  015.02997927 1
116  68.57973042  015.03007954  68.57973042  015.03017982
120 Linear Feature 8
111  68.57994119  015.02961830 1
112  68.57990053  015.02952204  68.57986538  015.02951803 1
111  68.57976431  015.02952605 1
116  68.57972999  015.02961830  68.57972853  015.02972659
120 Linear Feature 7
111  68.57996384  015.03048820 1
112  68.57994301  015.03028410  68.57994008  015.03012366
111  68.57994301  015.03028410
112  68.57994301  015.03028410  68.57994235  015.03024784 1
112  68.57994163  015.03007954  68.57994135  015.02998583
111  68.57994163  015.03007954
112  68.57994163  015.03007954  68.57994123  015.02994615 1
112  68.57994119  015.02961830  68.57994123  015.02946262
111  68.57994119  015.02961830
112  68.57994119  015.02961830  68.57994125  015.02939944 1
111  68.57994155  015.02921321 1
112  68.57989760  015.02908486  68.57985220  015.02907684 1
111  68.57977310  015.02906882 1
112  68.57973062  015.02918513  68.57972915  015.02929342
111  68.57973062  015.02918513
112  68.57973062  015.02918513  68.57973001  015.02923009 1
112  68.57972999  015.02961830  68.57973008  015.02982049
111  68.57972999  015.02961830
112  68.57972999  015.02961830  68.57973007  015.02978414 1
112  68.57973042  015.03007954  68.57973057  015.03019823
111  68.57973042  015.03007954
112  68.57973042  015.03007954  68.57973048  015.03012843 1
112  68.57972915  015.03023998  68.57972919  015.03026435
111  68.57972915  015.03023998
112  68.57972915  015.03023998  68.57972918  015.03025804 1
111  68.57972915  015.03023998 1
116  68.57987019  015.03037731  68.58002253  015.03038132
120 Linear Feature 6
111  68.58042199  015.03062681 1
116  68.58067510  015.03142800  68.58066924  015.03210584
120 Linear Feature 5
111  68.58042199  015.03062681 1
116  68.58069049  015.02986443  68.58069808  015.02910205
120 Linear Feature 4
111  68.58069940  015.02895794 1
111  68.58069049  015.02986443 1
111  68.58067510  015.03142800 1
112  68.58042604  015.03213489  68.58022860  015.03213489 1
111  68.57997397  015.03210302 1
112  68.57980691  015.03131986  68.57980185  015.03057829 1
111  68.57980691  015.03066839 1
112  68.57987019  015.03037731  68.57994866  015.03037038 1
112  68.57996384  015.03048820  68.57999675  015.03059215 1
112  68.58005497  015.03061295  68.58010559  015.03062681 1
115  68.58042199  015.03062681
120 Holding B
111  68.58012360  015.03187237 4 104
115  68.58012377  015.03236230
120 Holding A
111  68.58013943  015.03039173 4 104
115  68.58013943  015.03089300
20  68.58011657  015.03246877 20.5700 0 2 {@R}09/27{@@,@Y}APRON
20  68.58013331  015.03026296 347.8300 0 2 {@R}09/27{@@,@Y}APRON
14  68.57960904  015.03125049  32.81 0 New Tower Viewpoint 7
1300  68.57985753  015.02908591   0.83 tie_down turboprops|props GA Position 5
1301 A general_aviation 
1300  68.57985171  015.02952115   0.83 tie_down turboprops|props GA Position 4
1301 A general_aviation 
1300  68.57984830  015.02998461   0.83 tie_down turboprops|props GA Position 3
1301 A general_aviation 
1300  68.57981653  015.03156857 252.92 tie_down turboprops|props Parkposition 1
1301 B airline 
1300  68.57980894  015.03079929 269.87 tie_down turboprops|props Parkposition 2
1301 B airline 
19  68.58022913  015.02979944 0 New Windsock 5
19  68.58128268  015.01371076 0 New Windsock 4
54 12045 AFIS
1000 ATC Flow
1001 ENSK 181 360 999
1001 ENSK 001 180 999
1002 ENSK 0
1003 ENSK 0.0
1101 09 left
1100 27  13300 arrivals|departures turboprops|props 000000 000000 27
1200 
1201  68.58055566  015.03064194 both 0 09/27_stop
1201  68.58008684  015.03061652 both 1 09/27_stop
1201  68.57999401  015.03055933 both 2 09/27_stop
1201  68.57992490  015.03037352 both 3 09/27_stop
1201  68.57980834  015.03059110 both 4 09/27_stop
1201  68.57980834  015.03151255 both 5 09/27_stop
1201  68.57986172  015.03189384 both 6 09/27_stop
1201  68.57998241  015.03210354 both 7 09/27_stop
1201  68.58042604  015.03213489 both 8 09/27_stop
1201  68.58009845  015.03210990 both 9 unnamed entity(split)
1201  68.58067403  015.03161422 both 10 09/27_stop
1201  68.58085737  015.01118974 both 11 09/27_start
1201  68.58068795  015.03003823 both 12 unnamed entity(split)
1201  68.57994421  015.03008148 both 13 09/27_stop
1201  68.57994287  015.02924667 both 14 09/27_stop
1201  68.57994152  015.02952616 both 15 unnamed entity(split)
1201  68.57994287  015.02996380 both 16 unnamed entity(split)
1201  68.57990526  015.02908485 both 17 09/27_stop
1201  68.57977363  015.02906279 both 18 09/27_stop
1201  68.57973066  015.02918047 both 19 09/27_stop
1201  68.57973066  015.03018445 both 20 09/27_stop
1201  68.57973066  015.02999322 both 21 unnamed entity(split)
1201  68.57972931  015.02952616 both 22 unnamed entity(split)
1201  68.57985815  015.03037536 both 23 09/27_start
1202 0 12 twoway taxiway_B 09/27
1204 departure 09,27
1204 arrival 09,27
1202 1 0 twoway taxiway_B 09/27
1204 departure 09,27
1204 arrival 09,27
1202 2 1 twoway taxiway_B 09/27
1202 3 2 twoway taxiway_B 09/27
1202 23 3 twoway taxiway_B 09/27
1202 4 23 oneway taxiway_B 09/27
1202 5 4 oneway taxiway_B 09/27
1202 6 5 oneway taxiway_B 09/27
1202 7 6 oneway taxiway_B 09/27
1202 8 9 twoway taxiway_B 09/27
1204 departure 09,27
1204 arrival 09,27
1202 9 7 oneway taxiway_B 09/27
1202 10 8 twoway taxiway_B 09/27
1204 departure 09,27
1204 arrival 09,27
1202 11 12 twoway runway 09/27
1204 departure 09,27
1204 arrival 09,27
1204 ils 09,27
1202 12 10 twoway runway 09/27
1204 departure 09,27
1204 arrival 09,27
1204 ils 09,27
1202 13 3 oneway taxiway_A 09/27
1202 14 15 oneway taxiway_A 09/27
1202 21 16 oneway taxiway_A 09/27
1202 22 15 oneway taxiway_A 09/27
1202 15 16 oneway taxiway_A 09/27
1202 16 13 oneway taxiway_A 09/27
1202 17 14 oneway taxiway_A 09/27
1202 18 17 oneway taxiway_A 09/27
1202 19 18 oneway taxiway_A 09/27
1202 20 21 oneway taxiway_A 09/27
1202 21 22 oneway taxiway_A 09/27
1202 22 19 oneway taxiway_A 09/27
1202 23 20 oneway taxiway_A 09/27
99
