I
1100 Generated by WorldEditor 1.7.1r2

1    461 1 0 ENSN Skien Geiteryggen
1302 city Geiteryggen
1302 country Norway
1302 datum_lat 59.185
1302 datum_lon 9.566944444
1302 faa_code 
1302 iata_code SKE
1302 icao_code ENSN
1302 region_code EN
1302 state Telemark
1302 transition_alt 7000
1302 transition_level 
1302 flatten 1
100 32.00 1 0 0.25 0 0 0 01  59.17872079  009.56522304   58    0 2 0 0 0 19  59.19123514  009.56891951   58    0 2 0 0 0
110 5 0.00 0.0000 New Taxiway 48
111  59.18443595  009.56354763
111  59.18444625  009.56373626
111  59.18442289  009.56375094
111  59.18443199  009.56391792
111  59.18443635  009.56401610
111  59.18446328  009.56417071
112  59.18446328  009.56417071  59.18453409  009.56421524
111  59.18448506  009.56427121
111  59.18443873  009.56425775
112  59.18434771  009.56404423  59.18435959  009.56389209
111  59.18434771  009.56404423
111  59.18433513  009.56401471
111  59.18434939  009.56391550
111  59.18434184  009.56375425
111  59.18432037  009.56375809
111  59.18432562  009.56393586
111  59.18431659  009.56401564
111  59.18428333  009.56407593
111  59.18427050  009.56415478
111  59.18430329  009.56436443
111  59.18435604  009.56433846
111  59.18438978  009.56428837
111  59.18449670  009.56432640
112  59.18451001  009.56437557  59.18450836  009.56442066
111  59.18451001  009.56437557
111  59.18449813  009.56463160
111  59.18448577  009.56463717
111  59.18450288  009.56498225
111  59.18453139  009.56497854
111  59.18451999  009.56461026
111  59.18454481  009.56430689
112  59.18454481  009.56430689  59.18454811  009.56426631
111  59.18456110  009.56425550
111  59.18449035  009.56352239
112  59.18448201  009.56345259  59.18447581  009.56340926
113  59.18448201  009.56345259
110 1 0.00 58.9700 New Taxiway 2
111  59.18348940  009.56692036
112  59.18365417  009.56719941  59.18371802  009.56739556
111  59.18365417  009.56719941
111  59.18420146  009.56891762
111  59.18415161  009.56897945
111  59.18457250  009.57024623
111  59.18453260  009.57029421
111  59.18520169  009.57235147
111  59.18533798  009.57220189
111  59.18536728  009.57194648
111  59.18579959  009.57142951
111  59.18508044  009.56920736
112  59.18508044  009.56920736  59.18504679  009.56909650
111  59.18495745  009.56900132
111  59.18492168  009.56896556
112  59.18489203  009.56890597  59.18487772  009.56886409
111  59.18489203  009.56890597
111  59.18477827  009.56856046
112  59.18477129  009.56840720  59.18478220  009.56830433
111  59.18477129  009.56840720
111  59.18459108  009.56810190
112  59.18459108  009.56810190  59.18454261  009.56818468
112  59.18440918  009.56817653  59.18430559  009.56812687
111  59.18440918  009.56817653
112  59.18440918  009.56817653  59.18435587  009.56815525
111  59.18423908  009.56799945
111  59.18417889  009.56786834
111  59.18407509  009.56752779
112  59.18422011  009.56712627  59.18444202  009.56710176
113  59.18422011  009.56712627
110 1 0.00 58.9600 New Taxiway 3
111  59.18365232  009.56640197
111  59.18365655  009.56635201
111  59.18368200  009.56635319
111  59.18360688  009.56608478
111  59.18341420  009.56543654
111  59.18317069  009.56535732
111  59.18347700  009.56630924
113  59.18348608  009.56635555
110 1 0.00 58.9600 New Taxiway 3
111  59.18360688  009.56608478
111  59.18363354  009.56578680
111  59.18352990  009.56545073
112  59.18352990  009.56545073  59.18349103  009.56551083
113  59.18341420  009.56543654
110 1 0.00 328.4200 New Taxiway 3
111  59.18363354  009.56578680
111  59.18379082  009.56559695
111  59.18423714  009.56506215
111  59.18421873  009.56460220
111  59.18408570  009.56403746
111  59.18407335  009.56393671
111  59.18353042  009.56400278
111  59.18351286  009.56407018
111  59.18345955  009.56412103
112  59.18344683  009.56408792  59.18344473  009.56405425
111  59.18344683  009.56408792
111  59.18340503  009.56340211
111  59.18330751  009.56342458
111  59.18331599  009.56355583
111  59.18316859  009.56358926
111  59.18321778  009.56445447
112  59.18321778  009.56445447  59.18321576  009.56455202
111  59.18318481  009.56469810
111  59.18315326  009.56468660
111  59.18323781  009.56496414
112  59.18326305  009.56483687  59.18329233  009.56480041
111  59.18326305  009.56483687
111  59.18338216  009.56469383
111  59.18346152  009.56465953
111  59.18358745  009.56504042
112  59.18360320  009.56514684  59.18360110  009.56518995
111  59.18360320  009.56514684
111  59.18358927  009.56533958
113  59.18352990  009.56545073
111  59.18331802  009.56378693
111  59.18335088  009.56378427
112  59.18337814  009.56384694  59.18338117  009.56389423
111  59.18337814  009.56384694
111  59.18339147  009.56404913
111  59.18336724  009.56410352
113  59.18333619  009.56410960
110 1 0.00 75.8300 New Taxiway 3
111  59.18379082  009.56559695
111  59.18392864  009.56582511
111  59.18402633  009.56594430
111  59.18422086  009.56591344
111  59.18460438  009.56586499
111  59.18474522  009.56611331
111  59.18482397  009.56615470
111  59.18493048  009.56607390
111  59.18492240  009.56593397
112  59.18488707  009.56576547  59.18486351  009.56570798
111  59.18485274  009.56563835
111  59.18484567  009.56552996
111  59.18473159  009.56554769
112  59.18467051  009.56569550  59.18461397  009.56571028
111  59.18467051  009.56569550
111  59.18463618  009.56556346
111  59.18459277  009.56556642
112  59.18455693  009.56562554  59.18453093  009.56560159
111  59.18455693  009.56562554
112  59.18455693  009.56562554  59.18455080  009.56561870
111  59.18454492  009.56557134
111  59.18444133  009.56558790
111  59.18443891  009.56569314
112  59.18441831  009.56574871  59.18440419  009.56575109
111  59.18441831  009.56574871
111  59.18431231  009.56575226
112  59.18428081  009.56570969  59.18427467  009.56566407
111  59.18428081  009.56570969
111  59.18426930  009.56561746
111  59.18443649  009.56558317
111  59.18442498  009.56535022
111  59.18428626  009.56536441
112  59.18428626  009.56536441  59.18428079  009.56532582
111  59.18423901  009.56531830
113  59.18423714  009.56506215
110 1 0.00 86.4900 New Taxiway 3
111  59.18402633  009.56594430
111  59.18405167  009.56632610
111  59.18403592  009.56652428
111  59.18422455  009.56658293
111  59.18414556  009.56628353
111  59.18414163  009.56605851
112  59.18422086  009.56591344  59.18430506  009.56588861
113  59.18422086  009.56591344
110 1 0.00 302.6500 New Taxiway 2
111  59.18477129  009.56840720
112  59.18477129  009.56840720  59.18479795  009.56820382
111  59.18486114  009.56797811
112  59.18500192  009.56758964  59.18506068  009.56745010
111  59.18513940  009.56738554
111  59.18470186  009.56726123
112  59.18478996  009.56761541  59.18474513  009.56788738
111  59.18478996  009.56761541
112  59.18459108  009.56810190  59.18454261  009.56818468
113  59.18459108  009.56810190
110 1 0.00 8.6700 New Taxiway 1
111  59.17925284  009.56509613 19
111  59.17926993  009.56488912 19
111  59.17875947  009.56473909 19
111  59.17869869  009.56549903 19
113  59.17921587  009.56564586
130 Airport Boundary 74
111  59.17899180  009.56293641
111  59.17772728  009.56465467
111  59.17755484  009.56548907
111  59.17810343  009.56597555
111  59.18156035  009.56694441
111  59.18222806  009.56839056
111  59.18244089  009.56808135
111  59.18303241  009.56824442
111  59.18400269  009.57098971
111  59.18400908  009.57209719
111  59.18441639  009.57387532
111  59.18504255  009.57424922
111  59.18608298  009.57290580
111  59.18604814  009.57159740
111  59.18996996  009.56992733
111  59.19098260  009.57034761
111  59.19172859  009.56950194
111  59.19185231  009.56842888
111  59.19167123  009.56738800
111  59.18606664  009.56529057
111  59.18549192  009.56517619
111  59.18425032  009.56259750
111  59.18312764  009.56279154
111  59.18314327  009.56322477
111  59.18298550  009.56358222
111  59.18221357  009.56423325
111  59.18198921  009.56529666
111  59.18160797  009.56521172
111  59.18200646  009.56320572
113  59.18075948  009.56334835
120 Linear Feature 31
111  59.18397044  009.56933942 20
115  59.18434855  009.57049309
120 Linear Feature 30
111  59.18417618  009.56998936 25
115  59.18413221  009.57004835
120 Linear Feature 30
111  59.18417733  009.56999263 25
115  59.18413337  009.57005162
120 Linear Feature 30
111  59.18417842  009.56999572 25
115  59.18413446  009.57005471
120 Linear Feature 30
111  59.18417945  009.56999864 25
115  59.18413549  009.57005763
120 Linear Feature 30
111  59.18418052  009.57000167 25
115  59.18413702  009.57006018
120 Linear Feature 30
111  59.18418151  009.57000445 25
115  59.18413800  009.57006296
120 Linear Feature 30
111  59.18418257  009.57000747 25
115  59.18413907  009.57006598
120 Linear Feature 30
111  59.18418360  009.57001039 25
115  59.18414010  009.57006890
120 Linear Feature 30
111  59.18418462  009.57001329 25
115  59.18414112  009.57007180
120 Linear Feature 30
111  59.18418566  009.57001624 25
115  59.18414216  009.57007475
120 Linear Feature 30
111  59.18418669  009.57001915 25
115  59.18414319  009.57007766
120 Linear Feature 30
111  59.18418777  009.57002221 25
115  59.18414427  009.57008072
120 Linear Feature 30
111  59.18418889  009.57002508 25
115  59.18414538  009.57008358
120 Linear Feature 30
111  59.18418994  009.57002807 25
115  59.18414644  009.57008658
120 Linear Feature 30
111  59.18419100  009.57003106 25
115  59.18414750  009.57008957
120 Linear Feature 30
111  59.18419204  009.57003401 25
115  59.18414854  009.57009252
120 Linear Feature 29
111  59.18450302  009.57170058 20
115  59.18479851  009.57248492
120 Linear Feature 22
111  59.18506399  009.56973126 1
112  59.18514782  009.57030457  59.18518329  009.57067621
111  59.18514782  009.57030457 1
111  59.18520929  009.57095936
112  59.18520929  009.57095936  59.18522821  009.57116711 1
111  59.18515626  009.57124990 1
111  59.18493556  009.57150928
111  59.18484489  009.57123332 3
111  59.18548301  009.57045129 3
111  59.18508044  009.56920736
112  59.18508044  009.56920736  59.18504679  009.56909650 3
111  59.18495745  009.56900132 3
111  59.18492168  009.56896556 3
112  59.18489203  009.56890597  59.18487772  009.56886409
111  59.18489203  009.56890597 3
111  59.18477827  009.56856046 3
112  59.18477129  009.56840720  59.18478220  009.56830433
111  59.18477129  009.56840720
112  59.18477129  009.56840720  59.18479795  009.56820382 3
111  59.18486114  009.56797811 3
112  59.18500192  009.56758964  59.18506068  009.56745010 3
115  59.18513940  009.56738554
120 Linear Feature 21
111  59.18410362  009.56645017 1
111  59.18407178  009.56571640
111  59.18386969  009.56501261 3
112  59.18402531  009.56581569  59.18404584  009.56620521
111  59.18402531  009.56581569 3
111  59.18405325  009.56632374
111  59.18419467  009.56647625 3
111  59.18414392  009.56628478 3
111  59.18413537  009.56593747
112  59.18413537  009.56593747  59.18413126  009.56581885 3
111  59.18408632  009.56553673 3
115  59.18402245  009.56516827
120 Linear Feature 20
111  59.18442997  009.56546556 1
111  59.18419902  009.56551070
112  59.18419902  009.56551070  59.18416456  009.56551534 1
115  59.18413922  009.56554085
120 Linear Feature 19
111  59.18326927  009.56414194 10
111  59.18327285  009.56423856
112  59.18327285  009.56423856  59.18327602  009.56434833 10
115  59.18332510  009.56438512
120 Linear Feature 15
111  59.18364682  009.56559706 4
111  59.18357719  009.56557650
111  59.18400852  009.56827446 4
111  59.18423683  009.56799625
111  59.18458693  009.56811090 4
115  59.18477578  009.56836212
120 Linear Feature 14
111  59.18412152  009.56862212 3
111  59.18365831  009.56719698
112  59.18365831  009.56719698  59.18357790  009.56696099 3
115  59.18346983  009.56689201
120 Linear Feature 13
112  59.18422011  009.56712627  59.18399820  009.56715079 3
111  59.18407509  009.56752779 3
111  59.18417713  009.56786671 3
111  59.18423908  009.56799945 3
112  59.18440918  009.56817653  59.18446248  009.56819782
111  59.18440918  009.56817653
112  59.18440918  009.56817653  59.18451276  009.56822620 3
112  59.18459108  009.56810190  59.18463954  009.56801913
111  59.18459108  009.56810190
112  59.18459108  009.56810190  59.18463954  009.56801913 3
111  59.18478996  009.56761541
112  59.18478996  009.56761541  59.18483479  009.56734344 3
115  59.18470186  009.56726123
120 Linear Feature 11
111  59.18302816  009.56650875 10
111  59.18353548  009.56665933
112  59.18353548  009.56665933  59.18359433  009.56667803 10
112  59.18373712  009.56697628  59.18382408  009.56724993
111  59.18373712  009.56697628 10
111  59.18411635  009.56815133 10
112  59.18429290  009.56832632  59.18442498  009.56834770
111  59.18429290  009.56832632 10
111  59.18439624  009.56834102
112  59.18439624  009.56834102  59.18443114  009.56834502 10
112  59.18474628  009.56875921  59.18486946  009.56913458
111  59.18474628  009.56875921 10
111  59.18535661  009.57060620
111  59.18484910  009.57059747 10
111  59.18486164  009.57048731 10
111  59.18509246  009.57058503
112  59.18509246  009.57058503  59.18522140  009.57063687 10
112  59.18523784  009.57024664  59.18521331  009.57014423
111  59.18523784  009.57024664
111  59.18464057  009.56988053 10
111  59.18465086  009.56977772
112  59.18465086  009.56977772  59.18464928  009.56972824
111  59.18462512  009.56976457 10
111  59.18482805  009.56986058
112  59.18482805  009.56986058  59.18498681  009.56993138 10
112  59.18500036  009.56952805  59.18497299  009.56939580
111  59.18500036  009.56952805
111  59.18437646  009.56915431 10
111  59.18439072  009.56904578 10
111  59.18461490  009.56915076
112  59.18461490  009.56915076  59.18474793  009.56919405 10
112  59.18476370  009.56881193  59.18472757  009.56865324
111  59.18476370  009.56881193
111  59.18468432  009.56860597 10
112  59.18467708  009.56825209  59.18474171  009.56806006
111  59.18467708  009.56825209 10
111  59.18495414  009.56739591
112  59.18495414  009.56739591  59.18496098  009.56737186 10
112  59.18525882  009.56717086  59.18547496  009.56721760
111  59.18525882  009.56717086 10
111  59.18573105  009.56731103
111  59.18486823  009.56766141
112  59.18486823  009.56766141  59.18497019  009.56731543 10
112  59.18466439  009.56699442  59.18451855  009.56695210
111  59.18466439  009.56699442 10
111  59.18419122  009.56685397
112  59.18419122  009.56685397  59.18414332  009.56683661 10
112  59.18400318  009.56693929  59.18395802  009.56703868
111  59.18400318  009.56693929
112  59.18400318  009.56693929  59.18386440  009.56729034 10
116  59.18394066  009.56760694  59.18395913  009.56766572
120 Linear Feature 10
111  59.18349467  009.56636557 3
112  59.18351991  009.56630070  59.18352394  009.56625340
111  59.18351991  009.56630070 3
111  59.18362692  009.56494773 2
111  59.18369681  009.56496470 3
111  59.18359016  009.56631383
112  59.18359016  009.56631383  59.18358662  009.56636704 3
115  59.18360909  009.56639348
120 Linear Feature 9
111  59.18303133  009.56647059 10
111  59.18340425  009.56657979
112  59.18340425  009.56657979  59.18344148  009.56658675 10
112  59.18354932  009.56638475  59.18358490  009.56617065
111  59.18354932  009.56638475
112  59.18354932  009.56638475  59.18353726  009.56658830 10
112  59.18366763  009.56665691  59.18370604  009.56666851
111  59.18366763  009.56665691 10
111  59.18418684  009.56680895
111  59.18354932  009.56638475 10
115  59.18366021  009.56495638
120 Linear Feature 8
111  59.19091061  009.56882267 10
112  59.19095171  009.56880359  59.19096748  009.56877956
111  59.19095171  009.56880359 10
111  59.19103272  009.56868994 10
112  59.19110070  009.56866223  59.19114596  009.56867416
111  59.19110070  009.56866223
112  59.19110070  009.56866223  59.19110968  009.56866447 10
112  59.19117132  009.56886069  59.19116147  009.56901461 10
111  59.19107067  009.56900502 10
111  59.19076472  009.56892169
112  59.19076472  009.56892169  59.19074244  009.56891640 10
111  59.19072677  009.56889529 10
111  59.19064023  009.56875822
112  59.19064023  009.56875822  59.19063055  009.56874243 10
115  59.19060947  009.56873630
120 Linear Feature 7
111  59.17934969  009.56540970 10
112  59.17929715  009.56535198  59.17927702  009.56531140
111  59.17929715  009.56535198 10
111  59.17905545  009.56498011 10
112  59.17902479  009.56495434  59.17900939  009.56495058
111  59.17902479  009.56495434 10
111  59.17887672  009.56490555 10
112  59.17879118  009.56504854  59.17877613  009.56519772 10
111  59.17886445  009.56525414 10
115  59.17888544  009.56526110
21  59.18062552  009.56518802 4 8.8494 4.00 New Light Fixture 160
21  59.18914099  009.56890678 4 186.7193 4.00 New Light Fixture 159
20  59.18347929  009.56555476 98.5369 0 3 {@L}W1{@R}19-01
20  59.18375701  009.56565049 98.5369 0 3 {@L}W1{@R}19-01
20  59.18483930  009.56845133 302.4447 0 3 {@L}E2{@R}01-19
20  59.18453066  009.56801276 302.4447 0 3 {@L}E2{@R}01-19
20  59.18430481  009.56793889 239.7348 0 3 {@L}E1{@R}01-19
20  59.18394533  009.56832668 239.7348 0 3 {@L}E1{@R}01-19
14  59.18442105  009.57003263  45.93 0 New Tower Viewpoint 10
1300  59.18422344  009.56550376 174.28 tie_down turboprops|props General Aviation 3
1301 A general_aviation 
1300  59.18400941  009.56428269  85.37 tie_down turboprops|props General Aviation 2
1301 A general_aviation 
1300  59.18332651  009.56439233   7.89 tie_down turboprops|props General Aviation 1
1301 A general_aviation 
1300  59.18486443  009.57048828 -167.93 tie_down turboprops Stand 3
1301 B none 
1300  59.18462650  009.56976590 -166.59 tie_down turboprops Stand 2
1301 B none 
1300  59.18439292  009.56905085 -167.04 tie_down turboprops Stand 1
1301 B none 
19  59.18247657  009.56509275 0 WS
50 11920 INFORMATION
55 13405 FARRIS APP
1200 
1201  59.18404496  009.56554649 both 0 _start
1201  59.18394615  009.56503124 both 1 _start
1201  59.18399375  009.56448040 both 2 _stop
1201  59.18349805  009.56441537 both 3 _stop
1201  59.18526130  009.57030925 both 4 _stop
1201  59.18451597  009.56835752 both 5 _stop
1201  59.18471413  009.56866682 both 6 _stop
1201  59.18421995  009.56831468 both 7 _stop
1201  59.18361124  009.56558586 both 8 _start
1201  59.18366304  009.56490653 both 9 _start
1201  59.18384515  009.56477957 both 10 _start
1201  59.18467996  009.56824360 both 11 _stop
1201  59.18411608  009.56815021 both 12 _stop
1201  59.19117056  009.56890051 both 13 N_stop
1201  59.17878902  009.56524259 both 14 N_start
1201  59.18353010  009.56664439 both 15 N_start
1201  59.18364149  009.56667952 both 16 N_start
1201  59.18404722  009.56679531 both 17 N_start
1201  59.18477146  009.56700861 both 18 N_start
1201  59.18386356  009.56735721 both 19 N_start
1201  59.18505303  009.56709357 both 20 N_start
1201  59.18494383  009.56742090 both 21 N_start
1202 0 1 twoway taxiway_A 
1202 1 10 twoway taxiway_A 
1202 9 10 twoway taxiway_A 
1202 10 2 twoway taxiway_A 
1202 8 9 twoway taxiway_A 
1202 9 3 twoway taxiway_A 
1202 11 6 twoway taxiway_B 
1202 5 6 twoway taxiway_B 
1202 6 4 twoway taxiway_B 
1202 7 5 twoway taxiway_B 
1202 12 7 twoway taxiway_B 
1202 8 15 twoway taxiway_A W1
1204 departure 01,19
1204 arrival 01,19
1202 18 21 twoway taxiway_B E2
1204 departure 01,19
1204 arrival 01,19
1202 19 17 twoway taxiway_B E1
1204 departure 01,19
1204 arrival 01,19
1202 20 21 twoway taxiway_B E2
1204 departure 01,19
1204 arrival 01,19
1202 21 11 twoway taxiway_B E2
1204 departure 01,19
1204 arrival 01,19
1202 16 19 twoway taxiway_B E1
1204 departure 01,19
1204 arrival 01,19
1202 19 12 twoway taxiway_B E1
1204 departure 01,19
1204 arrival 01,19
1202 14 15 twoway runway 01/19
1204 departure 01,19
1204 arrival 01,19
1204 ils 01,19
1202 15 16 twoway runway 01/19
1204 departure 01,19
1204 arrival 01,19
1204 ils 01,19
1202 16 17 twoway runway 01/19
1204 departure 01,19
1204 arrival 01,19
1204 ils 01,19
1202 17 18 twoway runway 01/19
1204 departure 01,19
1204 arrival 01,19
1204 ils 01,19
1202 18 20 twoway runway 01/19
1204 departure 01,19
1204 arrival 01,19
1204 ils 01,19
1202 20 13 twoway runway 01/19
1204 departure 01,19
1204 arrival 01,19
1204 ils 01,19
99
