I
1100 Generated by WorldEditor 1.7.1r2

1     16 1 0 ENSR Sørkjosen
1302 city Sørkjosen
1302 country Norway
1302 datum_lat 69.786666667
1302 datum_lon 20.959722222
1302 faa_code 
1302 iata_code SOJ
1302 icao_code ENSR
1302 region_code EN
1302 state Troms
1302 transition_alt 7000
1302 transition_level 
100 29.87 1 0 0.30 1 0 0 15  69.79126400  020.95323300   58    0 2 9 0 0 33  69.78311100  020.96467500   63    0 2 9 0 0
110 1 0.30 0.0000 New Taxiway 6
111  69.79080566  020.95430849
111  69.79100571  020.95449722
111  69.79138559  020.95394718
113  69.79132261  020.95358301
110 1 0.30 0.0000 New Taxiway 5
111  69.78352169  020.96366536
111  69.78345398  020.96358574
111  69.78302790  020.96418255
111  69.78316946  020.96502649
111  69.78335266  020.96476688
113  69.78323539  020.96406707
110 1 0.30 0.0000 New Taxiway 4
111  69.78502594  020.95868763
112  69.78518816  020.95969337  69.78527166  020.96021056
111  69.78518816  020.95969337
112  69.78518816  020.95969337  69.78527680  020.96024240
112  69.78538178  020.96088712  69.78539274  020.96095053
111  69.78538178  020.96088712
112  69.78538178  020.96088712  69.78540306  020.96101025
111  69.78537211  020.96108301
111  69.78547461  020.96094869
112  69.78557131  020.96080317  69.78552490  020.96080877
111  69.78550942  020.96069684
112  69.78537018  020.95985174  69.78532183  020.95954951
111  69.78540693  020.95941519
112  69.78568541  020.95901783  69.78576470  020.95891708
111  69.78582852  020.95920252
112  69.78595616  020.95998046  69.78598517  020.96014836
111  69.78594262  020.96027149
111  69.78606446  020.96011478
112  69.78619017  020.95992449  69.78614955  020.95996367
111  69.78608767  020.95977898
112  69.78593682  020.95886112  69.78591168  020.95869881
111  69.78595616  020.95861486
111  69.78617183  020.95830279
111  69.78600753  020.95734376
113  69.78507627  020.95861872
130 Airport Boundary 1
111  69.79255716  020.95158713
111  69.79214311  020.94975618
111  69.79174538  020.95023744
111  69.79083736  020.95017993
111  69.78759377  020.95470221
111  69.78779463  020.95582405
111  69.78679588  020.95724352
111  69.78650604  020.95592737
111  69.78599602  020.95660119
111  69.78566035  020.95666747
111  69.78508288  020.95741938
111  69.78480753  020.95781048
111  69.78465008  020.96006456
111  69.78236880  020.96347093
111  69.78317748  020.96672862
113  69.79189407  020.95504285
120 Linear Feature 40
111  69.79109637  020.95330668 1
112  69.79124947  020.95340776  69.79131528  020.95362158 1
115  69.79119575  020.95389371
120 Linear Feature 38
111  69.79090701  020.95374987 1
116  69.79109637  020.95330668  69.79114069  020.95311618
120 Linear Feature 37
111  69.79079419  020.95390537 1
111  69.79090701  020.95374987 1
116  69.79119575  020.95389371  69.79125619  020.95380429
120 Linear Feature 33
111  69.78326680  020.96410753 1
112  69.78317726  020.96447997  69.78325449  020.96497871 1
115  69.78333171  020.96464513
120 Linear Feature 32
111  69.78354435  020.96407839 1
116  69.78333171  020.96464513  69.78328806  020.96490422
120 Linear Feature 30
111  69.78362269  020.96396504 1
111  69.78354435  020.96407839 1
116  69.78326680  020.96410753  69.78314705  020.96400714
120 Linear Feature 29
111  69.78531734  020.95914288 1
115  69.78533930  020.95927109
120 Linear Feature 28
111  69.78541529  020.95899983 1
115  69.78539060  020.95885723
120 Linear Feature 27
111  69.78556601  020.95878120 1
115  69.78558801  020.95891121
120 Linear Feature 26
111  69.78566432  020.95864085 1
115  69.78564319  020.95850635
120 Linear Feature 25
111  69.78543808  020.96079140 1
116  69.78535725  020.96159438  69.78521813  020.96180355
120 Linear Feature 23
111  69.78584154  020.95877789 1
112  69.78568678  020.95860966  69.78560129  020.95872662
111  69.78568678  020.95860966
112  69.78568678  020.95860966  69.78568041  020.95861839 1
112  69.78566432  020.95864085  69.78565580  020.95865282
111  69.78566432  020.95864085
112  69.78566432  020.95864085  69.78563849  020.95867711 1
112  69.78556601  020.95878120  69.78552827  020.95883561
111  69.78556601  020.95878120
112  69.78556601  020.95878120  69.78551652  020.95885254 1
112  69.78541529  020.95899983  69.78536872  020.95906769
111  69.78541529  020.95899983
112  69.78541529  020.95899983  69.78537220  020.95906262 1
112  69.78531734  020.95914288  69.78529864  020.95917026
111  69.78531734  020.95914288
112  69.78531734  020.95914288  69.78530856  020.95915574 1
111  69.78530362  020.95916297 1
112  69.78524922  020.95961506  69.78529507  020.95990296 1
111  69.78543808  020.96079140 1
116  69.78576917  020.96103207  69.78599145  020.96070143
120 Linear Feature 22
111  69.78584154  020.95877789 1
112  69.78585684  020.95805120  69.78595166  020.95791400 1
115  69.78600773  020.95830831
120 Linear Feature 21
111  69.78602822  020.95992834 1
116  69.78592346  020.96080285  69.78573947  020.96107104
120 Linear Feature 20
111  69.78603090  020.95827262 1
111  69.78600773  020.95830831 1
111  69.78586437  020.95852914 1
112  69.78584154  020.95877789  69.78587243  020.95897222 1
111  69.78602822  020.95992834 1
116  69.78634248  020.96022374  69.78653856  020.95994778
120 Linear Feature 19
111  69.78611283  020.95837756 1
115  69.78599196  020.95762743
120 Hold B
111  69.78536597  020.95985899 54 105
115  69.78524753  020.96002902
120 Hold A
111  69.78595913  020.95903577 54 105
115  69.78582852  020.95920252
120 Linear Feature 16
111  69.78519064  020.95968354 55
115  69.78616991  020.95829621
120 Linear Feature 14
111  69.78352064  020.96368452 51
115  69.78362995  020.96436354
120 Linear Feature 13
111  69.79069416  020.95361516 51
115  69.79080422  020.95429116
20  69.78522734  020.96005644 64.9400 0 2 {@R}15/33{@@,@Y}B
20  69.78598166  020.95901029 66.4500 0 2 {@R}15/33{@@,@Y}A
14  69.78539626  020.95802519  32.81 0 New Tower Viewpoint 1
1300  69.78600404  020.95827506  66.28 tie_down turboprops|props GA
1301 A general_aviation 
1300  69.78555525  020.95879653 333.91 tie_down turboprops|props Terminal
1301 B airline 
19  69.79036247  020.95659585 0 New Windsock 4
19  69.78338691  020.96254831 0 New Windsock 2
51 11960 Sorkjosen Information
1200 
1201  69.78324646  020.96406962 both 0 _stop
1201  69.78317281  020.96455700 both 1 _stop
1201  69.78333153  020.96465944 both 2 _stop
1201  69.79118743  020.95390482 both 3 _stop
1201  69.79126340  020.95346500 both 4 _stop
1201  69.79109469  020.95330221 both 5 _stop
1201  69.79090625  020.95375060 both 6 _stop
1201  69.78578518  020.95847351 both 7 _stop
1201  69.78519761  020.95932209 both 8 _stop
1201  69.78589150  020.95908241 both 9 _start
1201  69.78529946  020.95991806 both 10 _stop
1201  69.78553337  020.96130107 both 11 _start
1201  69.78547489  020.96095531 both 12 unnamed entity(split)
1201  69.78541641  020.96060956 both 13 unnamed entity(split)
1201  69.78357566  020.96402003 both 14 _stop
1201  69.79074882  020.95395672 both 15 _start
1201  69.78612751  020.96046376 both 16 unnamed entity(split)
1201  69.78485383  020.96225635 both 17 unnamed entity(split)
1202 0 14 twoway taxiway_B 
1204 departure 15,33
1204 arrival 15,33
1202 1 0 twoway taxiway_B 
1204 departure 15,33
1204 arrival 15,33
1202 2 1 twoway taxiway_B 
1204 departure 15,33
1204 arrival 15,33
1202 14 2 twoway taxiway_B 
1204 departure 15,33
1204 arrival 15,33
1202 3 6 twoway taxiway_B 
1204 departure 15,33
1204 arrival 15,33
1202 4 3 twoway taxiway_B 
1204 departure 15,33
1204 arrival 15,33
1202 5 4 twoway taxiway_B 
1204 departure 15,33
1204 arrival 15,33
1202 6 5 twoway taxiway_B 
1204 departure 15,33
1204 arrival 15,33
1202 15 6 twoway taxiway_B 
1204 departure 15,33
1204 arrival 15,33
1202 7 9 twoway taxiway_B A
1202 10 8 twoway taxiway_B B
1202 9 16 twoway taxiway_B A
1204 departure 15,33
1204 arrival 15,33
1202 11 12 twoway taxiway_B B
1204 departure 15,33
1204 arrival 15,33
1202 12 13 twoway taxiway_B B
1204 departure 15,33
1204 arrival 15,33
1202 13 10 twoway taxiway_B B
1204 departure 15,33
1204 arrival 15,33
1202 15 16 twoway runway 15/33
1204 departure 15,33
1204 arrival 15,33
1204 ils 15,33
1202 16 11 twoway runway 15/33
1204 departure 15,33
1204 arrival 15,33
1204 ils 15,33
1202 11 17 twoway runway 15/33
1204 departure 15,33
1204 arrival 15,33
1204 ils 15,33
1202 17 14 twoway runway 15/33
1204 departure 15,33
1204 arrival 15,33
1204 ils 15,33
99
