I
1100 Generated by WorldEditor 1.7.21r1

1    194 0 0 ENSU Vinnu
1302 city Sunndalsøra
1302 country Norway
1302 datum_lat 62.657
1302 datum_lon 8.68
1302 faa_code 
1302 iata_code 
1302 icao_code ENSU
1302 region_code EN
1302 state Møre og Romsdal
1302 transition_alt 
1302 transition_level 
100 29.87 3 0 0.00 0 0 0 10  62.65725496  008.67478048    0    0 0 0 0 0 28  62.65664396  008.68657352    0    0 0 0 0 0
110 3 0.00 0.0000 Apron
111  62.65710649  008.67518064
112  62.65624545  008.67608311  62.65587586  008.67627271
111  62.65589570  008.67738846
112  62.65589570  008.67738846  62.65590146  008.67764560
112  62.65680451  008.67763861  62.65686788  008.67769505
113  62.65691975  008.67882512
130 Airport Boundary
111  62.65704701  008.67462737
111  62.65697188  008.67529698
111  62.65596567  008.67610498
111  62.65580639  008.67775672
111  62.65679468  008.67786191
111  62.65632944  008.68684388
111  62.65686207  008.68697209
113  62.65753083  008.67473556
14  62.65649373  008.67671738  32.81 0 Clubhouse
15  62.65683613  008.67616757  43.15 Clubhouse
19  62.65732198  008.67668367 0 New Windsock 1
99
