I
1100 Generated by WorldEditor 1.7.1r1

1      0 1 0 ENTC Tromso Langnes
1302 city Tromsø
1302 country Norway
1302 datum_lat 69.681388889
1302 datum_lon 18.917777778
1302 faa_code 
1302 iata_code TOS
1302 icao_code ENTC
1302 region_code EN
1302 state Troms
1302 transition_alt 7000
1302 transition_level 
100 42.99 1 0 0.00 1 3 0 01  69.67237433  018.91160396   56    0 5 1 0 0 19  69.69380013  018.92588123  396  145 5 1 0 0
110 1 0.00 13.0300 New Taxiway 3
111  69.67317726  018.91156492 24
111  69.67294344  018.91112088 24
111  69.67244109  018.91078448 24
111  69.67231194  018.91240201 24
111  69.67280999  018.91273869 24
113  69.67309896  018.91265602
110 1 0.00 13.0000 New Taxiway 79
111  69.67745082  018.91576783
112  69.67749416  018.91588068  69.67750319  018.91594844
111  69.67750091  018.91602610
111  69.67724887  018.91924457
112  69.67720681  018.91951592  69.67718185  018.91956819
111  69.67714093  018.91955320
111  69.67542220  018.91831048
112  69.67538587  018.91812430  69.67538035  018.91799725
111  69.67539834  018.91793373
112  69.67587932  018.91636093  69.67596874  018.91594429
111  69.67607888  018.91501839
112  69.67610436  018.91493331  69.67611737  018.91490721
111  69.67614209  018.91489424
111  69.67623904  018.91472978
111  69.67592270  018.91451952
111  69.67595534  018.91476146
112  69.67597948  018.91488006  69.67598658  018.91496038
111  69.67597691  018.91506068
112  69.67579809  018.91624890  69.67571808  018.91660796
111  69.67538547  018.91761013
112  69.67526700  018.91772069  69.67523470  018.91778273
112  69.67521471  018.91785242  69.67520478  018.91790142
111  69.67518366  018.91805942
112  69.67515669  018.91813704  69.67514219  018.91815516
111  69.67510767  018.91813939
112  69.67440802  018.91769827  69.67439304  018.91768651
111  69.67436707  018.91758924
112  69.67434835  018.91724132  69.67433686  018.91714584
111  69.67427629  018.91712371
112  69.67419969  018.91714658  69.67417723  018.91717607
111  69.67414635  018.91729032
112  69.67409254  018.91750839  69.67407789  018.91753561
111  69.67402284  018.91763497
111  69.67409066  018.91781147
111  69.67507110  018.91839071
112  69.67512296  018.91847227  69.67513762  018.91850630
111  69.67516234  018.91858673
111  69.67541063  018.91873522
112  69.67544987  018.91865082  69.67546690  018.91864428
111  69.67550567  018.91865490
111  69.67707842  018.91982999
112  69.67712737  018.91990982  69.67713558  018.91994764
111  69.67713919  018.91999014
111  69.67727964  018.92008620
112  69.67738109  018.92002934  69.67742081  018.92003070
111  69.67746443  018.92004966
111  69.67749200  018.91975497
112  69.67748936  018.91959029  69.67748085  018.91948737
111  69.67741527  018.91941183
112  69.67735569  018.91927133  69.67734576  018.91919373
111  69.67735058  018.91913084
111  69.67759400  018.91607839
112  69.67762293  018.91596286  69.67764072  018.91593214
111  69.67766887  018.91592191
111  69.67775728  018.91574960
113  69.67736600  018.91548470
110 1 0.00 13.0000 New Taxiway 78
111  69.67992022  018.91740009
112  69.67995023  018.91752272  69.67995614  018.91757151
111  69.67995198  018.91764200
112  69.67984221  018.91909117  69.67981242  018.91944654
111  69.67970259  018.92075397
112  69.67967808  018.92087161  69.67966527  018.92089147
111  69.67963720  018.92090302
111  69.67956532  018.92095631
112  69.67947790  018.92123393  69.67944590  018.92149666
111  69.67957758  018.92165508
111  69.67970050  018.92174110
112  69.67993146  018.91913836  69.67996125  018.91874759
111  69.68004277  018.91768670
112  69.68007252  018.91757704  69.68009281  018.91755472
111  69.68012256  018.91754581
111  69.68019783  018.91737233
113  69.67988033  018.91714823
110 1 0.00 13.0300 MAIN
111  69.67651932  018.91356324
112  69.67639612  018.91323111  69.67636647  018.91299206
111  69.67638864  018.91279959
111  69.67645265  018.91201498
111  69.67648694  018.91159458
111  69.67649866  018.91145094
112  69.67660687  018.91112935  69.67667915  018.91105870
111  69.67673383  018.91109387
111  69.67683568  018.91116339
111  69.67704051  018.91130319
111  69.67712193  018.91135876
112  69.67727395  018.91167159  69.67731123  018.91187406
111  69.67729643  018.91210662
111  69.67725044  018.91267109
111  69.67719061  018.91340551
112  69.67713099  018.91372239  69.67708608  018.91384923
111  69.67700949  018.91388744
111  69.67681903  018.91404535
111  69.67772347  018.91463694
111  69.67762130  018.91429057
112  69.67753111  018.91396663  69.67750976  018.91378514
111  69.67751323  018.91359589
111  69.67757598  018.91275532
111  69.67760459  018.91237203
111  69.67761918  018.91217657
112  69.67772726  018.91190053  69.67781057  018.91183345
111  69.67791772  018.91190561
111  69.67800750  018.91196658
111  69.67815240  018.91206497
111  69.68035961  018.91356381
112  69.68054967  018.91388482  69.68060389  018.91409220
111  69.68059415  018.91431195
111  69.68054342  018.91490934
111  69.68047914  018.91566650
112  69.68040219  018.91592978  69.68034119  018.91602737
111  69.68017542  018.91600601
111  69.68000835  018.91614725
111  69.68105104  018.91684162
111  69.68092723  018.91650226
112  69.68082988  018.91627356  69.68079952  018.91609464
111  69.68080580  018.91596901
111  69.68088749  018.91502242
111  69.68092516  018.91458598
111  69.68094131  018.91439885
112  69.68104522  018.91409105  69.68111345  018.91402633
111  69.68118831  018.91408080
111  69.68130961  018.91416146
111  69.68145903  018.91426081
111  69.68271627  018.91509678
111  69.68288145  018.91520661
111  69.68306319  018.91532745
112  69.68316550  018.91563778  69.68319233  018.91582282
111  69.68318618  018.91603671
111  69.68316674  018.91626349
111  69.68314644  018.91650022
111  69.68310887  018.91693838
112  69.68298827  018.91754572  69.68292422  018.91769798
111  69.68281178  018.91778805
111  69.68259109  018.91786761
111  69.68368178  018.91858823
111  69.68359743  018.91827824
112  69.68336908  018.91783568  69.68331520  018.91756630
111  69.68334899  018.91703605
111  69.68338738  018.91665625
111  69.68340806  018.91645169
111  69.68346505  018.91588787
112  69.68355286  018.91559244  69.68361905  018.91547100
111  69.68355286  018.91559244
112  69.68355286  018.91559244  69.68358548  018.91553259
112  69.68365145  018.91548449  69.68368051  018.91546791
111  69.68365145  018.91548449
112  69.68365145  018.91548449  69.68368134  018.91546743
111  69.68370291  018.91546619
111  69.68374489  018.91546609
111  69.68438898  018.91546458
112  69.68449268  018.91548927  69.68452749  018.91550198
111  69.68462746  018.91556687
111  69.68741490  018.91743662
112  69.68757599  018.91794635  69.68761496  018.91828559
111  69.68758749  018.91861136
111  69.68744821  018.92024944
112  69.68737379  018.92057392  69.68730883  018.92071832
111  69.68723450  018.92071748
111  69.68707792  018.92086990
111  69.68794929  018.92142832
111  69.68787088  018.92114183
112  69.68778460  018.92081243  69.68776554  018.92058058
111  69.68778411  018.92040491
111  69.68809045  018.91673900
112  69.68809530  018.91550306  69.68805138  018.91491097
111  69.68779181  018.91447665
111  69.68686068  018.91387125
112  69.68678228  018.91378365  69.68675404  018.91372941
111  69.68672951  018.91358785
112  69.68664751  018.91319726  69.68659566  018.91300691
112  69.68630547  018.91260878  69.68619059  018.91245650
111  69.68492430  018.91119935
112  69.68453111  018.91073891  69.68428589  018.91057376
111  69.68403782  018.91057175
111  69.68395786  018.91070259
112  69.68394530  018.91107831  69.68389988  018.91122618
111  69.68372015  018.91113649
111  69.68300589  018.91064435
112  69.68286191  018.91100611  69.68282269  018.91109225
111  69.68277072  018.91117069
111  69.68273329  018.91136209
111  69.68277421  018.91138898
111  69.68262813  018.91288427
111  69.68286582  018.91304178
111  69.68296917  018.91285605
111  69.68319208  018.91300270
111  69.68318320  018.91311075
111  69.68336109  018.91322946
111  69.68333990  018.91341943
111  69.68328276  018.91356767
111  69.68324560  018.91375912
111  69.68332863  018.91389124
111  69.68330526  018.91413378
112  69.68321785  018.91432342  69.68316066  018.91438239
111  69.68310652  018.91436251
111  69.68160058  018.91335353
112  69.68144879  018.91300607  69.68140502  018.91274582
111  69.68143029  018.91252303
111  69.68144454  018.91233700
112  69.68141743  018.91220513  69.68141331  018.91209330
111  69.68142173  018.91197301
111  69.68144702  018.91201542
111  69.68171262  018.90883756
111  69.68067354  018.90815281
111  69.68063493  018.90859284
111  69.67929790  018.90772647
111  69.67930078  018.90794714
111  69.67943106  018.90817817
112  69.67893469  018.90897503  69.67862307  018.90884991
111  69.67893469  018.90897503
112  69.67893469  018.90897503  69.67849373  018.90879798
111  69.67845178  018.90777054
111  69.67800721  018.90720095
111  69.67745749  018.90682895
112  69.67736839  018.90687873  69.67733112  018.90695496
111  69.67728143  018.90692367
111  69.67695737  018.90670680
112  69.67685890  018.90673920  69.67681820  018.90680273
111  69.67676031  018.90685975
111  69.67664124  018.90726987
111  69.67646992  018.90737525
111  69.67603508  018.90829016
111  69.67588751  018.90868973
111  69.67579967  018.90904884
111  69.67565684  018.91011986
112  69.67569632  018.91064879  69.67576398  018.91088085
111  69.67586564  018.91087863
111  69.67607735  018.91086844
112  69.67615937  018.91096302  69.67620595  018.91107171
111  69.67620048  018.91119173
111  69.67618636  018.91136185
111  69.67613756  018.91194998
111  69.67607792  018.91266877
112  69.67600755  018.91299246  69.67595884  018.91311036
111  69.67582752  018.91313387
111  69.67571928  018.91329420
113  69.67659334  018.91387360
110 1 0.00 13.0300 Turn19
111  69.69319336  018.92686237
111  69.69369006  018.92719309
111  69.69375715  018.92641611
113  69.69291727  018.92585119
130 Airport Boundary 46
111  69.67061826  018.91113321
111  69.67241860  018.91372710
111  69.67239849  018.91625545
111  69.67408760  018.91787546
111  69.67975169  018.92179354
111  69.68174881  018.92139382
111  69.69194390  018.92652568
111  69.69382095  018.92775448
111  69.69535593  018.92889120
111  69.69585051  018.92747529
111  69.69597867  018.92559265
111  69.69542929  018.92411914
111  69.69173987  018.92164738
111  69.68829316  018.91902694
111  69.68844668  018.91628733
111  69.68809500  018.91365000
111  69.68434028  018.90958678
111  69.68381578  018.90726964
111  69.67851162  018.90395917
111  69.67702065  018.90555088
111  69.67528119  018.90779677
111  69.67304264  018.90863961
111  69.67262694  018.91029036
113  69.67076259  018.90945146
120 Linear Feature 22
111  69.67912485  018.90563654 20
112  69.67901856  018.90554793  69.67896912  018.90549118 20
111  69.67895811  018.90532762 20
111  69.67896022  018.90473319 20
112  69.67898419  018.90458276  69.67900885  018.90453185 20
111  69.67903393  018.90453996 20
111  69.67960254  018.90488001 20
112  69.67972073  018.90502818  69.67977567  018.90508799 20
111  69.67988715  018.90512311 20
111  69.68003106  018.90518231 20
112  69.68004881  018.90520177  69.68005269  018.90521666 20
111  69.68005047  018.90523310 20
111  69.68003206  018.90542225 20
111  69.68010086  018.90549744 20
111  69.68011928  018.90531093 20
112  69.68013547  018.90526431  69.68014243  018.90525268 20
111  69.68015334  018.90525788 20
111  69.68030805  018.90536627 20
112  69.68032871  018.90543219  69.68033220  018.90546457 20
111  69.68033038  018.90552062 20
111  69.68026364  018.90620446 20
112  69.68019915  018.90630896  69.68014937  018.90630896 20
115  69.68007132  018.90625023
120 Linear Feature 21
111  69.67915733  018.90620592 20
111  69.67926419  018.90628228 20
111  69.67935562  018.90638663 20
111  69.67993781  018.90677322 20
111  69.67997857  018.90669284 20
115  69.68006389  018.90674954
120 Linear Feature 20
111  69.67914792  018.90629590 20
115  69.68005006  018.90691081
120 Linear Feature 19
111  69.67915733  018.90620592 20
112  69.67896065  018.90593461  69.67894310  018.90583511
111  69.67896065  018.90593461
112  69.67896065  018.90593461  69.67894741  018.90587387 20
112  69.67892070  018.90567952  69.67890991  018.90567088
111  69.67892070  018.90567952
112  69.67892070  018.90567952  69.67891745  018.90567692 20
112  69.67890833  018.90570460  69.67890411  018.90573262
111  69.67890833  018.90570460
112  69.67890833  018.90570460  69.67890405  018.90574655 20
112  69.67889175  018.90583791  69.67889157  018.90584989
111  69.67889175  018.90583791
112  69.67889175  018.90583791  69.67889150  018.90585505 20
112  69.67889927  018.90591960  69.67890847  018.90597479 20
112  69.67897049  018.90610967  69.67900161  018.90617566 20
113  69.67914882  018.90629503 20
120 Linear Feature 18
111  69.67910940  018.90571584 20
112  69.67903749  018.90565383  69.67901244  018.90562638 20
111  69.67896478  018.90556065 20
112  69.67895851  018.90556086  69.67895617  018.90556669 20
111  69.67895935  018.90558745 20
112  69.67903895  018.90587220  69.67909064  018.90598292 20
111  69.67933441  018.90617540 20
111  69.67936652  018.90614325 20
111  69.67996171  018.90651692 20
111  69.67997288  018.90656381 20
111  69.68007849  018.90665090 20
112  69.68016320  018.90660423  69.68020262  018.90654189 20
111  69.68023225  018.90647810 20
112  69.68023688  018.90644990  69.68023578  018.90643338 20
111  69.68022993  018.90643790 20
112  69.68015408  018.90648881  69.68010717  018.90649440
111  69.68015408  018.90648881
112  69.68015408  018.90648881  69.68011686  018.90647542 20
115  69.68005544  018.90642584
120 Linear Feature 17
111  69.68022842  018.90666201 20
112  69.68016425  018.90675371  69.68012564  018.90678286 20
111  69.68006389  018.90674954 20
111  69.68005231  018.90691210 20
112  69.68016425  018.90692461  69.68021484  018.90687540 20
111  69.68024193  018.90669674 20
114  69.68024090  018.90666785  69.68023688  018.90665225 20
120 Linear Feature 16
111  69.68048010  018.90551668 20
112  69.68042407  018.90553685  69.68040612  018.90558187 20
111  69.68039930  018.90564874 20
111  69.68026941  018.90692588 20
112  69.68020634  018.90715178  69.68016060  018.90722514 20
111  69.68011237  018.90719970 20
111  69.68003551  018.90716733 20
111  69.67924159  018.90667168 20
111  69.67921183  018.90668601 20
111  69.67888515  018.90643128 20
112  69.67881947  018.90621762  69.67878858  018.90604234 20
111  69.67880471  018.90590402 20
112  69.67883765  018.90556804  69.67885496  018.90539440 20
111  69.67887724  018.90523248 20
112  69.67888748  018.90461585  69.67884645  018.90429859
111  69.67888748  018.90461585
112  69.67888748  018.90461585  69.67885711  018.90448839 20
115  69.67880629  018.90450450
120 Linear Feature 22
111  69.67862709  018.91132169 19
111  69.67862633  018.91130949 19
111  69.67861843  018.91134199 19
113  69.67862849  018.91134721 19
120 Linear Feature 22
111  69.67817197  018.91102399 19
111  69.67817122  018.91101179 19
111  69.67816332  018.91104428 19
113  69.67817338  018.91104951 19
120 Linear Feature 22
111  69.67771150  018.91071571 19
111  69.67771074  018.91070351 19
111  69.67770284  018.91073600 19
113  69.67771290  018.91074122 19
120 Linear Feature 22
111  69.68099418  018.91289053 19
111  69.68099342  018.91287833 19
111  69.68098555  018.91291090 19
113  69.68099562  018.91291603 19
120 Linear Feature 22
111  69.68063971  018.91266332 19
111  69.68063894  018.91265113 19
111  69.68063107  018.91268369 19
113  69.68064114  018.91268883 19
120 Linear Feature 22
111  69.68028468  018.91242841 19
111  69.68028393  018.91241620 19
111  69.68027603  018.91244870 19
113  69.68028609  018.91245392 19
120 Linear Feature 22
111  69.67993107  018.91219509 19
111  69.67993032  018.91218289 19
111  69.67992242  018.91221539 19
113  69.67993248  018.91222061 19
120 Linear Feature 22
111  69.67956762  018.91196047 19
111  69.67956686  018.91194827 19
111  69.67955896  018.91198076 19
113  69.67956902  018.91198599 19
120 Linear Feature 22
111  69.67907614  018.91162365 19
111  69.67907539  018.91161145 19
111  69.67906749  018.91164394 19
113  69.67907755  018.91164916 19
120 Linear Feature 22
111  69.67731420  018.91045556 19
111  69.67731344  018.91044336 19
111  69.67730554  018.91047585 19
113  69.67731560  018.91048108 19
120 Linear Feature 21
111  69.67861880  018.91139548 10
115  69.67877657  018.90951399
120 Linear Feature 21
111  69.67816369  018.91109778 10
115  69.67836753  018.90876754
120 Linear Feature 21
111  69.67770321  018.91078950 10
115  69.67797273  018.90753634
120 Linear Feature 21
111  69.68098598  018.91296440 10
115  69.68130000  018.90911253
120 Linear Feature 21
111  69.68063151  018.91273719 10
115  69.68090365  018.90950153
120 Linear Feature 21
111  69.68027640  018.91250220 10
115  69.68054789  018.90921348
120 Linear Feature 21
111  69.67992279  018.91226889 10
115  69.68018822  018.90896442
120 Linear Feature 21
111  69.67955933  018.91203426 10
115  69.67982491  018.90874773
120 Linear Feature 21
111  69.67906786  018.91169744 10
115  69.67920893  018.90985730
120 Linear Feature 21
111  69.67730591  018.91052935 10
115  69.67757543  018.90727625
120 Linear Feature 1
112  69.67861254  018.91139350  69.67861425  018.91139350 1
112  69.67863872  018.91146951  69.67863879  018.91154279 1
112  69.67861249  018.91154514  69.67861179  018.91154540 1
114  69.67858649  018.91146761  69.67858712  018.91139546 1
120 Linear Feature 1
112  69.67815742  018.91109580  69.67815914  018.91109580 1
112  69.67818361  018.91117181  69.67818368  018.91124508 1
112  69.67815738  018.91124744  69.67815667  018.91124769 1
114  69.67813098  018.91117143  69.67813201  018.91109244 1
120 Linear Feature 1
112  69.67769695  018.91078752  69.67769866  018.91078752 1
112  69.67772313  018.91086352  69.67772321  018.91093679 1
112  69.67769691  018.91093915  69.67769620  018.91093940 1
114  69.67767050  018.91086315  69.67767154  018.91078415 1
120 Linear Feature 1
112  69.68097971  018.91296248  69.68098143  018.91296246 1
112  69.68100598  018.91303826  69.68100613  018.91311154 1
112  69.68097983  018.91311413  69.68097913  018.91311439 1
114  69.68095335  018.91303835  69.68095429  018.91295934 1
120 Linear Feature 1
112  69.68062524  018.91273527  69.68062695  018.91273526 1
112  69.68065151  018.91281105  69.68065166  018.91288433 1
112  69.68062536  018.91288692  69.68062465  018.91288718 1
114  69.68059887  018.91281115  69.68059982  018.91273213 1
120 Linear Feature 1
112  69.68027013  018.91250022  69.68027185  018.91250022 1
112  69.68029632  018.91257624  69.68029639  018.91264952 1
112  69.68027009  018.91265187  69.68026938  018.91265213 1
114  69.68024369  018.91257586  69.68024472  018.91249686 1
120 Linear Feature 1
112  69.67991653  018.91226691  69.67991824  018.91226691 1
112  69.67994271  018.91234292  69.67994278  018.91241620 1
112  69.67991648  018.91241855  69.67991577  018.91241881 1
114  69.67989008  018.91234254  69.67989111  018.91226354 1
120 Linear Feature 1
112  69.67955307  018.91203228  69.67955478  018.91203228 1
112  69.67957925  018.91210829  69.67957932  018.91218157 1
112  69.67955303  018.91218393  69.67955232  018.91218418 1
114  69.67952662  018.91210792  69.67952765  018.91202892 1
120 Linear Feature 1
112  69.67906159  018.91169546  69.67906331  018.91169546 1
112  69.67908778  018.91177147  69.67908785  018.91184475 1
112  69.67906155  018.91184710  69.67906084  018.91184736 1
114  69.67903515  018.91177109  69.67903618  018.91169210 1
120 Linear Feature 1
112  69.67729965  018.91052737  69.67730136  018.91052737 1
112  69.67732583  018.91060337  69.67732590  018.91067664 1
112  69.67729960  018.91067900  69.67729890  018.91067925 1
114  69.67727320  018.91060300  69.67727423  018.91052401 1
120 Linear Feature 20
111  69.67857863  018.91185350 10
115  69.67860456  018.91154290
120 Linear Feature 20
111  69.67812366  018.91155150 10
115  69.67814944  018.91124519
120 Linear Feature 20
111  69.67766310  018.91124535 10
115  69.67768897  018.91093690
120 Linear Feature 20
111  69.68094596  018.91342679 10
115  69.68097189  018.91311196
120 Linear Feature 20
111  69.68059459  018.91319301 10
115  69.68061742  018.91288475
120 Linear Feature 20
111  69.68023743  018.91295620 10
115  69.68026215  018.91264963
120 Linear Feature 20
111  69.67988319  018.91271832 10
115  69.67990855  018.91241631
120 Linear Feature 20
111  69.67951998  018.91247918 10
115  69.67954509  018.91218168
120 Linear Feature 20
111  69.67902781  018.91215205 10
115  69.67905361  018.91184486
120 Linear Feature 20
111  69.67726609  018.91098165 10
115  69.67729167  018.91067675
120 01blastarrow
111  69.67167410  018.91074644 19
111  69.67176691  018.91119211 19
115  69.67161822  018.91148876
120 01blastarrow
111  69.67193180  018.91092645 19
111  69.67202988  018.91136867 19
115  69.67187722  018.91165861
120 01blastarrow
111  69.67219966  018.91110091 19
111  69.67229608  018.91154313 19
115  69.67214360  018.91183260
120 Edgeturn19
111  69.69300541  018.92592158 19
111  69.69318172  018.92667517 19
111  69.69370545  018.92700810 19
111  69.69384068  018.92534423 19
115  69.69370196  018.92525260
120 Turn01
111  69.67375839  018.91255742 10
111  69.67318998  018.91217268 10
112  69.67309385  018.91199989  69.67304808  018.91189449 10
111  69.67294605  018.91155303 10
112  69.67277315  018.91112991  69.67269230  018.91102113 10
112  69.67243290  018.91162293  69.67237753  018.91219971 10
112  69.67266284  018.91251740  69.67275775  018.91251234 10
111  69.67290925  018.91234536 10
112  69.67308469  018.91220231  69.67314657  018.91217352 10
115  69.67318998  018.91217268
120 Linear Feature 37
111  69.68779606  018.91946832 4 103
115  69.68759040  018.91933133
120 Linear Feature 36
111  69.68334003  018.91649328 4 103
115  69.68320070  018.91640120
120 Linear Feature 35
111  69.68083855  018.91482757 4 103
115  69.68062298  018.91468672
120 Linear Feature 35
111  69.67750640  018.91261640 4 103
115  69.67732551  018.91249486
120 Linear Feature 35
111  69.67639788  018.91186996 4 103
115  69.67622023  018.91175116
120 Linear Feature 34
111  69.68357782  018.91847318 3 102
112  69.68332506  018.91785263  69.68326040  018.91745207 3 102
111  69.68329212  018.91709016 3 102
111  69.68338737  018.91595669 3 102
112  69.68348029  018.91550987  69.68353113  018.91535468 3 102
111  69.68361795  018.91531720 3 102
111  69.68444248  018.91531242 3 102
112  69.68448640  018.91531593  69.68450724  018.91532064 3 102
111  69.68452910  018.91533350 3 102
111  69.68739215  018.91724545 3 102
112  69.68761175  018.91777295  69.68769227  018.91819045 3 102
111  69.68764234  018.91866198 3 102
111  69.68750169  018.92039692 3 102
112  69.68746182  018.92059379  69.68742651  018.92070564 3 102
115  69.68729632  018.92095335
120 Linear Feature 33
111  69.68093576  018.91670612 3 102
112  69.68078994  018.91639865  69.68073064  018.91617420 3 102
111  69.68075233  018.91583507 3 102
111  69.68087826  018.91439706 3 102
112  69.68100270  018.91395790  69.68108932  018.91384196 3 102
111  69.68119302  018.91389466 3 102
111  69.68305312  018.91514079 3 102
112  69.68319825  018.91546425  69.68325706  018.91572610 3 102
111  69.68323307  018.91601333 3 102
111  69.68313511  018.91711558 3 102
112  69.68296382  018.91772553  69.68282474  018.91795743 3 102
115  69.68264906  018.91786607
120 Linear Feature 41
111  69.67954245  018.90800865 20
112  69.67954754  018.90807782  69.67955286  018.90809697 20
111  69.67956450  018.90811276 20
111  69.68081332  018.90893810 20
112  69.68087664  018.90893356  69.68090291  018.90891780 20
111  69.68093114  018.90887569 20
111  69.68107896  018.90859445 20
112  69.68114364  018.90851438  69.68118525  018.90849668 20
111  69.68122024  018.90851510 20
115  69.68220259  018.90917298
120 Linear Feature 40
111  69.67716240  018.90797586 20
111  69.67727825  018.90714375 20
112  69.67729991  018.90703798  69.67731277  018.90699780 20
111  69.67732387  018.90697320 20
111  69.67740500  018.90684909 20
112  69.67742899  018.90682795  69.67744075  018.90682244 20
111  69.67745370  018.90683003 20
111  69.67800413  018.90720809 20
112  69.67809564  018.90733983  69.67816538  018.90745556 20
111  69.67817489  018.90750922 20
111  69.67852871  018.90873000 20
112  69.67874518  018.90918529  69.67883225  018.90928353 20
111  69.67898540  018.90933115 20
111  69.67932090  018.90938450 20
112  69.67934757  018.90937143  69.67936179  018.90935882 20
112  69.67937877  018.90932242  69.67937991  018.90932078 20
111  69.67961181  018.90873550 20
112  69.67963142  018.90866727  69.67963615  018.90863891 20
111  69.67963939  018.90859873 20
111  69.67965200  018.90841719 20
112  69.67965075  018.90837227  69.67964695  018.90835312 20
111  69.67964097  018.90834457 20
111  69.67946719  018.90812967 20
112  69.67943854  018.90805921  69.67942759  018.90801718 20
115  69.67943134  018.90796288
120 Linear Feature 38
111  69.68099900  018.91300507 10
111  69.68098560  018.91299743 10
111  69.68098295  018.91303076 10
111  69.68098431  018.91303163 10
112  69.68099492  018.91305996  69.68099345  018.91309246 10
116  69.68098009  018.91306687  69.68098061  018.91304469
120 Linear Feature 37
111  69.68063422  018.91285696 10
111  69.68064170  018.91277625 10
111  69.68063915  018.91277505 10
111  69.68062552  018.91281781 10
111  69.68062529  018.91282084 10
115  69.68064293  018.91283035
120 Linear Feature 36
111  69.68127197  018.90945356 10
115  69.68121801  018.90942052
120 Linear Feature 35
111  69.68128861  018.90924478 10
115  69.68123800  018.90920801
120 Linear Feature 34
111  69.68087574  018.90982778 10
115  69.68083185  018.90980152
120 Linear Feature 33
111  69.68089060  018.90964972 10
115  69.68084263  018.90961620
120 Linear Feature 32
111  69.68024762  018.91059490 30
111  69.68033700  018.90952185 30
111  69.68046795  018.90940264 30
111  69.68049181  018.90916227 30
111  69.68061441  018.90923798 30
111  69.68059644  018.90947561 30
111  69.68069259  018.90975038 30
115  69.68060071  018.91084278
120 Linear Feature 32
111  69.67988815  018.91037131 30
111  69.67997799  018.90927255 30
111  69.68009982  018.90915138 30
111  69.68012368  018.90891101 30
111  69.68024628  018.90898671 30
111  69.68022831  018.90922717 30
111  69.68031762  018.90950829 30
115  69.68023104  018.91058262
120 Linear Feature 32
111  69.67953857  018.91013526 30
111  69.67963112  018.90903735 30
111  69.67974224  018.90892931 30
111  69.67976610  018.90868895 30
111  69.67988869  018.90876465 30
111  69.67987073  018.90900511 30
111  69.67995844  018.90926653 30
115  69.67986989  018.91036159
120 Linear Feature 30
111  69.67873984  018.90995007 10
115  69.67869967  018.90992476
120 Linear Feature 29
111  69.67875742  018.90973929 10
115  69.67870925  018.90970359
120 Linear Feature 28
111  69.67918850  018.91012273 10
115  69.67914278  018.91009603
120 Linear Feature 28
111  69.67832325  018.90926367 10
115  69.67827687  018.90923032
120 Linear Feature 28
111  69.67793846  018.90795182 10
115  69.67789191  018.90792037
120 Linear Feature 28
111  69.67754190  018.90767365 10
115  69.67749536  018.90764220
120 Linear Feature 27
111  69.67916298  018.90989199 10
115  69.67920383  018.90991992
120 Linear Feature 27
111  69.67830853  018.90893757 10
115  69.67834938  018.90896915
120 Linear Feature 27
111  69.67792213  018.90762636 10
115  69.67796313  018.90765627
120 Linear Feature 27
111  69.67752558  018.90734820 10
115  69.67756658  018.90737810
120 Linear Feature 26
111  69.67636381  018.91115100 10
112  69.67636128  018.91066372  69.67633812  018.91041056 10
115  69.67621734  018.91028158
120 Linear Feature 25
111  69.67670281  018.91060760 10
111  69.67621734  018.91028158 10
111  69.67608316  018.91019147 10
112  69.67597755  018.90995297  69.67595372  018.90975502 10
111  69.67599003  018.90958232 10
111  69.67618765  018.90858607 10
112  69.67628227  018.90842764  69.67634808  018.90841620 10
111  69.67639286  018.90855681 10
115  69.67710137  018.91087241
120 Linear Feature 19
111  69.69254150  018.92508352 10
111  69.69302993  018.92540408 10
112  69.69313499  018.92566501  69.69317202  018.92587293 10
112  69.69331307  018.92651375  69.69337482  018.92670017 10
111  69.69345354  018.92671678 10
112  69.69371841  018.92613266  69.69376076  018.92551576 10
111  69.69356176  018.92534742 10
112  69.69339687  018.92534911  69.69333022  018.92540843 10
112  69.69324356  018.92546831  69.69318376  018.92549373 10
115  69.69302993  018.92540408
120 Linear Feature 18
111  69.68757720  018.92083841 10 105
112  69.68760975  018.92141703  69.68766013  018.92171903 10 105
111  69.68777015  018.92182638 10 105
115  69.68833592  018.92220574
120 Linear Feature 17
111  69.68769237  018.91942088 10 105
111  69.68757720  018.92083841 10 105
112  69.68745078  018.92131880  69.68734799  018.92153059 10 105
111  69.68719166  018.92144164 10 105
115  69.68673605  018.92114216
120 Linear Feature 16
111  69.68314926  018.91786117 10 105
112  69.68319139  018.91851337  69.68326083  018.91881687 10 105
111  69.68337789  018.91890743 10 105
115  69.68393435  018.91927303
120 Linear Feature 15
111  69.68326889  018.91646909 10 105
111  69.68314926  018.91786117 10 105
112  69.68300564  018.91840155  69.68289218  018.91859924 10 105
111  69.68273175  018.91848568 10 105
115  69.68229456  018.91819651
120 Linear Feature 14
111  69.68359525  018.91500391 10
112  69.68347890  018.91477001  69.68343557  018.91459187 10
115  69.68344057  018.91441386
120 Linear Feature 12
111  69.68345208  018.91427732 10
112  69.68331917  018.91470807  69.68321309  018.91491394 10
115  69.68310272  018.91485976
120 Linear Feature 11
111  69.68310272  018.91485976 10 101
112  69.68328307  018.91523650  69.68334122  018.91547885 10 101
115  69.68333675  018.91564559
120 Linear Feature 13
111  69.68354975  018.91500360 10 101
112  69.68343235  018.91511468  69.68337654  018.91522908 10 101
115  69.68335722  018.91540266
120 Linear Feature 10
111  69.68328747  018.91627162 10 101
111  69.68333675  018.91564559 10 101
111  69.68335722  018.91540266 10
111  69.68344057  018.91441386 10
111  69.68345208  018.91427732 10
112  69.68354840  018.91310414  69.68356594  018.91285241 10
115  69.68362309  018.91176732
120 Linear Feature 9
111  69.68061357  018.91613419 10 105
112  69.68065882  018.91684318  69.68073479  018.91714194 10 105
111  69.68087146  018.91723126 10 105
115  69.68135309  018.91755002
120 Linear Feature 8
111  69.68077881  018.91416785 10 101
112  69.68090446  018.91368915  69.68100487  018.91348821 10 101
115  69.68111456  018.91353881
120 Linear Feature 7
111  69.68074678  018.91457436 10 101
111  69.68077881  018.91416785 10 101
112  69.68075101  018.91361619  69.68070608  018.91332409 10 101
115  69.68060182  018.91319814
120 Linear Feature 6
111  69.67970179  018.91644606 10 105
111  69.68021931  018.91679761 10 105
112  69.68046316  018.91671552  69.68056786  018.91655970 10 105
111  69.68061357  018.91613419 10 105
115  69.68073032  018.91478003
120 Linear Feature 5
111  69.67730493  018.91397749 10 105
112  69.67735781  018.91463707  69.67742611  018.91492198 10 105
111  69.67751635  018.91499639 10 105
115  69.67806698  018.91536358
120 Linear Feature 4
111  69.67620143  018.91313461 10 105
112  69.67622904  018.91384596  69.67628077  018.91412623 10 105
111  69.67639877  018.91424415 10 105
111  69.67697688  018.91462550 10 105
112  69.67717227  018.91448990  69.67727507  018.91431545 10 105
111  69.67730493  018.91397749 10 105
115  69.67741414  018.91256770
120 Linear Feature 3
111  69.67745763  018.91201469 10 101
112  69.67760547  018.91145864  69.67771950  018.91129040 10 101
115  69.67781280  018.91134509
120 Linear Feature 45
111  69.67632388  018.91161749 10 101
111  69.67636381  018.91115100 10 101
112  69.67650423  018.91070466  69.67660778  018.91053019 10 101
111  69.67670281  018.91060760 10 101
111  69.67710137  018.91087241 10 101
111  69.67726323  018.91097995 10 101
111  69.67781280  018.91134509 10 101
111  69.68060182  018.91319814 10 101
111  69.68094596  018.91342679 10 101
111  69.68111456  018.91353881 10 101
111  69.68310272  018.91485976 10 101
112  69.68334802  018.91498144  69.68344192  018.91500584 10 101
111  69.68354975  018.91500360 10 101
111  69.68359525  018.91500391 10 101
111  69.68446065  018.91500984 10 101
112  69.68451900  018.91501742  69.68454637  018.91502566 10 101
111  69.68457991  018.91505089 10 101
111  69.68755494  018.91704443 10 101
112  69.68776385  018.91746701  69.68782034  018.91779445 10 101
111  69.68779937  018.91809357 10 101
115  69.68770641  018.91920495
120 Linear Feature 44
111  69.67630840  018.91182004 10 105
111  69.67620143  018.91313461 10 105
112  69.67609818  018.91365397  69.67601635  018.91386327
111  69.67609818  018.91365397
112  69.67609818  018.91365397  69.67605666  018.91376017 10 105
112  69.67595730  018.91386238  69.67591307  018.91390012
111  69.67595730  018.91386238
112  69.67595730  018.91386238  69.67590714  018.91391022 10 105
111  69.67583785  018.91387401 10 105
115  69.67564468  018.91374245
120 3_double_taxi.lin
111  69.67766171  018.91453797 3 102
112  69.67746068  018.91407096  69.67741561  018.91376563 3 102
111  69.67743691  018.91352382 3 102
111  69.67754154  018.91218789 3 102
112  69.67764277  018.91179164  69.67773044  018.91163410 3 102
111  69.67786135  018.91166699 3 102
111  69.68046730  018.91338998 3 102
112  69.68062862  018.91377107  69.68067716  018.91402097 3 102
111  69.68065459  018.91428881 3 102
111  69.68053191  018.91572647 3 102
112  69.68041188  018.91612836  69.68032536  018.91623547 3 102
115  69.68020341  018.91622996
120 3_double_taxi.lin
111  69.67581599  018.91330595 3
112  69.67600045  018.91321182  69.67609802  018.91309184 3
111  69.67612928  018.91281984 3
111  69.67628536  018.91097275 3
112  69.67633309  018.91073309  69.67636817  018.91060291
111  69.67633309  018.91073309
112  69.67633309  018.91073309  69.67634558  018.91068672 9
112  69.67637955  018.91059013  69.67639818  018.91054252
111  69.67637955  018.91059013
112  69.67637955  018.91059013  69.67638982  018.91056389 3
112  69.67641343  018.91051334  69.67642576  018.91048861
111  69.67641343  018.91051334
112  69.67641343  018.91051334  69.67643010  018.91047993 9
112  69.67646949  018.91042076  69.67649026  018.91039299
111  69.67646949  018.91042076
112  69.67646949  018.91042076  69.67647831  018.91040897 9
112  69.67649554  018.91038835  69.67650408  018.91037850
111  69.67649554  018.91038835
112  69.67649554  018.91038835  69.67662485  018.91023928 3
111  69.67672027  018.91030367 3
111  69.67693849  018.91044905 9
111  69.67703654  018.91051437 3
111  69.67723517  018.91064669 9
111  69.67734018  018.91071665 3
111  69.67763767  018.91091483 9
111  69.67773511  018.91097975 3
111  69.67810410  018.91122556 9
111  69.67818875  018.91128196 3
111  69.67856027  018.91152945 9
111  69.67865077  018.91158975 3
111  69.67900521  018.91182587 9
111  69.67910466  018.91189212 3
111  69.67949769  018.91215395 9
111  69.67959824  018.91222094 3
111  69.67987031  018.91240219 9
111  69.67995271  018.91245708 3
111  69.68022628  018.91263933 9
111  69.68031091  018.91269572 3
111  69.68057979  018.91287455 9
111  69.68067111  018.91293537 3
111  69.68092606  018.91310520 9
111  69.68101743  018.91316606 3
111  69.68149955  018.91348721 3
111  69.68311702  018.91456462 3
112  69.68329410  018.91465322  69.68337808  018.91468995
111  69.68329410  018.91465322
112  69.68329410  018.91465322  69.68333017  018.91466899 9
112  69.68338916  018.91468687  69.68341376  018.91469175
111  69.68338916  018.91468687
112  69.68338916  018.91468687  69.68347106  018.91470313 9
111  69.68353122  018.91470346 3
111  69.68447663  018.91470310 3
112  69.68450628  018.91471123  69.68452500  018.91471777 3
111  69.68453805  018.91472953 3
111  69.68508605  018.91509352 9
111  69.68518006  018.91515596 3
111  69.68632133  018.91591133 9
111  69.68645057  018.91599985 3
111  69.68762383  018.91677913 3
112  69.68785582  018.91731316  69.68793871  018.91773578 3
111  69.68790779  018.91809218 3
111  69.68771566  018.92046945 3
112  69.68772597  018.92085444  69.68774774  018.92105104 3
115  69.68783599  018.92130847
120 Linear Feature 2
111  69.67742909  018.91236313 10 101
111  69.67745763  018.91201469 10 101
112  69.67742825  018.91140711  69.67737461  018.91108196 10 101
115  69.67726323  018.91097995
120 Linear Feature 31
111  69.67692587  018.91394160 102
112  69.67710664  018.91385118  69.67718008  018.91372932
111  69.67710664  018.91385118
112  69.67710664  018.91385118  69.67717871  018.91373159 102
111  69.67720743  018.91350080 102
111  69.67732194  018.91208026 102
112  69.67729563  018.91162023  69.67725643  018.91136246
111  69.67729563  018.91162023
112  69.67729563  018.91162023  69.67725934  018.91138162 102
111  69.67714701  018.91131212 102
111  69.67670351  018.91100237 102
112  69.67655436  018.91110805  69.67648096  018.91126784
111  69.67655436  018.91110805
112  69.67655436  018.91110805  69.67647864  018.91127288 102
111  69.67646471  018.91150504 102
111  69.67635290  018.91286676 102
112  69.67637864  018.91332246  69.67642097  018.91352841
111  69.67637864  018.91332246
112  69.67637864  018.91332246  69.67642209  018.91353383 102
115  69.67649148  018.91362391
120 Linear Feature 31
111  69.67692230  018.91404273 3
112  69.67712427  018.91393925  69.67720758  018.91380102 3
111  69.67724135  018.91352953 3
111  69.67735652  018.91210094 3
112  69.67732797  018.91157946  69.67728443  018.91129317 3
111  69.67715488  018.91121302 3
111  69.67671192  018.91090365 3
112  69.67653306  018.91102697  69.67644622  018.91121602 3
111  69.67643010  018.91148468 3
111  69.67631836  018.91284550 3
112  69.67634825  018.91337423  69.67639739  018.91361328 3
115  69.67647697  018.91371657
120 Linear Feature 24
111  69.68143903  018.91102316 3
111  69.68132636  018.91241965 3
112  69.68133761  018.91305854  69.68137845  018.91338594 3
115  69.68149955  018.91348721
120 Linear Feature 23
111  69.67946595  018.91084389 8
115  69.68135168  018.91209802
120 Linear Feature 39
111  69.67707896  018.90594441 20
112  69.67686343  018.90637663  69.67681231  018.90650343
111  69.67686343  018.90637663
112  69.67686343  018.90637663  69.67681228  018.90650349 20
112  69.67666277  018.90700088  69.67661910  018.90717192
111  69.67666277  018.90700088
112  69.67666277  018.90700088  69.67661930  018.90717116 20
111  69.67657253  018.90783397 20
112  69.67657983  018.90820961  69.67660234  018.90840406
111  69.67657983  018.90820961
112  69.67657983  018.90820961  69.67660223  018.90840310 20
111  69.67668017  018.90849373 20
111  69.67705418  018.90873187 20
112  69.67711210  018.90868910  69.67714833  018.90863293
111  69.67711210  018.90868910
112  69.67711210  018.90868910  69.67714836  018.90863288 20
111  69.67716296  018.90853513 20
111  69.67732813  018.90727128 20
112  69.67739133  018.90709865  69.67743745  018.90704669
111  69.67739133  018.90709865
112  69.67739133  018.90709865  69.67743719  018.90704698 20
111  69.67747398  018.90706785 20
111  69.67795220  018.90739240 20
112  69.67810665  018.90758050  69.67815146  018.90767411
111  69.67810665  018.90758050
112  69.67810665  018.90758050  69.67815135  018.90767389 20
112  69.67823928  018.90795924  69.67830596  018.90817664
111  69.67823928  018.90795924
112  69.67823928  018.90795924  69.67830603  018.90817685 20
112  69.67860824  018.90914628  69.67873506  018.90940449
111  69.67860824  018.90914628
112  69.67860824  018.90914628  69.67873492  018.90940422 20
112  69.67887652  018.90947132  69.67892754  018.90950685
111  69.67887652  018.90947132
112  69.67887652  018.90947132  69.67892729  018.90950668 20
112  69.67927368  018.90954972  69.67939017  018.90952153
111  69.67927368  018.90954972
112  69.67927368  018.90954972  69.67938974  018.90952163 20
112  69.67950184  018.90927910  69.67955251  018.90918092
111  69.67950184  018.90927910
112  69.67950184  018.90927910  69.67955223  018.90918147 20
111  69.67964947  018.90887103 20
112  69.67966791  018.90879126  69.67967055  018.90876092
111  69.67966791  018.90879126
112  69.67966791  018.90879126  69.67967065  018.90875970 20
111  69.67968944  018.90844356 20
112  69.67970285  018.90839911  69.67971351  018.90838562
111  69.67970285  018.90839911
112  69.67970285  018.90839911  69.67971331  018.90838588 20
111  69.67972487  018.90839656 20
111  69.68078483  018.90908969 20
112  69.68088171  018.90910924  69.68091485  018.90909468
111  69.68088171  018.90910924
112  69.68088171  018.90910924  69.68091485  018.90909468 20
111  69.68096997  018.90900995 20
111  69.68111156  018.90875462 20
112  69.68115969  018.90869834  69.68118111  018.90867914
111  69.68115969  018.90869834
112  69.68115969  018.90869834  69.68118141  018.90867888 20
111  69.68122071  018.90869544 20
115  69.68181470  018.90908503
120 Linear Feature 39
111  69.67707786  018.90593953 20
112  69.67686211  018.90637223  69.67681088  018.90649929 20
112  69.67666114  018.90699744  69.67661741  018.90716875 20
111  69.67657056  018.90783271 20
112  69.67657792  018.90821145  69.67660061  018.90840748 20
111  69.67667957  018.90849930 20
111  69.67705375  018.90873755 20
112  69.67711306  018.90869422  69.67714994  018.90863704 20
111  69.67716483  018.90853730 20
111  69.67733001  018.90727340 20
112  69.67739207  018.90710406  69.67743738  018.90705301 20
111  69.67747355  018.90707353 20
111  69.67795167  018.90739801 20
112  69.67810547  018.90758520  69.67814999  018.90767823 20
112  69.67823777  018.90796308  69.67830444  018.90818046 20
112  69.67860708  018.90915103  69.67873417  018.90940981 20
112  69.67887604  018.90947697  69.67892695  018.90951242 20
112  69.67927385  018.90955551  69.67939053  018.90952728 20
112  69.67950297  018.90928392  69.67955356  018.90918589 20
111  69.67965096  018.90887495 20
112  69.67966987  018.90879267  69.67967263  018.90876090 20
111  69.67969142  018.90844477 20
112  69.67970367  018.90840443  69.67971342  018.90839208 20
111  69.67972434  018.90840217 20
111  69.68078442  018.90909538 20
112  69.68088202  018.90911499  69.68091549  018.90910028 20
111  69.68097098  018.90901499 20
111  69.68111253  018.90875971 20
112  69.68116029  018.90870389  69.68118157  018.90868482 20
111  69.68122034  018.90870116 20
111  69.68204832  018.90924421 20
112  69.68209924  018.90940539  69.68211382  018.90953249 20
111  69.68210620  018.90967364 20
111  69.68204788  018.91041050 22
112  69.68205581  018.91065486  69.68207483  018.91072539 22
111  69.68211120  018.91075365 20
111  69.68264524  018.91110329 22
112  69.68276882  018.91115070  69.68280116  018.91113436 20
111  69.68284608  018.91102457 20
112  69.68303166  018.91056972  69.68305767  018.91049936 20
111  69.68313982  018.91017460 20
112  69.68322582  018.90997347  69.68328086  018.90990483 20
111  69.68332856  018.90992046 20
111  69.68368538  018.91013260 20
112  69.68388892  018.91043390  69.68397007  018.91064497
111  69.68388892  018.91043390
112  69.68388892  018.91043390  69.68395974  018.91062130 20
112  69.68396108  018.91101179  69.68394608  018.91124103 20
111  69.68368912  018.91111658 20
115  69.68306218  018.91068771
120 Linear Feature 58
111  69.68407297  018.91089128 20
112  69.68402566  018.91118358  69.68396836  018.91129634 20
111  69.68389743  018.91130621 20
115  69.68371914  018.91131132
120 Linear Feature 57
111  69.68335264  018.91104234 20
111  69.68389892  018.91144304 20
112  69.68397873  018.91159962  69.68400285  018.91173107
111  69.68397873  018.91159962
112  69.68397873  018.91159962  69.68400268  018.91173012 20
111  69.68399493  018.91187998 20
112  69.68393087  018.91326312  69.68393084  018.91326381
111  69.68393087  018.91326312
112  69.68393087  018.91326312  69.68392962  018.91328726 20
112  69.68388104  018.91355890  69.68384257  018.91365932
111  69.68388104  018.91355890
112  69.68388104  018.91355890  69.68383688  018.91367416 20
111  69.68380579  018.91367426 20
111  69.68347019  018.91365631 20
112  69.68339753  018.91364257  69.68337029  018.91363488
111  69.68339753  018.91364257
112  69.68339753  018.91364257  69.68337228  018.91363544 20
115  69.68324822  018.91355940
120 Linear Feature 57
111  69.68335211  018.91104836 20
111  69.68389849  018.91144914 20
112  69.68397682  018.91160253  69.68400044  018.91173122 20
111  69.68399279  018.91187911 20
112  69.68392874  018.91326220  69.68392871  018.91326284
111  69.68392874  018.91326220
112  69.68392874  018.91326220  69.68392749  018.91328628 20
112  69.68387959  018.91355429  69.68384167  018.91365327
111  69.68387959  018.91355429
112  69.68387959  018.91355429  69.68383605  018.91366794 20
111  69.68380581  018.91366804 20
111  69.68347026  018.91365009 20
112  69.68339774  018.91363638  69.68337056  018.91362871
111  69.68339774  018.91363638
112  69.68339774  018.91363638  69.68337323  018.91362946 20
112  69.68324885  018.91355300  69.68324307  018.91354946
111  69.68324885  018.91355300
112  69.68324885  018.91355300  69.68324877  018.91355295 20
111  69.68262348  018.91315163 20
112  69.68258678  018.91305360  69.68257402  018.91297870 20
111  69.68258280  018.91290462 20
111  69.68268768  018.91167266 20
112  69.68273356  018.91133850  69.68274900  018.91124961 20
115  69.68276882  018.91115070
120 Linear Feature 57
111  69.68398711  018.91326899 20
112  69.68392391  018.91369513  69.68386163  018.91385768
111  69.68392391  018.91369513
112  69.68392391  018.91369513  69.68386153  018.91385792 20
111  69.68380524  018.91385811 20
111  69.68346813  018.91384007 20
112  69.68339130  018.91382554  69.68336242  018.91381738
111  69.68339130  018.91382554
112  69.68339130  018.91382554  69.68336249  018.91381740 20
115  69.68323493  018.91373922
120 Linear Feature 57
111  69.68458361  018.91109115 20
111  69.68435040  018.91093555 20
112  69.68412577  018.91107383  69.68406041  018.91127386 20
111  69.68405659  018.91154405 20
112  69.68398947  018.91326942  69.68398947  018.91326962
111  69.68398947  018.91326942
112  69.68398947  018.91326942  69.68398941  018.91328049 20
112  69.68392561  018.91369902  69.68386393  018.91386001
111  69.68392561  018.91369902
112  69.68392561  018.91369902  69.68386257  018.91386357 20
111  69.68380534  018.91386376 20
111  69.68346805  018.91384687 20
112  69.68339107  018.91383231  69.68336213  018.91382413
111  69.68339107  018.91383231
112  69.68339107  018.91383231  69.68336288  018.91382435 20
112  69.68323439  018.91374533  69.68322808  018.91374144
111  69.68323439  018.91374533
112  69.68323439  018.91374533  69.68323422  018.91374523 20
115  69.68132655  018.91244796
120 Linear Feature 68
111  69.68444236  018.91356455 20
111  69.68472404  018.91374955 20
111  69.68474875  018.91344613 20
111  69.68485658  018.91317351 20
115  69.68502642  018.91329227
120 Linear Feature 68
111  69.68444185  018.91357103 20
111  69.68472577  018.91375751 20
111  69.68475083  018.91344973 20
111  69.68485720  018.91318079 20
115  69.68502587  018.91329874
120 Linear Feature 67
111  69.68386170  018.91435980 20
115  69.68416549  018.91331749
120 Linear Feature 66
111  69.68437543  018.91437047 20
115  69.68430871  018.91341159
120 Linear Feature 65
111  69.68324719  018.91427969 20
112  69.68329597  018.91431841  69.68331535  018.91433269
111  69.68329597  018.91431841
112  69.68329597  018.91431841  69.68331523  018.91433260 20
111  69.68336445  018.91434891 20
111  69.68446937  018.91437284 20
112  69.68452069  018.91438829  69.68455680  018.91439868
111  69.68452069  018.91438829
112  69.68452069  018.91438829  69.68455695  018.91439873 20
111  69.68458605  018.91441794 20
111  69.68757536  018.91639635 20
112  69.68788662  018.91686325  69.68800764  018.91723156
111  69.68788662  018.91686325
112  69.68788662  018.91686325  69.68800765  018.91723160 20
115  69.68802586  018.91771158
120 Linear Feature 65
111  69.68324657  018.91428585 20
112  69.68329542  018.91432463  69.68331483  018.91433893 20
111  69.68336431  018.91435532 20
111  69.68446923  018.91437926 20
112  69.68452047  018.91439467  69.68455659  018.91440508 20
111  69.68458555  018.91442420 20
111  69.68757491  018.91640264 20
112  69.68788500  018.91686766  69.68800552  018.91723444 20
115  69.68802348  018.91771048
120 Linear Feature 64
111  69.68412680  018.91064369 20
115  69.68412713  018.91058161
120 Linear Feature 63
111  69.68410702  018.91064334 20
115  69.68410718  018.91057767
120 Linear Feature 62
111  69.68409156  018.91052055 20
111  69.68409079  018.91064352 20
112  69.68413105  018.91064356  69.68414701  018.91064247 20
112  69.68417700  018.91062403  69.68418590  018.91062206 20
111  69.68426589  018.91064179 20
115  69.68426866  018.91057380
120 Linear Feature 61
111  69.68222136  018.91003761 20
111  69.68225718  018.90959864 20
112  69.68222347  018.90938000  69.68218718  018.90933622 20
111  69.68217563  018.90946484 20
111  69.68212867  018.91008401 20
111  69.68211371  018.91041743 20
112  69.68214253  018.91059590  69.68217505  018.91066642
111  69.68214253  018.91059590 20
111  69.68260502  018.91093759 20
112  69.68275736  018.91089351  69.68282375  018.91082324 20
111  69.68295816  018.91047887 20
112  69.68303176  018.91023019  69.68305092  018.91015296 20
111  69.68310773  018.90994423 20
112  69.68320455  018.90975106  69.68324997  018.90971954 20
111  69.68334515  018.90977073 20
111  69.68373077  018.91000918 20
112  69.68383593  018.91010349  69.68387369  018.91015472
111  69.68383593  018.91010349
112  69.68383593  018.91010349  69.68385643  018.91013130 20
112  69.68397168  018.91040146  69.68402448  018.91053139
111  69.68397168  018.91040146
112  69.68397168  018.91040146  69.68401614  018.91050755 20
111  69.68404911  018.91061177 20
115  69.68404878  018.91051570
120 Linear Feature 77
111  69.68612865  018.91578367 3
112  69.68634801  018.91568309  69.68644401  018.91547912 3
111  69.68646111  018.91526828 3
111  69.68649841  018.91499501 9
112  69.68661828  018.91448683  69.68669476  018.91432585
111  69.68661828  018.91448683
112  69.68661828  018.91448683  69.68666824  018.91434423 9
112  69.68676751  018.91423443  69.68681185  018.91419636
111  69.68676751  018.91423443
112  69.68676751  018.91423443  69.68681802  018.91419107 3
111  69.68685477  018.91419395 3
111  69.68776912  018.91476487 3
112  69.68803147  018.91549160  69.68809029  018.91607061 3
111  69.68803188  018.91664788 3
115  69.68790779  018.91809218
120 Linear Feature 76
111  69.68612672  018.91608735 10
112  69.68635685  018.91601369  69.68648690  018.91588032 10
111  69.68653286  018.91552916 10
111  69.68658398  018.91518023 10
112  69.68667105  018.91483455  69.68672836  018.91472668 10
111  69.68680165  018.91475660 10
111  69.68772731  018.91539464 10
112  69.68791778  018.91580892  69.68797281  018.91614726 10
111  69.68792491  018.91660549 10
115  69.68779937  018.91809357
120 Linear Feature 75
111  69.68577465  018.91221577 20
115  69.68558671  018.91202962
120 Linear Feature 75
111  69.68577399  018.91222132 20
115  69.68558605  018.91203516
120 Linear Feature 74
111  69.68789408  018.91460549 20
112  69.68784439  018.91467816  69.68780629  018.91472677
111  69.68784439  018.91467816
112  69.68784439  018.91467816  69.68780672  018.91472621 20
115  69.68775811  018.91469610
120 Linear Feature 74
111  69.68789534  018.91461052 20
112  69.68784526  018.91468382  69.68780696  018.91473270 20
115  69.68775765  018.91470216
120 Linear Feature 73
111  69.68555439  018.91366347 20
111  69.68567445  018.91374992 20
111  69.68568896  018.91278550 20
111  69.68573804  018.91227693 20
112  69.68575158  018.91222687  69.68576215  018.91220899
111  69.68575158  018.91222687
112  69.68575158  018.91222687  69.68576208  018.91220912 20
111  69.68577451  018.91221557 20
112  69.68620109  018.91265377  69.68637465  018.91283736
111  69.68620109  018.91265377
112  69.68620109  018.91265377  69.68637487  018.91283759 20
111  69.68655980  018.91319766 20
112  69.68662370  018.91337454  69.68664985  018.91349152
111  69.68662370  018.91337454
112  69.68662370  018.91337454  69.68664967  018.91349070 20
111  69.68667184  018.91364341 20
112  69.68675002  018.91391307  69.68679130  018.91400225
111  69.68675002  018.91391307
112  69.68675002  018.91391307  69.68679118  018.91400199 20
111  69.68684401  018.91401854 20
112  69.68712971  018.91418090  69.68722444  018.91425158
111  69.68712971  018.91418090
112  69.68712971  018.91418090  69.68722437  018.91425152 20
111  69.68761675  018.91456196 20
112  69.68784777  018.91482231  69.68791913  018.91495937
111  69.68784777  018.91482231
112  69.68784777  018.91482231  69.68791890  018.91495892 20
112  69.68806686  018.91572667  69.68809475  018.91623267
111  69.68806686  018.91572667
112  69.68806686  018.91572667  69.68809470  018.91623167 20
111  69.68802379  018.91689235 20
111  69.68797508  018.91743712 20
112  69.68797411  018.91762304  69.68798643  018.91767466
111  69.68797411  018.91762304
112  69.68797411  018.91762304  69.68798660  018.91767536 20
111  69.68800783  018.91769660 20
115  69.68809444  018.91777245
120 Linear Feature 73
111  69.68556870  018.91367988 20
111  69.68567640  018.91375744 20
111  69.68569101  018.91278643 20
111  69.68574003  018.91227848 20
112  69.68575262  018.91223198  69.68576246  018.91221534 20
111  69.68577399  018.91222132 20
112  69.68620038  018.91265934  69.68637393  018.91284291 20
111  69.68655873  018.91320273 20
112  69.68662197  018.91337775  69.68664784  018.91349347 20
111  69.68666999  018.91364607 20
112  69.68674879  018.91391782  69.68679039  018.91400771 20
111  69.68684373  018.91402442 20
112  69.68712920  018.91418665  69.68722384  018.91425725 20
111  69.68761621  018.91456768 20
112  69.68784663  018.91482725  69.68791771  018.91496376 20
112  69.68806482  018.91572760  69.68809259  018.91623124 20
111  69.68802181  018.91689073 20
111  69.68797309  018.91743556 20
112  69.68797241  018.91762641  69.68798528  018.91768032 20
111  69.68800719  018.91770224 20
115  69.68809384  018.91777813
120 Linear Feature 72
111  69.68587645  018.91471547 10
111  69.68535372  018.91436049 10
112  69.68526680  018.91434278  69.68523013  018.91436012 10
115  69.68520867  018.91446286
120 Linear Feature 71
111  69.68495969  018.91374289 10
111  69.68514817  018.91386155 10
112  69.68521815  018.91399094  69.68524037  018.91409989 10
115  69.68523279  018.91419178
120 Linear Feature 70
111  69.68516558  018.91494734 10
112  69.68518178  018.91528002  69.68521346  018.91545026 10
115  69.68526679  018.91551109
120 Linear Feature 69
111  69.68498513  018.91532268 10
112  69.68510049  018.91522143  69.68514659  018.91512269 10
111  69.68516558  018.91494734 10
115  69.68530462  018.91338468
120 Linear Feature 80
111  69.67985263  018.91896446 4
115  69.67993978  018.91902269
120 Linear Feature 80
111  69.67580885  018.91620222 4
115  69.67588573  018.91632640
120 Linear Feature 80
111  69.67739927  018.91732822 4
115  69.67748903  018.91738827
120 Linear Feature 84
111  69.67532785  018.91795623 10
112  69.67531725  018.91820083  69.67532710  018.91837099 10
115  69.67539309  018.91843275
120 Linear Feature 83
111  69.67607311  018.91455167 10
112  69.67615884  018.91426202  69.67620177  018.91421549 10
111  69.67625597  018.91424347 10
115  69.67665126  018.91449703
120 Linear Feature 82
111  69.67562252  018.91382333 10
111  69.67595873  018.91404118 10
112  69.67604599  018.91422403  69.67608476  018.91438058 10
111  69.67607311  018.91455167 10
112  69.67584976  018.91624810  69.67575428  018.91676217
111  69.67584976  018.91624810
112  69.67584976  018.91624810  69.67584780  018.91625862
112  69.67584394  018.91627879  69.67584202  018.91628873
111  69.67584394  018.91627879
112  69.67584394  018.91627879  69.67583922  018.91630319
112  69.67582695  018.91635834  69.67582038  018.91638687
111  69.67582695  018.91635834
112  69.67582695  018.91635834  69.67570003  018.91690982 10
111  69.67524886  018.91818253 10
112  69.67521767  018.91826099  69.67520278  018.91828698 10
115  69.67518533  018.91830070
120 Linear Feature 81
111  69.67830317  018.91558885 10
111  69.67777110  018.91523866 10
112  69.67765673  018.91530896  69.67759802  018.91541560 10
111  69.67758347  018.91563951 10
111  69.67744479  018.91733819
111  69.67743438  018.91746564 10
111  69.67727695  018.91939401 10
112  69.67721583  018.91966267  69.67716724  018.91973452 10
111  69.67711942  018.91969325 10
112  69.67558962  018.91856880  69.67525294  018.91831595 10
115  69.67434939  018.91780924
120 Linear Feature 1
111  69.67628536  018.91097275 102
111  69.67612928  018.91281984 102
112  69.67600045  018.91321182  69.67590565  018.91332839
111  69.67600045  018.91321182
112  69.67600045  018.91321182  69.67590447  018.91332985 102
115  69.67581599  018.91330595
120 Linear Feature 2
111  69.68794084  018.91811435 102
111  69.68774932  018.92048414 102
112  69.68775829  018.92082455  69.68777256  018.92095264
111  69.68775829  018.92082455
112  69.68775829  018.92082455  69.68777242  018.92095136 102
115  69.68786151  018.92124401
120 New Taxiway 3
111  69.67317548  018.91156704 24
111  69.67294280  018.91112516 24
111  69.67244229  018.91079000 24
111  69.67231385  018.91239858 24
111  69.67281010  018.91273405 24
113  69.67309764  018.91265178
120 New Taxiway 3
111  69.67317896  018.91156291 24
111  69.67294404  018.91111680 24
111  69.67243996  018.91077924 24
111  69.67231013  018.91240526 24
111  69.67280989  018.91274311 24
113  69.67310022  018.91266004
120 1_single_taxi.lin
111  69.67860495  018.91151502 10
111  69.67861284  018.91141879 10
111  69.67861188  018.91141800 10
111  69.67861051  018.91142462 10
115  69.67860843  018.91142698
120 1_single_taxi.lin
111  69.67814897  018.91121763 10
111  69.67815755  018.91112189 10
111  69.67815659  018.91112105 10
111  69.67815518  018.91112758 10
115  69.67815307  018.91112982
120 1_single_taxi.lin
111  69.67768791  018.91091206 10
111  69.67769641  018.91081627 10
111  69.67769546  018.91081544 10
111  69.67769405  018.91082198 10
115  69.67769195  018.91082422
120 1_single_taxi.lin
111  69.67955543  018.91216305 10
111  69.67956381  018.91206574 10
111  69.67956287  018.91206489 10
111  69.67956148  018.91207154 10
115  69.67955941  018.91207382
120 1_single_taxi.lin
111  69.67729098  018.91064821 10
111  69.67729935  018.91055091 10
111  69.67729841  018.91055007 10
111  69.67729702  018.91055671 10
115  69.67729495  018.91055899
120 1_single_taxi.lin
111  69.67861281  018.91149906 10
112  69.67862066  018.91152325  69.67862987  018.91152298 10
112  69.67863127  018.91147804  69.67863278  018.91146434 10
112  69.67862552  018.91142974  69.67861591  018.91142610 10
112  69.67861989  018.91147906  69.67862789  018.91148532 10
115  69.67863157  018.91147514
120 1_single_taxi.lin
111  69.67731833  018.91058230 10
112  69.67731145  018.91056070  69.67730332  018.91055670 10
112  69.67729980  018.91060475  69.67729850  018.91061862 10
112  69.67730646  018.91065722  69.67731856  018.91066119 10
112  69.67731046  018.91059856  69.67730237  018.91059329 10
115  69.67729954  018.91060787
120 1_single_taxi.lin
111  69.67770163  018.91082148 10
111  69.67771216  018.91082907 10
112  69.67770836  018.91084396  69.67770659  018.91085215 10
112  69.67770146  018.91087877  69.67769885  018.91089563 10
115  69.67769720  018.91091777
120 1_single_taxi.lin
112  69.67816938  018.91113204  69.67816537  018.91112874 10
112  69.67816165  018.91114988  69.67816050  018.91116456 10
112  69.67816530  018.91117194  69.67816503  018.91117428 10
112  69.67815675  018.91119171  69.67815524  018.91120677 10
112  69.67816052  018.91122203  69.67816571  018.91122589 10
112  69.67817057  018.91119870  69.67817137  018.91118188 10
112  69.67816610  018.91117240  69.67816599  018.91117170 10
114  69.67817272  018.91115820  69.67817405  018.91114354 10
120 1_single_taxi.lin
111  69.68096535  018.91300519 10
112  69.68097320  018.91298500  69.68097958  018.91298970 10
112  69.68097510  018.91301716  69.68097275  018.91302769 10
112  69.68096330  018.91303853  69.68095956  018.91305150 10
111  69.68095885  018.91306864 10
115  69.68097014  018.91307516
120 1_single_taxi.lin
111  69.68061344  018.91278128 10
112  69.68062129  018.91276109  69.68062767  018.91276579 10
112  69.68062319  018.91279325  69.68062084  018.91280378 10
112  69.68061139  018.91281461  69.68060765  018.91282759 10
111  69.68060776  018.91283548 10
115  69.68062052  018.91284359
120 1_single_taxi.lin
112  69.68027268  018.91258270  69.68027000  018.91258788 10
112  69.68027712  018.91262295  69.68028753  018.91262484 10
116  69.68027973  018.91257367  69.68026795  018.91256639
120 1_single_taxi.lin
112  69.68027521  018.91255295  69.68027606  018.91253868 10
112  69.68028551  018.91253537  69.68029205  018.91254212 10
116  69.68027973  018.91257367  69.68026977  018.91257049
120 1_single_taxi.lin
111  69.68025735  018.91253982 10
112  69.68026520  018.91251963  69.68027159  018.91252433 10
112  69.68026710  018.91255179  69.68026476  018.91256232 10
112  69.68025531  018.91257316  69.68025156  018.91258613 10
111  69.68025085  018.91260327 10
115  69.68026214  018.91260979
120 1_single_taxi.lin
111  69.67992045  018.91232025 10
112  69.67992829  018.91230006  69.67993468  018.91230476 10
112  69.67993019  018.91233222  69.67992785  018.91234275 10
112  69.67991840  018.91235358  69.67991466  018.91236655 10
111  69.67991394  018.91238369 10
115  69.67992523  018.91239021
120 1_single_taxi.lin
111  69.67990366  018.91231067 10
112  69.67991151  018.91229048  69.67991789  018.91229518 10
112  69.67991341  018.91232264  69.67991106  018.91233317 10
112  69.67990161  018.91234400  69.67989787  018.91235698 10
111  69.67989716  018.91237411 10
115  69.67990845  018.91238064
120 1_single_taxi.lin
111  69.67954047  018.91207453 10
112  69.67954832  018.91205434  69.67955470  018.91205904 10
112  69.67955022  018.91208650  69.67954787  018.91209703 10
112  69.67953842  018.91210786  69.67953468  018.91212084 10
111  69.67953396  018.91213797 10
115  69.67954526  018.91214450
120 1_single_taxi.lin
111  69.67905058  018.91173889 10
112  69.67905843  018.91171870  69.67906482  018.91172340 10
112  69.67906033  018.91175086  69.67905799  018.91176139 10
112  69.67904854  018.91177222  69.67904479  018.91178519 10
111  69.67904408  018.91180233 10
115  69.67905537  018.91180885
120 1_single_taxi.lin
112  69.67907625  018.91173179  69.67906439  018.91172545 10
114  69.67906871  018.91181835  69.67907963  018.91182518 10
21  69.67500995  018.91464185 3 13.0300 4.00 01  PAPI-4R
21  69.67520472  018.91216640 2 13.0300 4.00 01  PAPI-4L
21  69.68804375  018.92070214 3 193.0300 4.00 19  PAPI-4R
21  69.68784445  018.92317426 2 193.0300 4.00 19  PAPI-4L
20  69.67691616  018.91138217 12.5100 0 3 {@L}Y{@Y}B{^r,@@,^l}A{@L}Y
20  69.67804153  018.91213620 192.1100 0 3 {@Y,^l}B{@L}Y
20  69.68134737  018.91433232 190.9200 0 3 {@Y,^l}C{@L}Y
20  69.68281146  018.91532816 10.6000 0 3 {@L}Y{@Y}D{^r}
20  69.68370242  018.91559254 180.7300 0 3 {@Y,^l}D{@L}Y{@@}Y{@Y}E{^u}
20  69.68308362  018.91634301 282.9300 0 3 {@L}D{safety,@Y,^l}Y{^r,@@,@R}19-01{@L}D
20  69.68343872  018.91657144 283.4100 0 3 {@@,@L}D{@R}19-01
20  69.68095306  018.91490592 281.8000 0 3 {@@,@L}C{@R}19-01
20  69.68049777  018.91461092 282.5600 0 3 {@L}C{safety,@Y,^l}Y{^r,@@,@R}19-01{@L}C
20  69.67762826  018.91262884 281.1100 0 3 {@@,@L}B{@R}19-01
20  69.67719422  018.91235022 283.9200 0 3 {@L}B{safety,@Y,^l}Y{^r,@@,@R}19-01{@L}B
20  69.68787866  018.91953025 282.3000 0 3 {safety,@L}E{@@}E{@R}19-01
20  69.68749015  018.91928613 -76.4800 0 3 {@L}E{safety,@@,@R}19-01{@L}E
20  69.67650948  018.91189636 280.4300 0 3 {@@,@L}A{@R}19-01
20  69.67609251  018.91161355 282.3400 0 3 {@L}A{safety,@Y}Y{^r,@@,@R}19-01{@L}A
20  69.68840942  018.92137929 191.2000 0 3 {@Y}E{^r}
20  69.68679762  018.92032455 11.7300 0 3 {@Y,^l}E
20  69.68389688  018.91839785 192.6700 0 3 {@Y}D{^r}
20  69.68241200  018.91742444 12.6600 0 3 {@Y,^l}D
20  69.68127327  018.91663598 191.6300 0 3 {@Y}C{^r}
20  69.67993294  018.91574787 12.2800 0 3 {@Y,^l}C
20  69.67786828  018.91437553 192.4200 0 3 {@Y}B{^r}
20  69.67674310  018.91362399 12.6300 0 3 {@Y,^l}B{@@}A{^r}
20  69.67562211  018.91288342 12.7800 0 3 {@Y,^l}A
20  69.67571697  018.91600786 305.2200 0 2 {@R}01-19
20  69.67596830  018.91653346 300.9000 0 2 {@R}01-19
20  69.67728329  018.91725271 284.0100 0 2 {@R}01-19
20  69.67758938  018.91749424 280.6100 0 2 {@R}01-19
14  69.68320603  018.90957532  82.02 0 New Tower Viewpoint 1
1300  69.67981119  018.90890789 283.25 gate heavy|jets 21
1301 C airline sas nax
1300  69.68017486  018.90913019 283.25 gate heavy|jets 22
1301 C airline sas nax
1300  69.68053175  018.90940765 283.25 gate heavy|jets 23
1301 C airline sas nax
1300  69.68087605  018.90982824 283.67 gate turboprops|props 24
1301 B airline wif ltr sas
1300  69.68127187  018.90945414 283.67 gate turboprops|props 25
1301 B airline wif ltr sas
1300  69.67918827  018.91012263 282.61 gate jets 20
1301 C airline nax
1300  69.67874004  018.90995015 283.51 misc jets 19
1301 C none 
1300  69.67832380  018.90926439 284.22 misc jets 18
1301 C none 
1300  69.67793842  018.90795190 283.32 gate turboprops 17
1301 B general_aviation 
1300  69.67754211  018.90767360 283.46 gate jets|turboprops 16
1301 B general_aviation 
1300  69.68654807  018.91387647 159.28 gate props GA1
1301 A general_aviation 
1300  69.68645320  018.91352906 125.42 gate props GA2
1301 A general_aviation 
1300  69.68604955  018.91300981  44.13 misc turboprops GA3
1301 A none 
1300  69.68546824  018.91443465 192.46 gate turboprops GA4
1301 A general_aviation 
1300  69.68514762  018.91386139  14.67 gate turboprops GA5
1301 A general_aviation 
1300  69.67737888  018.91969732 213.96 gate props GA6
1301 A general_aviation 
1300  69.67424761  018.91747084  51.61 gate props GA7
1301 A general_aviation 
1300  69.68373641  018.91185201 189.52 gate turboprops|props GA8
1301 A general_aviation 
1300  69.68370606  018.91235358 189.59 misc props GA9
1301 A none 
1300  69.68367792  018.91286533 187.99 misc props GA10
1301 A none 
1300  69.68343871  018.91179645  13.27 gate turboprops|props GA11
1301 A general_aviation 
1300  69.68339031  018.91234903  11.29 misc props GA12
1301 A none 
1300  69.67962880  018.92128545   0.00 misc props GA8
1301 A none 
50 12612 ATIS
54 11830 TWR
55 12375 APP
1200 
1201  69.68309272  018.91076711 both 0 _stop
1201  69.68373842  018.91123452 both 1 _stop
1201  69.68393260  018.91123149 both 2 _stop
1201  69.68400840  018.91105420 both 3 _stop
1201  69.68402967  018.91147299 both 4 _stop
1201  69.68395652  018.91333520 both 5 _stop
1201  69.68390465  018.91362897 both 6 _stop
1201  69.68383204  018.91375843 both 7 _stop
1201  69.68338374  018.91373447 both 8 _stop
1201  69.68138909  018.91235676 both 9 _stop
1201  69.68777368  018.91456811 both 10 _stop
1201  69.68676771  018.91388142 both 11 _stop
1201  69.68661709  018.91319580 both 12 _stop
1201  69.68628798  018.91267185 both 13 _stop
1201  69.68500124  018.91137370 both 14 _stop
1201  69.68451085  018.91087131 both 15 _stop
1201  69.68401445  018.91078380 both 16 _stop
1201  69.68415038  018.91081237 both 17 _stop
1201  69.68377774  018.91014272 both 18 _stop
1201  69.68392902  018.91039172 both 19 _stop
1201  69.68329528  018.90981454 both 20 _stop
1201  69.68301121  018.91049571 both 21 _stop
1201  69.68315612  018.90995394 both 22 _stop
1201  69.68271195  018.91108407 both 23 _stop
1201  69.68280582  018.91097579 both 24 _stop
1201  69.68205704  018.91061041 both 25 _stop
1201  69.68214548  018.90925423 both 26 _stop
1201  69.68122890  018.90860745 both 27 _stop
1201  69.68167449  018.90892155 both 28 _stop
1201  69.68113957  018.90860330 both 29 _stop
1201  69.68095535  018.90894885 both 30 _stop
1201  69.68083552  018.90903826 both 31 _stop
1201  69.67967572  018.90828335 both 32 _stop
1201  69.67964591  018.90879092 both 33 _stop
1201  69.67938331  018.90942412 both 34 _stop
1201  69.67877855  018.90930745 both 35 _stop
1201  69.67898124  018.90942877 both 36 _stop
1201  69.67926237  018.90947331 both 37 _stop
1201  69.67860881  018.90907513 both 38 _stop
1201  69.67820534  018.90771314 both 39 _stop
1201  69.67842844  018.90852463 both 40 _stop
1201  69.67805665  018.90736967 both 41 _stop
1201  69.67742675  018.90693256 both 42 _stop
1201  69.67730020  018.90714760 both 43 _stop
1201  69.67711556  018.90862296 both 44 _stop
1201  69.67667771  018.90839597 both 45 _stop
1201  69.67702961  018.90864451 both 46 _stop
1201  69.67660567  018.90812231 both 47 _stop
1201  69.67662368  018.90762396 both 48 _start
1201  69.68795071  018.91627496 both 49 DE_ICE N_stop
1201  69.68784484  018.91551251 both 50 DE_ICE N_stop
1201  69.68671052  018.91472840 both 51 DE_ICE N_stop
1201  69.68652123  018.91562560 both 52 DE_ICE N_stop
1201  69.67597576  018.90999373 both 53 DE-ICE S_stop
1201  69.67624948  018.91022826 both 54 DE-ICE S_stop
1201  69.67631822  018.90843061 both 55 DE-ICE S_stop
1201  69.68780782  018.91800342 both 56 Y_stop
1201  69.68769885  018.91929512 both 57 Y_stop
1201  69.68767054  018.91714039 both 58 Y_stop
1201  69.68781348  018.91797534 both 59 Y_stop
1201  69.68451838  018.91501947 both 60 Y_stop
1201  69.68614062  018.91610422 both 61 Y_stop
1201  69.68637105  018.91596898 both 62 Y_stop
1201  69.68359449  018.91500166 both 63 Y_stop
1201  69.68310745  018.91486470 both 64 Y_stop
1201  69.68339593  018.91494856 both 65 Y_stop
1201  69.68328245  018.91634182 both 66 Y_stop
1201  69.67973856  018.92078559 both 67 _stop
1201  69.67663971  018.91056579 both 68 A_stop
1201  69.67710107  018.91087311 both 69 A_stop
1201  69.67753008  018.91115248 both 70 A_stop
1201  69.68084288  018.91335876 both 71 A_stop
1201  69.68074053  018.91464495 both 72 A_stop
1201  69.67742536  018.91243232 both 73 A_stop
1201  69.67636365  018.91114717 both 74 A_stop
1201  69.67435191  018.91780799 both 75 _stop
1201  69.67526666  018.91835099 both 76 H_stop
1201  69.67532123  018.91799725 both 77 H_stop
1201  69.67583702  018.91631086 both 78 H_stop
1201  69.67565128  018.91698811 both 79 H_stop
1201  69.67724679  018.91978422 both 80 J_stop
1201  69.67743803  018.91742160 both 81 J_start
1201  69.67761652  018.91509741 both 82 J_start
1201  69.67722768  018.91484616 both 83 J_start
1201  69.67612332  018.91410498 both 84 J_start
1201  69.67631718  018.91171913 both 85 J_start
1201  69.67596857  018.91543220 both 86 J_start
1201  69.69358620  018.92669360 both 87 19 Turn Around_stop
1201  69.69332296  018.92653340 both 88 19 Turn Around_stop
1201  69.67239216  018.91161668 both 89 RWY 01-19_stop
1201  69.69378548  018.92587071 both 90 RWY 01-19_start
1201  69.69368185  018.92580137 both 91 RWY 01-19_start
1201  69.69318178  018.92546677 both 92 RWY 01-19_start
1201  69.69304782  018.92537533 both 93 RWY 01-19_start
1201  69.68750040  018.92167308 both 94 RWY 01-19_start
1201  69.68306371  018.91872746 both 95 RWY 01-19_start
1201  69.68053740  018.91704301 both 96 RWY 01-19_start
1201  69.68006386  018.91673498 both 97 RWY 01-19_start
1201  69.67989551  018.91903947 both 98 RWY 01-19_start
1201  69.67318635  018.91214520 both 99 RWY 01-19_start
1201  69.67316839  018.91213352 both 100 RWY 01-19_start
1201  69.67276987  018.91247050 both 101 01 Turn Around_stop
1201  69.67247817  018.91232823 both 102 01 Turn Around_stop
1201  69.67259585  018.91108654 both 103 01 Turn Around_stop
1201  69.67243028  018.91164253 both 104 01 Turn Around_stop
1201  69.67278182  018.91120782 both 105 01 Turn Around_stop
1202 49 59 twoway taxiway_C DE_ICE N
1202 50 49 twoway taxiway_C DE_ICE N
1202 51 50 twoway taxiway_C DE_ICE N
1202 52 51 twoway taxiway_C DE_ICE N
1202 61 62 twoway taxiway_C DE_ICE N
1202 62 52 twoway taxiway_C DE_ICE N
1202 56 57 twoway taxiway_C E
1202 57 94 twoway taxiway_C E
1204 departure 01,19
1204 arrival 01,19
1202 65 66 twoway taxiway_C D
1202 66 95 twoway taxiway_C D
1204 departure 01,19
1204 arrival 01,19
1202 71 72 twoway taxiway_C C
1202 72 96 twoway taxiway_C C
1204 departure 01,19
1204 arrival 01,19
1202 70 73 twoway taxiway_C B
1202 73 83 twoway taxiway_C B
1204 departure 01,19
1204 arrival 01,19
1202 54 74 twoway taxiway_C DE-ICE S
1202 53 54 twoway taxiway_C DE-ICE S
1202 54 68 twoway taxiway_C DE-ICE S
1202 55 53 twoway taxiway_C DE-ICE S
1202 69 55 twoway taxiway_C DE-ICE S
1202 58 59 twoway taxiway_C Y
1202 59 56 twoway taxiway_C Y
1202 60 61 twoway taxiway_C Y
1202 61 58 twoway taxiway_C Y
1202 63 60 twoway taxiway_C Y
1202 64 65 twoway taxiway_C Y
1202 65 63 twoway taxiway_C Y
1202 68 69 twoway taxiway_C Y
1202 69 70 twoway taxiway_C Y
1202 70 71 twoway taxiway_C Y
1202 71 64 twoway taxiway_C Y
1202 97 98 twoway taxiway_A 
1204 departure 01,19
1204 arrival 01,19
1202 98 67 twoway taxiway_A 
1202 74 68 twoway taxiway_C A
1202 84 85 twoway taxiway_C A
1204 departure 01,19
1204 arrival 01,19
1202 85 74 twoway taxiway_C A
1202 76 75 twoway taxiway_A 
1202 80 76 twoway taxiway_A 
1202 77 76 twoway taxiway_A H
1202 78 79 twoway taxiway_A H
1202 79 77 twoway taxiway_A H
1202 84 86 twoway taxiway_A H
1204 departure 01,19
1204 arrival 01,19
1202 86 78 twoway taxiway_A H
1204 departure 01,19
1204 arrival 01,19
1202 81 80 twoway taxiway_A J
1202 81 82 twoway taxiway_A J
1204 departure 01,19
1204 arrival 01,19
1202 87 91 twoway taxiway_D 19 Turn Around
1204 departure 01,19
1204 arrival 01,19
1204 ils 01,19
1202 88 87 twoway taxiway_D 19 Turn Around
1204 departure 01,19
1204 arrival 01,19
1204 ils 01,19
1202 93 88 twoway taxiway_D 19 Turn Around
1204 departure 01,19
1204 arrival 01,19
1204 ils 01,19
1202 90 91 twoway runway 01/19
1204 departure 01,19
1204 arrival 01,19
1204 ils 01,19
1202 91 92 twoway runway 01/19
1204 departure 01,19
1204 arrival 01,19
1204 ils 01,19
1202 92 93 twoway runway 01/19
1204 departure 01,19
1204 arrival 01,19
1204 ils 01,19
1202 93 94 twoway runway 01/19
1204 departure 01,19
1204 arrival 01,19
1204 ils 01,19
1202 94 95 twoway runway 01/19
1204 departure 01,19
1204 arrival 01,19
1204 ils 01,19
1202 95 96 twoway runway 01/19
1204 departure 01,19
1204 arrival 01,19
1204 ils 01,19
1202 96 97 twoway runway 01/19
1204 departure 01,19
1204 arrival 01,19
1204 ils 01,19
1202 97 82 twoway runway 01/19
1204 departure 01,19
1204 arrival 01,19
1204 ils 01,19
1202 82 83 twoway runway 01/19
1204 departure 01,19
1204 arrival 01,19
1204 ils 01,19
1202 83 84 twoway runway 01/19
1204 departure 01,19
1204 arrival 01,19
1204 ils 01,19
1202 84 99 twoway runway 01/19
1204 departure 01,19
1204 arrival 01,19
1204 ils 01,19
1202 99 100 twoway runway 01/19
1204 departure 01,19
1204 arrival 01,19
1204 ils 01,19
1202 100 104 twoway runway 01/19
1204 departure 01,19
1204 arrival 01,19
1204 ils 01,19
1202 104 89 twoway runway 01/19
1204 departure 01,19
1204 arrival 01,19
1204 ils 01,19
1202 101 100 twoway taxiway_D 01 Turn Around
1204 departure 01,19
1204 arrival 01,19
1204 ils 01,19
1202 102 101 twoway taxiway_D 01 Turn Around
1204 departure 01,19
1204 arrival 01,19
1204 ils 01,19
1202 103 104 twoway taxiway_D 01 Turn Around
1204 departure 01,19
1204 arrival 01,19
1204 ils 01,19
1202 104 102 twoway taxiway_D 01 Turn Around
1204 departure 01,19
1204 arrival 01,19
1204 ils 01,19
1202 105 103 twoway taxiway_D 01 Turn Around
1204 departure 01,19
1204 arrival 01,19
1204 ils 01,19
1202 99 105 twoway taxiway_D 01 Turn Around
1204 departure 01,19
1204 arrival 01,19
1204 ils 01,19
1206 4 2 twoway  
1206 1 0 twoway  
1206 2 1 twoway  
1206 3 2 twoway  
1206 16 3 twoway  
1206 4 17 twoway  
1206 5 4 twoway  
1206 6 5 twoway  
1206 7 6 twoway  
1206 8 7 twoway  
1206 9 8 twoway  
1206 28 9 twoway  
1206 11 10 twoway  
1206 12 11 twoway  
1206 13 12 twoway  
1206 14 13 twoway  
1206 15 14 twoway  
1206 16 17 twoway  
1206 17 15 twoway  
1206 18 19 twoway  
1206 19 16 twoway  
1206 20 18 twoway  
1206 21 22 twoway  
1206 22 20 twoway  
1206 23 24 twoway  
1206 24 21 twoway  
1206 25 23 twoway  
1206 26 25 twoway  
1206 27 28 twoway  
1206 28 26 twoway  
1206 29 27 twoway  
1206 30 29 twoway  
1206 31 30 twoway  
1206 32 31 twoway  
1206 33 32 twoway  
1206 34 33 twoway  
1206 35 36 twoway  
1206 36 37 twoway  
1206 37 34 twoway  
1206 38 35 twoway  
1206 39 40 twoway  
1206 40 38 twoway  
1206 41 39 twoway  
1206 42 41 twoway  
1206 43 42 twoway  
1206 44 43 twoway  
1206 45 46 twoway  
1206 46 44 twoway  
1206 47 45 twoway  
1206 48 47 twoway  
1400  69.68140096  18.90946792 -220.29 gpu 0 New Service Truck 7
1400  69.68071190  18.90932301  246.37 baggage_loader 0 New Service Truck 6
1400  69.68121667  18.90906331  110.67 baggage_loader 0 New Service Truck 5
1400  69.68138891  18.90934400  115.20 baggage_train 3 New Service Truck 4
1400  69.68065621  18.90917685  249.23 baggage_train 4 New Service Truck 1
1400  69.68006736  18.90903012  9.95 gpu 0 New Service Truck 139
1400  69.68005443  18.90893453  8.00 baggage_loader 0 New Service Truck 138
1400  69.68005781  18.90883033  10.41 baggage_loader 0 New Service Truck 137
1400  69.67969989  18.90875541  8.30 baggage_loader 0 New Service Truck 136
1400  69.68459258  18.91118943  324.46 crew_car 0 New Service Truck 142
1400  69.68338121  18.91134851  2.39 baggage_loader 0 New Service Truck 141
1400  69.68338476  18.91122489  5.71 fuel_jets 0 New Service Truck 140
1400  69.67970207  18.90866371  8.24 baggage_loader 0 New Service Truck 135
1400  69.68208657  18.91086309  263.99 crew_car 0 New Service Truck 134
1400  69.67720348  18.90838416  300.38 crew_car 0 New Service Truck 133
1400  69.67728295  18.90786793  289.19 fuel_props 0 New Service Truck 132
1401  69.67654714  18.90814318  270.00 crew_car New Service Truck Destination 145
1401  69.68628392  18.91283031  28.81 crew_car New Service Truck Destination 144
1401  69.68483651  18.91144347  141.15 fuel_props New Service Truck Destination 143
99
