I
1100 Generated by WorldEditor 1.7.21r1

1   1899 1 0 ENTS Trysil
1302 city 
1302 country Norway
1302 datum_lat 61.23
1302 datum_lon 012.266
1302 faa_code 
1302 iata_code 
1302 icao_code ENTS
1302 region_code EN
1302 state Hedmark
1302 transition_alt 
1302 transition_level 
1302 flatten 1
100 9.00 1 0 0.00 0 0 0 15  61.23292658  012.26379297    0    0 1 0 0 0 33  61.22684646  012.26955847    0    0 1 0 0 0
110 1 0.00 0.0000 North end
111  61.23294272  012.26386840
112  61.23312145  012.26388352  61.23317159  012.26381462
111  61.23315097  012.26371799
111  61.23311498  012.26353314
113  61.23290979  012.26371631
110 1 0.00 0.0000 South end
111  61.22683035  012.26948074
112  61.22668114  012.26949418  61.22657386  012.26949690
111  61.22666820  012.26981593
113  61.22686351  012.26963364
110 1 0.00 0.0000 Apron
111  61.23199500  012.26476371
112  61.23205631  012.26480962  61.23206602  012.26486003
112  61.23210988  012.26505042  61.23213035  012.26514701
111  61.23209595  012.26517830
112  61.23180315  012.26545412  61.23175486  012.26550464
111  61.23173314  012.26540791
112  61.23168192  012.26519082  61.23166132  012.26509360
111  61.23170872  012.26503779
111  61.23153411  012.26520308
112  61.23164149  012.26525791  61.23166136  012.26535092
111  61.23177425  012.26585898
111  61.23207827  012.26557935
112  61.23205110  012.26544972  61.23202981  012.26534290
111  61.23206253  012.26532436
112  61.23214987  012.26523160  61.23219136  012.26519043
111  61.23216831  012.26507347
112  61.23210119  012.26475839  61.23209253  012.26470562
113  61.23211123  012.26465363
130 Airport Boundary
111  61.22637277  012.26933244
111  61.22662219  012.27041416
111  61.22828889  012.26863776
111  61.22911022  012.27158984
111  61.23124068  012.26802255
111  61.23218093  012.26615979
111  61.23220349  012.26533475
111  61.23339237  012.26427703
113  61.23313303  012.26299789
120 Linear Feature 9
111  61.23180073  012.26550643 20
112  61.23176531  012.26566271  61.23178132  012.26574740 20
111  61.23178761  012.26577070 20
115  61.23171515  012.26546072
120 Linear Feature 8
111  61.23203803  012.26527700 20
115  61.23192800  012.26538553
120 Linear Feature 6
111  61.23201997  012.26543968 20
112  61.23192800  012.26538553  61.23187419  012.26543562 20
111  61.23180073  012.26550643 20
112  61.23171515  012.26546072  61.23168778  012.26535162 20
111  61.23165312  012.26518923 20
116  61.23167177  012.26498286  61.23172695  012.26493023
120 Linear Feature 5
111  61.23207746  012.26478318 20
116  61.23193981  012.26472844  61.23183636  012.26483136
120 Linear Feature 4
111  61.23204441  012.26557160 20
112  61.23202010  012.26543919  61.23200123  012.26533206 20
111  61.23203855  012.26527716 20
111  61.23211317  012.26520398 20
112  61.23212994  012.26502452  61.23209928  012.26489009 20
111  61.23207712  012.26478409 20
116  61.23209286  012.26458356  61.23213073  012.26455121
120 Linear Feature 7
111  61.23165352  012.26518963 20
116  61.23150100  012.26514479  61.23141816  012.26522181
120 Linear Feature 14
111  61.23209561  012.26517811 24
111  61.23180351  012.26545454 24
112  61.23173234  012.26540497  61.23170646  012.26529994 24
111  61.23168192  012.26519082 24
112  61.23170872  012.26503779  61.23175563  012.26498990 24
111  61.23199502  012.26476640 24
112  61.23205648  012.26481009  61.23207508  012.26488991 24
111  61.23210986  012.26505039 24
116  61.23209652  012.26517727  61.23206215  012.26521340
120 Linear Feature 13
111  61.23311474  012.26353321 24
111  61.23315084  012.26371713 24
112  61.23312056  012.26388410  61.23307067  012.26395069 24
111  61.23294354  012.26386920 24
112  61.23211491  012.26465300  61.23209301  012.26467610 24
111  61.23210121  012.26475831 24
111  61.23216831  012.26507347 24
112  61.23215054  012.26522927  61.23210973  012.26526810 24
111  61.23206253  012.26532436 24
112  61.23205186  012.26545206  61.23207084  012.26553787 24
115  61.23207827  012.26557935
120 Linear Feature 17
111  61.22683606  012.26956457 1
111  61.22676059  012.26963570 1
112  61.22669701  012.26974022  61.22664250  012.26973732 1
114  61.22668233  012.26952683  61.22673893  012.26948763 1
120 Linear Feature 16
111  61.23292655  012.26379565 1
111  61.23301827  012.26370995 1
112  61.23310610  012.26364844  61.23314831  012.26371499 1
114  61.23308863  012.26385817  61.23303622  012.26388338 1
120 Linear Feature 15
111  61.23177422  012.26585793 24
111  61.23164179  012.26525874 24
112  61.23151829  012.26522143  61.23142367  012.26531688 24
111  61.22686320  012.26963471 24
111  61.22666803  012.26981459 24
112  61.22668114  012.26949418  61.22678997  012.26948025 24
111  61.22683043  012.26948108 24
111  61.23290992  012.26371604 24
115  61.23311492  012.26353369
1300  61.23201509  012.26537536 -85.96 tie_down props Ramp Start
1301 A general_aviation 
19  61.23226330  012.26490864 0 Windsock
99
