I
1130 Generated by WorldEditor 2.1.0r1

1     56 1 0 ENVA Trondheim Vaernes
1302 city Trondheim
1302 country Norway
1302 datum_lat 63.4575
1302 datum_lon 10.924166667
1302 faa_code 
1302 gui_label 3D
1302 iata_code TRD
1302 icao_code ENVA
1302 region_code EN
1302 state Nord-Trøndelag
1302 transition_alt 7000
1302 transition_level 
100 45.11 1 1 0.15 1 3 1 09  63.45766278  010.88643052  252    0 3 7 0 0 27  63.45755362  010.94656129  228    0 3 12 0 0
110 4 0.30 46.9700 New Taxiway 24
111  63.45666995  010.94578174
112  63.45715595  010.94697689  63.45720997  010.94745892
111  63.45715595  010.94697689
111  63.45724671  010.94807030
111  63.45728074  010.94805217
111  63.45717991  010.94690546
112  63.45719692  010.94685469  63.45720240  010.94682233
111  63.45719692  010.94685469
111  63.45721799  010.94673320
112  63.45727000  010.94665779  63.45731103  010.94665166
111  63.45727000  010.94665779
111  63.45726961  010.94655848
111  63.45720104  010.94655530
111  63.45720040  010.94664308
111  63.45717748  010.94680028
112  63.45716465  010.94681570  63.45715992  010.94679001
111  63.45716465  010.94681570
112  63.45716465  010.94681570  63.45704310  010.94625811
113  63.45668962  010.94573630
110 4 0.30 317.0700 New Taxiway 2
111  63.45429838  010.93952870
111  63.45388254  010.94036629
111  63.45400785  010.94089658
111  63.45426120  010.94115186
111  63.45430699  010.94106083
112  63.45444271  010.94114885  63.45448538  010.94106790
111  63.45441545  010.94084517
111  63.45463640  010.94040582
112  63.45478500  010.94040951  63.45486181  010.94057515
111  63.45478500  010.94040951
112  63.45476514  010.93998722  63.45471981  010.93976672
111  63.45476514  010.93998722
112  63.45458816  010.94023347  63.45451469  010.94036673
111  63.45458816  010.94023347
111  63.45442219  010.94052863
112  63.45433837  010.94049949  63.45429509  010.94039189
111  63.45433837  010.94049949
112  63.45433837  010.94049949  63.45417294  010.94003036
111  63.45428894  010.93982699
113  63.45440297  010.93958799
110 4 0.30 0.0000 New Taxiway 3
111  63.45443873  010.93416556
111  63.45450746  010.93430250
112  63.45450746  010.93430250  63.45452640  010.93433536
111  63.45453336  010.93432239
111  63.45467714  010.93403872
112  63.45467868  010.93399288  63.45467018  010.93396607
111  63.45467868  010.93399288
111  63.45462225  010.93383462
112  63.45462225  010.93383462  63.45461607  010.93381645
111  63.45460834  010.93382424
113  63.45456332  010.93391601
110 4 0.30 355.7700 New Taxiway 76
111  63.46171478  010.93658620
111  63.46179954  010.93656875
111  63.46182306  010.93658953
111  63.46185959  010.93674195
111  63.46187449  010.93699509
111  63.46191246  010.93698261
111  63.46189921  010.93676412
111  63.46186640  010.93662140
112  63.46186640  010.93662140  63.46185147  010.93655736
111  63.46187630  010.93652718
111  63.46193698  010.93645928
111  63.46217223  010.93640940
111  63.46216994  010.93634639
111  63.46193264  010.93639123
111  63.46193326  010.93642326
111  63.46188993  010.93643435
111  63.46184102  010.93649393
113  63.46171060  010.93650945
110 4 0.30 289.6600 New Taxiway 69
112  63.46282799  010.92129184  63.46277082  010.92127925
111  63.46282799  010.92129184
112  63.46287331  010.92164934  63.46284136  010.92185719
111  63.46287331  010.92164934
111  63.46275560  010.92235495
112  63.46275560  010.92235495  63.46273777  010.92247134
111  63.46277566  010.92253287
111  63.46348516  010.92300711
112  63.46351117  010.92310134  63.46352944  010.92311096
111  63.46354398  010.92307917
111  63.46369379  010.92269395
111  63.46364922  010.92257478
111  63.46375942  010.92200942
112  63.46375942  010.92200942  63.46377675  010.92191381
111  63.46382568  010.92191924
111  63.46367458  010.92181485
112  63.46367275  010.92213690  63.46364551  010.92227547
111  63.46367275  010.92213690
111  63.46354893  010.92273552
111  63.46345978  010.92280619
111  63.46333101  010.92269672
112  63.46329696  010.92227963  63.46333634  010.92199695
111  63.46329696  010.92227963
111  63.46336258  010.92186254
112  63.46336258  010.92186254  63.46338041  010.92174781
111  63.46346217  010.92166809
111  63.46323919  010.92151404
112  63.46326205  010.92188443  63.46324124  010.92209561
111  63.46326205  010.92188443
111  63.46320286  010.92230042
112  63.46302456  010.92248194  63.46290793  010.92240379
111  63.46302456  010.92248194
112  63.46291622  010.92203021  63.46297417  010.92164445
111  63.46291622  010.92203021
111  63.46298804  010.92154800
112  63.46298804  010.92154800  63.46299770  010.92149147
111  63.46304496  010.92137984
114  63.46304496  010.92137984  63.46296366  010.92132960
110 4 0.30 271.0800 New Taxiway 67
111  63.46299120  010.92092386
111  63.46299059  010.91910261
111  63.46280435  010.91908529
111  63.46281622  010.91918344
111  63.46288793  010.91923887
112  63.46294261  010.91940053  63.46294082  010.91953524
111  63.46294261  010.91940053
113  63.46290725  010.92091551
110 1 0.15 270.6700 New Taxiway 30
111  63.45745917  010.88652438
111  63.45684327  010.88652869
112  63.45684327  010.88652869  63.45642273  010.88660328
112  63.45591366  010.88878885  63.45589058  010.88966673
111  63.45591366  010.88878885
111  63.45589734  010.89220305
111  63.45582539  010.89368650
111  63.45615524  010.89229811
111  63.45617268  010.88891201
112  63.45617268  010.88891201  63.45626243  010.88765543
111  63.45687322  010.88713595
111  63.45733206  010.88709370
112  63.45733206  010.88709370  63.45743593  010.88710200
113  63.45746097  010.88737821
110 1 0.15 0.0000 New Taxiway 7
111  63.45781390  010.91465146
111  63.45781365  010.91609742
111  63.45799086  010.91613255
112  63.45815995  010.91591969  63.45828904  010.91591528
111  63.45815995  010.91591969
111  63.45839618  010.91590395
112  63.45878087  010.91707789  63.45879222  010.91811946
111  63.45878087  010.91707789
111  63.45876745  010.91873997
112  63.45876745  010.91873997  63.45876461  010.91977201
111  63.45913591  010.92037249
111  63.45937630  010.92078567
111  63.45937267  010.92176308
112  63.45937267  010.92176308  63.45937185  010.92182189
111  63.45940483  010.92182280
111  63.45995973  010.92182656
112  63.46019742  010.92259402  63.46023880  010.92321063
111  63.46008054  010.92344710
111  63.45779470  010.92342462
111  63.45779027  010.92503472
111  63.46051973  010.92508137
111  63.46052943  010.92343491
111  63.46058448  010.92288484
111  63.46060017  010.91877393
112  63.46060017  010.91877393  63.46059733  010.91739885
111  63.46009635  010.91687191
111  63.45999525  010.91663681
111  63.45998441  010.91566059
111  63.45945474  010.91568639
112  63.45937946  010.91562666  63.45934990  010.91556844
111  63.45937946  010.91562666
112  63.45937946  010.91562666  63.45909921  010.91500213
111  63.45872174  010.91504388
111  63.45803746  010.91501284
113  63.45791714  010.91467721
110 1 0.15 90.2300 New Taxiway 1
111  63.45745356  010.89199545
111  63.45717053  010.89197661
112  63.45717053  010.89197661  63.45714393  010.89225666
111  63.45699583  010.89230306
111  63.45615524  010.89229811
111  63.45582539  010.89368650
111  63.45580699  010.91084835
112  63.45552018  010.91112727  63.45533854  010.91113125
111  63.45552018  010.91112727
111  63.45199203  010.91105591
112  63.45188505  010.91139321  63.45188382  010.91172245
111  63.45188505  010.91139321
111  63.45189020  010.91282421
112  63.45203322  010.91333593  63.45209609  010.91340510
111  63.45203322  010.91333593
111  63.45450186  010.91340394
111  63.45453741  010.92192295
111  63.45385357  010.92191530
112  63.45375249  010.92182868  63.45370814  010.92175151
111  63.45375249  010.92182868
111  63.45363321  010.92160508
112  63.45357244  010.92128353  63.45355274  010.92108510
111  63.45357244  010.92128353
111  63.45350100  010.92054491
112  63.45350100  010.92054491  63.45349016  010.92043246
111  63.45345584  010.92034647
111  63.45330544  010.91992200
112  63.45330544  010.91992200  63.45328434  010.91986458
111  63.45326609  010.91983779
111  63.45307226  010.91949709
112  63.45303661  010.91941025  63.45301677  010.91936126
111  63.45303661  010.91941025
111  63.45291139  010.91909203
111  63.45277800  010.91871423
112  63.45277800  010.91871423  63.45274434  010.91861501
111  63.45269286  010.91850786
112  63.45269286  010.91850786  63.45247279  010.91795116
111  63.45229466  010.91767187
112  63.45229466  010.91767187  63.45227985  010.91766124
111  63.45226099  010.91765717
111  63.45218672  010.91763872
111  63.45218304  010.91820604
111  63.45178593  010.91820643
111  63.45179129  010.91947790
111  63.45240536  010.91952316
111  63.45235823  010.92409027
112  63.45198646  010.92401425  63.45179017  010.92393488
111  63.45198646  010.92401425
111  63.45159387  010.92403497
111  63.45175584  010.92500876
111  63.45178869  010.92534681
111  63.45286254  010.92537661
111  63.45286037  010.92581095
111  63.45293728  010.92600727
111  63.45345695  010.92600478
111  63.45344585  010.92582521
111  63.45344414  010.92524808
111  63.45448771  010.92523259
111  63.45449577  010.92721354
111  63.45436766  010.92720252
111  63.45436699  010.92733742
111  63.45434125  010.92733830
111  63.45433858  010.92925113
111  63.45447812  010.92922997
112  63.45447812  010.92922997  63.45451176  010.92922742
111  63.45457153  010.92930141
111  63.45464061  010.92930933
111  63.45464012  010.92945487
112  63.45467323  010.92956599  63.45470279  010.92964008
111  63.45467323  010.92956599
111  63.45482695  010.92991261
112  63.45482695  010.92991261  63.45484587  010.92996024
111  63.45484587  010.93005814
111  63.45483803  010.93145927
111  63.45464292  010.93188791
112  63.45463464  010.93199374  63.45463346  010.93207841
111  63.45463464  010.93199374
111  63.45463565  010.93268763
111  63.45464136  010.93272463
111  63.45470237  010.93285734
111  63.45470066  010.93298621
111  63.45480503  010.93336040
111  63.45480491  010.93660431
111  63.45490444  010.93681599
111  63.45494681  010.93698356
111  63.45506506  010.93728564
111  63.45510842  010.93730108
112  63.45516064  010.93736943  63.45519087  010.93743068
111  63.45516064  010.93736943
111  63.45615161  010.93942708
112  63.45615617  010.93964784  63.45612425  010.93973251
111  63.45615617  010.93964784
111  63.45603538  010.93993538
112  63.45603538  010.93993538  63.45602283  010.93995963
111  63.45603571  010.94000259
111  63.45642089  010.94086082
112  63.45642089  010.94086082  63.45642945  010.94087996
111  63.45644482  010.94085159
111  63.45656731  010.94057783
112  63.45669503  010.94063322  63.45676517  010.94079018
111  63.45669503  010.94063322
111  63.45720193  010.94174149
111  63.45720191  010.94184293
111  63.45736650  010.94229277
111  63.45737020  010.93986286
112  63.45727591  010.94004507  63.45721751  010.94012761
111  63.45727591  010.94004507
112  63.45727591  010.94004507  63.45720199  010.94014956
112  63.45697308  010.94003927  63.45685417  010.93985194
111  63.45697308  010.94003927
111  63.45627501  010.93849186
112  63.45609567  010.93728349  63.45609448  010.93664844
111  63.45609567  010.93728349
111  63.45612463  010.92522940
112  63.45615917  010.92502296  63.45618427  010.92491029
111  63.45615917  010.92502296
112  63.45615917  010.92502296  63.45619738  010.92485147
112  63.45640460  010.92464094  63.45653734  010.92464574
111  63.45640460  010.92464094
111  63.45717655  010.92466932
112  63.45717655  010.92466932  63.45722418  010.92466932
111  63.45725128  010.92488983
111  63.45739991  010.92492107
111  63.45740449  010.92341667
111  63.45724092  010.92342108
112  63.45703201  010.92377390  63.45687024  010.92377758
111  63.45703201  010.92377390
111  63.45634515  010.92378681
112  63.45617348  010.92341414  63.45611259  010.92319193
111  63.45617348  010.92341414
112  63.45617348  010.92341414  63.45615041  010.92332996
112  63.45613451  010.92313496  63.45613451  010.92303446
111  63.45613451  010.92313496
111  63.45614620  010.91793638
111  63.45620942  010.91623938
112  63.45647336  010.91567101  63.45671577  010.91564675
111  63.45647336  010.91567101
111  63.45702499  010.91565390
112  63.45702499  010.91565390  63.45718068  010.91565390
111  63.45726831  010.91599225
111  63.45742976  010.91616636
111  63.45742808  010.91415352
111  63.45735007  010.91417006
112  63.45699861  010.91472501  63.45674043  010.91473383
111  63.45699861  010.91472501
111  63.45646992  010.91472209
112  63.45615596  010.91404163  63.45615170  010.91354947
111  63.45615596  010.91404163
111  63.45615540  010.90460910
112  63.45652789  010.90413546  63.45683723  010.90411006
111  63.45707420  010.90509599
111  63.45722201  010.90592689
111  63.45721019  010.90693507
111  63.45743841  010.90721027
111  63.45743492  010.90375868
111  63.45724474  010.90351391
111  63.45724868  010.90378515
112  63.45711663  010.90390643  63.45703291  010.90376989
111  63.45711663  010.90390643
112  63.45711663  010.90390643  63.45683567  010.90330947
111  63.45640081  010.90332766
112  63.45617168  010.90273270  63.45617286  010.90227229
111  63.45617168  010.90273270
111  63.45618059  010.89606484
112  63.45618059  010.89606484  63.45618059  010.89601457
111  63.45620815  010.89593820
111  63.45725639  010.89311163
111  63.45740409  010.89337890
113  63.45744745  010.89338331
111  63.45575279  010.93782597
112  63.45572733  010.93809241  63.45570680  010.93812609
111  63.45567724  010.93805566
111  63.45509617  010.93682587
112  63.45493033  010.93601481  63.45493329  010.93567084
111  63.45493033  010.93601481
111  63.45494067  010.93393384
112  63.45498105  010.93379909  63.45501764  010.93375443
111  63.45498105  010.93379909
112  63.45498105  010.93379909  63.45499008  010.93378740
111  63.45499952  010.93381747
112  63.45555045  010.93440802  63.45602099  010.93461713
111  63.45555045  010.93440802
112  63.45555045  010.93440802  63.45568102  010.93446499
113  63.45575841  010.93490929
112  63.45568873  010.93328189  63.45562960  010.93342301
111  63.45568873  010.93328189
112  63.45568873  010.93328189  63.45549953  010.93372950
112  63.45525712  010.93313415  63.45520588  010.93291365
111  63.45525712  010.93313415
111  63.45541099  010.93278027
112  63.45541099  010.93278027  63.45543759  010.93272074
111  63.45543494  010.93266288
111  63.45544058  010.93199551
112  63.45544058  010.93199551  63.45544058  010.93189408
111  63.45540983  010.93182881
111  63.45527148  010.93154834
111  63.45527030  010.93142927
112  63.45527030  010.93142927  63.45547526  010.93090227
112  63.45576695  010.93170181  63.45580143  010.93214942
111  63.45576695  010.93170181
113  63.45575407  010.93301610
112  63.45570717  010.93002516  63.45565859  010.93016144
111  63.45570717  010.93002516
112  63.45570717  010.93002516  63.45551214  010.93057335
111  63.45529385  010.93006804
112  63.45528700  010.92986438  63.45533080  010.92976179
111  63.45528700  010.92986438
111  63.45541429  010.92959948
112  63.45541429  010.92959948  63.45545398  010.92951832
111  63.45545261  010.92945094
111  63.45545338  010.92880184
112  63.45545338  010.92880184  63.45545452  010.92873676
111  63.45543148  010.92867781
111  63.45527135  010.92831949
112  63.45525561  010.92823221  63.45526815  010.92818883
111  63.45525561  010.92823221
112  63.45525561  010.92823221  63.45551195  010.92759343
111  63.45571274  010.92818987
112  63.45577304  010.92848623  63.45577469  010.92859648
111  63.45577304  010.92848623
113  63.45577068  010.92963194
112  63.45577687  010.92560709  63.45577756  010.92573419
111  63.45577687  010.92560709
111  63.45576959  010.92657129
112  63.45576959  010.92657129  63.45576920  010.92662180
111  63.45575249  010.92670145
112  63.45555403  010.92705517  63.45541170  010.92713479
111  63.45555403  010.92705517
112  63.45555403  010.92705517  63.45550340  010.92706895
111  63.45549655  010.92697554
111  63.45549655  010.92642582
112  63.45556019  010.92608129  63.45556225  010.92596644
111  63.45556019  010.92608129
111  63.45556156  010.92566019
112  63.45556156  010.92566019  63.45555814  010.92554688
111  63.45549792  010.92548563
111  63.45549792  010.92510282
112  63.45560810  010.92495428  63.45570801  010.92494969
113  63.45576344  010.92535241
130 Airport Boundary 1
111  63.45711882  010.88202442
111  63.45648164  010.88593839
111  63.45589868  010.88682683
111  63.45562532  010.88866608
111  63.45545393  010.91042320
111  63.45163944  010.91059877
111  63.45160487  010.91600459
111  63.45104012  010.92649208
111  63.45329002  010.92985635
111  63.45361878  010.94012194
111  63.45721781  010.94733924
111  63.45809053  010.94675859
111  63.46014682  010.94307736
111  63.46360587  010.94208784
111  63.46661446  010.93482852
111  63.46652887  010.92764514
111  63.46611317  010.92336528
111  63.46587486  010.91918939
111  63.46454314  010.91562513
111  63.46043525  010.91613773
111  63.45883977  010.91274231
111  63.45895735  010.90554622
111  63.45959267  010.88931669
111  63.45894554  010.88930772
111  63.45895048  010.88684827
111  63.45849444  010.88284117
113  63.45798668  010.88201473
120 Linear Feature 24
111  63.45395419  010.92518651 30
111  63.45547178  010.92520102
111  63.45555334  010.92708260 30
111  63.45555239  010.92793432
111  63.45554973  010.93031552 30
111  63.45554879  010.93115811
111  63.45554619  010.93349263 30
115  63.45554518  010.93438989
120 Linear Feature 24
111  63.45395420  010.92518331 24
111  63.45547308  010.92519783
111  63.45555477  010.92708245 24
111  63.45555382  010.92793433
111  63.45555116  010.93031553 24
111  63.45555022  010.93115812
111  63.45554762  010.93349264 24
115  63.45554661  010.93438990
120 Linear Feature 24
111  63.45395420  010.92517945 24
111  63.45547465  010.92519398
111  63.45555650  010.92708227 24
111  63.45555555  010.92793434
111  63.45555289  010.93031554 24
111  63.45555195  010.93115813
111  63.45554934  010.93349265 24
115  63.45554834  010.93438991
120 Linear Feature 24
111  63.45395421  010.92517610 30
111  63.45547601  010.92519065
111  63.45555799  010.92708211 30
111  63.45555704  010.92793434
111  63.45555438  010.93031555 30
111  63.45555344  010.93115813
111  63.45555084  010.93349266 30
115  63.45554984  010.93438992
120 Linear Feature 2
111  63.45454628  010.92184329 25
115  63.45362930  010.92184370
120 Linear Feature 2
111  63.45454626  010.92184727 25
115  63.45362928  010.92184769
120 Linear Feature 2
111  63.45454624  010.92185155 25
115  63.45362927  010.92185197
120 Linear Feature 2
111  63.45454622  010.92185588 25
115  63.45362925  010.92185630
120 Linear Feature 2
111  63.45454620  010.92186020 25
115  63.45362923  010.92186062
120 Linear Feature 2
111  63.45454618  010.92186444 25
115  63.45362921  010.92186486
120 Linear Feature 2
111  63.45454617  010.92186858 25
115  63.45362919  010.92186900
120 Linear Feature 2
111  63.45454615  010.92187253 25
115  63.45362917  010.92187295
120 Linear Feature 2
111  63.45454613  010.92187667 25
115  63.45362916  010.92187709
120 Linear Feature 2
111  63.45454611  010.92188086 25
115  63.45362914  010.92188128
120 Linear Feature 2
111  63.45412559  010.91969436 25
115  63.45408622  010.92005161
120 Linear Feature 2
111  63.45412732  010.91969527 25
115  63.45408795  010.92005253
120 Linear Feature 2
111  63.45412918  010.91969626 25
115  63.45408981  010.92005351
120 Linear Feature 2
111  63.45413107  010.91969725 25
115  63.45409170  010.92005451
120 Linear Feature 2
111  63.45413295  010.91969825 25
115  63.45409358  010.92005550
120 Linear Feature 2
111  63.45413479  010.91969922 25
115  63.45409542  010.92005648
120 Linear Feature 2
111  63.45413659  010.91970017 25
115  63.45409722  010.92005743
120 Linear Feature 2
111  63.45413831  010.91970108 25
115  63.45409894  010.92005834
120 Linear Feature 2
111  63.45414011  010.91970204 25
115  63.45410074  010.92005929
120 Linear Feature 2
111  63.45414193  010.91970300 25
115  63.45410256  010.92006025
120 Linear Feature 2
111  63.45413529  010.91898914 25
115  63.45412578  010.91969033
120 Linear Feature 2
111  63.45413707  010.91898925 25
115  63.45412756  010.91969043
120 Linear Feature 2
111  63.45413898  010.91898936 25
115  63.45412947  010.91969055
120 Linear Feature 2
111  63.45414092  010.91898947 25
115  63.45413140  010.91969066
120 Linear Feature 2
111  63.45414285  010.91898959 25
115  63.45413334  010.91969077
120 Linear Feature 2
111  63.45414474  010.91898970 25
115  63.45413523  010.91969089
120 Linear Feature 2
111  63.45414659  010.91898981 25
115  63.45413708  010.91969099
120 Linear Feature 2
111  63.45414835  010.91898991 25
115  63.45413884  010.91969110
120 Linear Feature 2
111  63.45415020  010.91899002 25
115  63.45414069  010.91969121
120 Linear Feature 2
111  63.45415208  010.91899013 25
115  63.45414257  010.91969132
120 Linear Feature 2
111  63.45444854  010.92030175 25
115  63.45444747  010.92064121
120 Linear Feature 2
111  63.45445032  010.92030176 25
115  63.45444925  010.92064123
120 Linear Feature 2
111  63.45445223  010.92030178 25
115  63.45445117  010.92064124
120 Linear Feature 2
111  63.45445416  010.92030179 25
115  63.45445310  010.92064125
120 Linear Feature 2
111  63.45445610  010.92030180 25
115  63.45445503  010.92064127
120 Linear Feature 2
111  63.45445799  010.92030182 25
115  63.45445692  010.92064128
120 Linear Feature 2
111  63.45445984  010.92030183 25
115  63.45445877  010.92064129
120 Linear Feature 2
111  63.45446160  010.92030184 25
115  63.45446054  010.92064131
120 Linear Feature 2
111  63.45446346  010.92030186 25
115  63.45446239  010.92064132
120 Linear Feature 2
111  63.45446533  010.92030187 25
115  63.45446426  010.92064133
120 Linear Feature 2
111  63.45398001  010.92189401 25
115  63.45397894  010.92223347
120 Linear Feature 2
111  63.45398179  010.92189403 25
115  63.45398072  010.92223348
120 Linear Feature 2
111  63.45398370  010.92189404 25
115  63.45398264  010.92223350
120 Linear Feature 2
111  63.45398564  010.92189405 25
115  63.45398457  010.92223351
120 Linear Feature 2
111  63.45398757  010.92189407 25
115  63.45398650  010.92223352
120 Linear Feature 2
111  63.45398946  010.92189408 25
115  63.45398839  010.92223354
120 Linear Feature 2
111  63.45399131  010.92189410 25
115  63.45399025  010.92223355
120 Linear Feature 2
111  63.45399308  010.92189411 25
115  63.45399201  010.92223356
120 Linear Feature 2
111  63.45399493  010.92189412 25
115  63.45399386  010.92223358
120 Linear Feature 2
111  63.45399680  010.92189413 25
115  63.45399573  010.92223359
120 Linear Feature 2
111  63.45393388  010.92175975 25
115  63.45393386  010.92183757
120 Linear Feature 2
111  63.45393566  010.92175977 25
115  63.45393564  010.92183758
120 Linear Feature 2
111  63.45393757  010.92175978 25
115  63.45393755  010.92183759
120 Linear Feature 2
111  63.45393951  010.92175980 25
115  63.45393948  010.92183761
120 Linear Feature 2
111  63.45394144  010.92175981 25
115  63.45394142  010.92183762
120 Linear Feature 2
111  63.45394333  010.92175982 25
115  63.45394331  010.92183763
120 Linear Feature 2
111  63.45394518  010.92175984 25
115  63.45394516  010.92183765
120 Linear Feature 2
111  63.45394695  010.92175985 25
115  63.45394692  010.92183766
120 Linear Feature 2
111  63.45394880  010.92175986 25
115  63.45394878  010.92183767
120 Linear Feature 2
111  63.45395067  010.92175987 25
115  63.45395065  010.92183769
120 Linear Feature 2
111  63.45405201  010.92175892 25
115  63.45405173  010.92183848
120 Linear Feature 2
111  63.45405379  010.92175893 25
115  63.45405351  010.92183849
120 Linear Feature 2
111  63.45405571  010.92175894 25
115  63.45405542  010.92183850
120 Linear Feature 2
111  63.45405764  010.92175896 25
115  63.45405735  010.92183852
120 Linear Feature 2
111  63.45405957  010.92175897 25
115  63.45405929  010.92183853
120 Linear Feature 2
111  63.45406146  010.92175898 25
115  63.45406118  010.92183854
120 Linear Feature 2
111  63.45406331  010.92175900 25
115  63.45406303  010.92183856
120 Linear Feature 2
111  63.45406508  010.92175901 25
115  63.45406480  010.92183857
120 Linear Feature 2
111  63.45406693  010.92175902 25
115  63.45406665  010.92183858
120 Linear Feature 2
111  63.45406880  010.92175904 25
115  63.45406852  010.92183860
120 Linear Feature 2
111  63.45413769  010.92176416 25
115  63.45413758  010.92183750
120 Linear Feature 2
111  63.45413947  010.92176417 25
115  63.45413936  010.92183752
120 Linear Feature 2
111  63.45414139  010.92176419 25
115  63.45414128  010.92183753
120 Linear Feature 2
111  63.45414332  010.92176420 25
115  63.45414321  010.92183755
120 Linear Feature 2
111  63.45414525  010.92176421 25
115  63.45414514  010.92183756
120 Linear Feature 2
111  63.45414715  010.92176423 25
115  63.45414703  010.92183757
120 Linear Feature 2
111  63.45414900  010.92176424 25
115  63.45414889  010.92183759
120 Linear Feature 2
111  63.45415076  010.92176425 25
115  63.45415065  010.92183760
120 Linear Feature 2
111  63.45415261  010.92176427 25
115  63.45415250  010.92183761
120 Linear Feature 2
111  63.45415449  010.92176428 25
115  63.45415438  010.92183763
120 Linear Feature 2
111  63.45420020  010.92176358 25
115  63.45420052  010.92184032
120 Linear Feature 2
111  63.45420198  010.92176359 25
115  63.45420230  010.92184033
120 Linear Feature 2
111  63.45420389  010.92176360 25
115  63.45420421  010.92184035
120 Linear Feature 2
111  63.45420582  010.92176362 25
115  63.45420615  010.92184036
120 Linear Feature 2
111  63.45420776  010.92176363 25
115  63.45420808  010.92184038
120 Linear Feature 2
111  63.45420965  010.92176365 25
115  63.45420997  010.92184039
120 Linear Feature 2
111  63.45421150  010.92176366 25
115  63.45421182  010.92184040
120 Linear Feature 2
111  63.45421327  010.92176367 25
115  63.45421359  010.92184042
120 Linear Feature 2
111  63.45421512  010.92176368 25
115  63.45421544  010.92184043
120 Linear Feature 2
111  63.45421699  010.92176370 25
115  63.45421731  010.92184044
120 Linear Feature 2
111  63.45426036  010.92176474 25
115  63.45426024  010.92184003
120 Linear Feature 2
111  63.45426214  010.92176476 25
115  63.45426202  010.92184004
120 Linear Feature 2
111  63.45426405  010.92176477 25
115  63.45426394  010.92184006
120 Linear Feature 2
111  63.45426598  010.92176478 25
115  63.45426587  010.92184007
120 Linear Feature 2
111  63.45426792  010.92176480 25
115  63.45426781  010.92184008
120 Linear Feature 2
111  63.45426981  010.92176481 25
115  63.45426970  010.92184010
120 Linear Feature 2
111  63.45427166  010.92176482 25
115  63.45427155  010.92184011
120 Linear Feature 2
111  63.45427342  010.92176484 25
115  63.45427331  010.92184012
120 Linear Feature 2
111  63.45427528  010.92176485 25
115  63.45427516  010.92184014
120 Linear Feature 2
111  63.45427715  010.92176486 25
115  63.45427704  010.92184015
120 Linear Feature 2
111  63.45434734  010.92176999 25
115  63.45434701  010.92183751
120 Linear Feature 2
111  63.45434912  010.92177000 25
115  63.45434879  010.92183752
120 Linear Feature 2
111  63.45435103  010.92177001 25
115  63.45435071  010.92183753
120 Linear Feature 2
111  63.45435297  010.92177003 25
115  63.45435264  010.92183755
120 Linear Feature 2
111  63.45435490  010.92177004 25
115  63.45435457  010.92183756
120 Linear Feature 2
111  63.45435679  010.92177006 25
115  63.45435646  010.92183757
120 Linear Feature 2
111  63.45435864  010.92177007 25
115  63.45435832  010.92183759
120 Linear Feature 2
111  63.45436041  010.92177008 25
115  63.45436008  010.92183760
120 Linear Feature 2
111  63.45436226  010.92177009 25
115  63.45436193  010.92183761
120 Linear Feature 2
111  63.45436413  010.92177011 25
115  63.45436381  010.92183763
120 Linear Feature 2
111  63.45441036  010.92177523 25
115  63.45441034  010.92184314
120 Linear Feature 2
111  63.45441214  010.92177524 25
115  63.45441212  010.92184315
120 Linear Feature 2
111  63.45441406  010.92177526 25
115  63.45441403  010.92184317
120 Linear Feature 2
111  63.45441599  010.92177527 25
115  63.45441597  010.92184318
120 Linear Feature 2
111  63.45441792  010.92177529 25
115  63.45441790  010.92184319
120 Linear Feature 2
111  63.45441982  010.92177530 25
115  63.45441979  010.92184321
120 Linear Feature 2
111  63.45442167  010.92177531 25
115  63.45442164  010.92184322
120 Linear Feature 2
111  63.45442343  010.92177533 25
115  63.45442341  010.92184323
120 Linear Feature 2
111  63.45442528  010.92177534 25
115  63.45442526  010.92184325
120 Linear Feature 2
111  63.45442716  010.92177535 25
115  63.45442713  010.92184326
120 Linear Feature 2
111  63.45447391  010.92177465 25
115  63.45447358  010.92184411
120 Linear Feature 2
111  63.45447569  010.92177466 25
115  63.45447536  010.92184412
120 Linear Feature 2
111  63.45447760  010.92177468 25
115  63.45447728  010.92184414
120 Linear Feature 2
111  63.45447954  010.92177469 25
115  63.45447921  010.92184415
120 Linear Feature 2
111  63.45448147  010.92177470 25
115  63.45448114  010.92184417
120 Linear Feature 2
111  63.45448336  010.92177472 25
115  63.45448303  010.92184418
120 Linear Feature 2
111  63.45448521  010.92177473 25
115  63.45448488  010.92184419
120 Linear Feature 2
111  63.45448698  010.92177474 25
115  63.45448665  010.92184420
120 Linear Feature 2
111  63.45448883  010.92177476 25
115  63.45448850  010.92184422
120 Linear Feature 2
111  63.45449070  010.92177477 25
115  63.45449037  010.92184423
120 Linear Feature 2
111  63.45440828  010.92188362 25
115  63.45440773  010.92223366
120 Linear Feature 2
111  63.45441006  010.92188363 25
115  63.45440952  010.92223368
120 Linear Feature 2
111  63.45441197  010.92188365 25
115  63.45441143  010.92223369
120 Linear Feature 2
111  63.45441391  010.92188366 25
115  63.45441336  010.92223371
120 Linear Feature 2
111  63.45441584  010.92188367 25
115  63.45441530  010.92223372
120 Linear Feature 2
111  63.45441773  010.92188369 25
115  63.45441719  010.92223373
120 Linear Feature 2
111  63.45441958  010.92188370 25
115  63.45441904  010.92223375
120 Linear Feature 2
111  63.45442135  010.92188371 25
115  63.45442080  010.92223376
120 Linear Feature 2
111  63.45442320  010.92188373 25
115  63.45442266  010.92223377
120 Linear Feature 2
111  63.45442507  010.92188374 25
115  63.45442453  010.92223379
120 Linear Feature 2
111  63.45473948  010.92189488 25
115  63.45487816  010.92189698
120 Linear Feature 2
111  63.45473951  010.92189089 25
115  63.45487818  010.92189300
120 Linear Feature 2
111  63.45473954  010.92188661 25
115  63.45487821  010.92188871
120 Linear Feature 2
111  63.45473957  010.92188228 25
115  63.45487824  010.92188439
120 Linear Feature 2
111  63.45473960  010.92187796 25
115  63.45487827  010.92188006
120 Linear Feature 2
111  63.45473963  010.92187372 25
115  63.45487829  010.92187583
120 Linear Feature 2
111  63.45473965  010.92186958 25
115  63.45487832  010.92187169
120 Linear Feature 2
111  63.45473968  010.92186563 25
115  63.45487835  010.92186774
120 Linear Feature 2
111  63.45473971  010.92186149 25
115  63.45487838  010.92186360
120 Linear Feature 2
111  63.45473973  010.92185730 25
115  63.45487840  010.92185940
120 Linear Feature 2
111  63.45483905  010.92190797 25
115  63.45483393  010.92228806
120 Linear Feature 2
111  63.45484083  010.92190809 25
115  63.45483571  010.92228818
120 Linear Feature 2
111  63.45484274  010.92190822 25
115  63.45483762  010.92228831
120 Linear Feature 2
111  63.45484468  010.92190835 25
115  63.45483956  010.92228844
120 Linear Feature 2
111  63.45484661  010.92190848 25
115  63.45484149  010.92228857
120 Linear Feature 2
111  63.45484850  010.92190861 25
115  63.45484338  010.92228870
120 Linear Feature 2
111  63.45485035  010.92190873 25
115  63.45484523  010.92228882
120 Linear Feature 2
111  63.45485211  010.92190885 25
115  63.45484699  010.92228894
120 Linear Feature 2
111  63.45485396  010.92190898 25
115  63.45484884  010.92228907
120 Linear Feature 2
111  63.45485584  010.92190910 25
115  63.45485072  010.92228919
120 Linear Feature 2
111  63.45496787  010.92156492 25
115  63.45487983  010.92189018
120 Linear Feature 2
111  63.45496939  010.92156698 25
115  63.45488135  010.92189224
120 Linear Feature 2
111  63.45497103  010.92156920 25
115  63.45488299  010.92189446
120 Linear Feature 2
111  63.45497268  010.92157144 25
115  63.45488464  010.92189670
120 Linear Feature 2
111  63.45497433  010.92157368 25
115  63.45488630  010.92189894
120 Linear Feature 2
111  63.45497595  010.92157588 25
115  63.45488792  010.92190114
120 Linear Feature 2
111  63.45497754  010.92157802 25
115  63.45488950  010.92190328
120 Linear Feature 2
111  63.45497905  010.92158007 25
115  63.45489101  010.92190533
120 Linear Feature 2
111  63.45498063  010.92158221 25
115  63.45489259  010.92190747
120 Linear Feature 2
111  63.45498223  010.92158439 25
115  63.45489420  010.92190964
120 Linear Feature 2
111  63.45497462  010.92156112 25
115  63.45510238  010.92192413
120 Linear Feature 2
111  63.45497604  010.92155871 25
115  63.45510380  010.92192173
120 Linear Feature 2
111  63.45497757  010.92155613 25
115  63.45510532  010.92191914
120 Linear Feature 2
111  63.45497911  010.92155351 25
115  63.45510686  010.92191652
120 Linear Feature 2
111  63.45498064  010.92155089 25
115  63.45510840  010.92191391
120 Linear Feature 2
111  63.45498215  010.92154833 25
115  63.45510991  010.92191134
120 Linear Feature 2
111  63.45498363  010.92154583 25
115  63.45511138  010.92190884
120 Linear Feature 2
111  63.45498503  010.92154344 25
115  63.45511279  010.92190645
120 Linear Feature 2
111  63.45498651  010.92154094 25
115  63.45511426  010.92190395
120 Linear Feature 2
111  63.45498800  010.92153840 25
115  63.45511576  010.92190141
120 Linear Feature 2
111  63.45497806  010.92138093 25
115  63.45514800  010.92138316
120 Linear Feature 2
111  63.45497807  010.92137694 25
115  63.45514801  010.92137918
120 Linear Feature 2
111  63.45497809  010.92137266 25
115  63.45514802  010.92137490
120 Linear Feature 2
111  63.45497810  010.92136833 25
115  63.45514803  010.92137057
120 Linear Feature 2
111  63.45497811  010.92136401 25
115  63.45514804  010.92136624
120 Linear Feature 2
111  63.45497812  010.92135977 25
115  63.45514806  010.92136201
120 Linear Feature 2
111  63.45497813  010.92135563 25
115  63.45514807  010.92135787
120 Linear Feature 2
111  63.45497814  010.92135168 25
115  63.45514808  010.92135392
120 Linear Feature 2
111  63.45497815  010.92134754 25
115  63.45514809  010.92134978
120 Linear Feature 2
111  63.45497816  010.92134335 25
115  63.45514810  010.92134558
120 Linear Feature 35
111  63.45271512  010.91825547 22
111  63.45250133  010.91777092
111  63.45247544  010.91779807 22
112  63.45281639  010.91859312  63.45296771  010.91897983
111  63.45281639  010.91859312 22
111  63.45306033  010.91920089
112  63.45306033  010.91920089  63.45327144  010.91972422 22
111  63.45349318  010.91963949 22
111  63.45374973  010.91964509
111  63.45356731  010.91958917 22
111  63.45375979  010.91958115
112  63.45375979  010.91958115  63.45377887  010.91958040 20
111  63.45381821  010.91954232
111  63.45389677  010.91952896 20
112  63.45397269  010.91936448  63.45400919  010.91927033
111  63.45397269  010.91936448 20
111  63.45397872  010.91939684
112  63.45397872  010.91939684  63.45394059  010.91948162 20
111  63.45389677  010.91952896
111  63.45394056  010.91958379 20
112  63.45399559  010.91944807  63.45401818  010.91937691
111  63.45399559  010.91944807 20
111  63.45401025  010.91945840
112  63.45401025  010.91945840  63.45398216  010.91953122 20
111  63.45394056  010.91958379
111  63.45394438  010.91969232 20
111  63.45403742  010.91981312 20
111  63.45403019  010.91982930 20
111  63.45394438  010.91969232
111  63.45388076  010.91970526 20
111  63.45403597  010.91991774 20
111  63.45402922  010.91993392 20
111  63.45388076  010.91970526
111  63.45435196  010.91992267 22
111  63.45415096  010.91965087 21
111  63.45416637  010.91959967
111  63.45436061  010.91972101 22
111  63.45415189  010.91942979 21
111  63.45416604  010.91938951
111  63.45417472  010.91935607 21
111  63.45418708  010.91931223 22
111  63.45435724  010.91952794
111  63.45436399  010.91946431 22
111  63.45419672  010.91924859
112  63.45419672  010.91924859  63.45418049  010.91922721 22
111  63.45417021  010.91920221 21
111  63.45419190  010.91915260
111  63.45402284  010.91865956 20
111  63.45398640  010.91878122 20
111  63.45401301  010.91863626
111  63.45398640  010.91878122
112  63.45398640  010.91878122  63.45387513  010.91926283 22
111  63.45371222  010.91921998 22
115  63.45322342  010.91920146
120 Linear Feature 33
111  63.45234232  010.91532318 20
112  63.45233116  010.91532506  63.45232586  010.91529759
111  63.45233116  010.91532506 20
111  63.45231888  010.91521146
112  63.45231888  010.91521146  63.45231805  010.91520023 20
111  63.45232586  010.91519773 20
111  63.45234204  010.91519461 20
112  63.45234873  010.91521022  63.45234845  010.91522769
111  63.45234873  010.91521022 20
111  63.45234232  010.91532318
111  63.45219860  010.91504371 20
112  63.45229879  010.91542587  63.45230568  010.91569705
111  63.45229879  010.91542587 20
111  63.45230023  010.91640938 20
112  63.45213906  010.91679095  63.45198534  010.91687032
111  63.45213906  010.91679095
111  63.45203530  010.91700849 20
111  63.45213647  010.91711862 20
111  63.45234992  010.91749264 20
111  63.45237132  010.91749005
112  63.45237132  010.91749005  63.45241644  010.91760524 20
111  63.45247544  010.91779807 20
112  63.45223059  010.91735542  63.45216638  010.91724024 20
111  63.45202446  010.91703123
111  63.45220409  010.91738545 20
112  63.45266008  010.91829482  63.45280907  010.91867316
111  63.45266008  010.91829482 20
115  63.45306288  010.91934862
120 Linear Feature 27
111  63.45396410  010.91859538 20
111  63.45395959  010.91551978 20
112  63.45370637  010.91493830  63.45349187  010.91491565
111  63.45370637  010.91493830 20
111  63.45314066  010.91505148 22
111  63.45305055  010.91504866 20
111  63.45257743  010.91505518
112  63.45257743  010.91505518  63.45254529  010.91505518 20
112  63.45247316  010.91499048  63.45246191  010.91497430 20
111  63.45244540  010.91501895 20
111  63.45240079  010.91514079
112  63.45240079  010.91514079  63.45236022  010.91524954 20
111  63.45238466  010.91537875 20
112  63.45240317  010.91551593  63.45240397  010.91557615
111  63.45240317  010.91551593 20
111  63.45240375  010.91580454
112  63.45240375  010.91580454  63.45240327  010.91595769 20
111  63.45238350  010.91615398 20
111  63.45237598  010.91651765
112  63.45237598  010.91651765  63.45237478  010.91660123 20
111  63.45239276  010.91671437 20
111  63.45242399  010.91687355
112  63.45242399  010.91687355  63.45244890  010.91692748 20
111  63.45250613  010.91693309 20
111  63.45259887  010.91692547
111  63.45274153  010.91705703 20
111  63.45257845  010.91705921
112  63.45257845  010.91705921  63.45255716  010.91706371 20
111  63.45256558  010.91710646
111  63.45253305  010.91712803 20
112  63.45251658  010.91706004  63.45249208  010.91705015
111  63.45251658  010.91706004 20
111  63.45247279  010.91706062
112  63.45247279  010.91706062  63.45243151  010.91706312 20
111  63.45241655  010.91710017
112  63.45241655  010.91710017  63.45239256  010.91720003 20
111  63.45234947  010.91722600
112  63.45234947  010.91722600  63.45232967  010.91724534 20
111  63.45234787  010.91727453 20
111  63.45243463  010.91754236
112  63.45243463  010.91754236  63.45247239  010.91766369 20
112  63.45250694  010.91768526  63.45252742  010.91771852
111  63.45250694  010.91768526 20
111  63.45273307  010.91817524
112  63.45273307  010.91817524  63.45279573  010.91829927 20
111  63.45287228  010.91830311
112  63.45287228  010.91830311  63.45295027  010.91831285 20
111  63.45297431  010.91824379
111  63.45289169  010.91850159
112  63.45289169  010.91850159  63.45287611  010.91842721 20
111  63.45285144  010.91843647 20
111  63.45281061  010.91844995
112  63.45281061  010.91844995  63.45279672  010.91845392 20
111  63.45281395  010.91849339 20
111  63.45296644  010.91886406
112  63.45296644  010.91886406  63.45307683  010.91913369 20
111  63.45324409  010.91912938 20
111  63.45375488  010.91912108
114  63.45375488  010.91912108  63.45394114  010.91910813 20
120 Linear Feature 26
112  63.45236480  010.91695813  63.45236197  010.91704897 20
112  63.45228616  010.91711112  63.45224556  010.91710478 20
112  63.45221778  010.91693516  63.45222062  010.91684433 20
114  63.45229642  010.91678217  63.45233702  010.91678852 20
120 Linear Feature 26
112  63.45239922  010.91488757  63.45239638  010.91497840 20
112  63.45232057  010.91504056  63.45227997  010.91503421 20
112  63.45225219  010.91486460  63.45225503  010.91477376 20
114  63.45233084  010.91471161  63.45237144  010.91471795 20
120 Linear Feature 25
111  63.45296235  010.91489422 20
111  63.45296640  010.91475315 20
112  63.45285939  010.91447618  63.45276009  010.91444706
111  63.45285939  010.91447618
112  63.45285939  010.91447618  63.45270610  010.91444059 20
111  63.45258694  010.91455643
112  63.45258694  010.91455643  63.45237533  010.91470418 20
111  63.45251614  010.91486293 20
112  63.45260661  010.91490328  63.45266589  010.91490068
111  63.45260661  010.91490328 20
111  63.45308267  010.91491363 20
112  63.45324694  010.91484504  63.45336552  010.91478291
111  63.45324694  010.91484504 20
111  63.45336842  010.91478291 20
111  63.45370449  010.91470965
112  63.45370449  010.91470965  63.45409459  010.91469567 20
115  63.45411692  010.91557500
120 Linear Feature 24
111  63.46510336  010.92495054 1
111  63.46512725  010.92380423 1
112  63.46504029  010.92330307  63.46494936  010.92310419
111  63.46504029  010.92330307 1
111  63.46463548  010.92243498
112  63.46463548  010.92243498  63.46455426  010.92226097 1
111  63.46446314  010.92219790 1
111  63.46302588  010.92121620
112  63.46302588  010.92121620  63.46293703  010.92115405 1
115  63.46280239  010.92115260
120 Linear Feature 23
111  63.46503257  010.92803306 1
111  63.46499357  010.93020051
111  63.46480980  010.92946858 1
111  63.46495695  010.92919047
112  63.46495695  010.92919047  63.46500901  010.92909569 1
111  63.46501535  010.92899004
111  63.46484863  010.92939518
112  63.46484863  010.92939518  63.46497844  010.92931128 1
115  63.46500526  010.92955103
120 Linear Feature 22
111  63.45976521  010.93604035 1
111  63.46097480  010.93800973
112  63.46097480  010.93800973  63.46102894  010.93809828 1
111  63.46104180  010.93818065
111  63.46104455  010.93750020 1
116  63.46082714  010.93776932  63.46065222  010.93765125
120 Linear Feature 21
111  63.45789375  010.94475706 1
111  63.46082474  010.94201877
112  63.46082474  010.94201877  63.46104928  010.94177395 1
111  63.46102906  010.94132641 1
111  63.46104671  010.93696642 1
116  63.46118484  010.93646774  63.46131079  010.93622837
120 Linear Feature 20
112  63.45135005  010.91742261  63.45136445  010.91758813 20
111  63.45145483  010.91759337 20
111  63.45153952  010.91758738
111  63.45184107  010.91759354 20
112  63.45186751  010.91762799  63.45188481  010.91762799
111  63.45186751  010.91762799 20
111  63.45207161  010.91762915
112  63.45207161  010.91762915  63.45209330  010.91763023 20
115  63.45211316  010.91757547
120 Linear Feature 19
111  63.45100638  010.91882465 20
111  63.45103386  010.91882141 20
111  63.45102970  010.91864512 20
113  63.45100223  010.91864836 20
120 Linear Feature 19
111  63.45105376  010.91881906 20
111  63.45108123  010.91881582 20
111  63.45107708  010.91863947 20
113  63.45104961  010.91864271 20
120 Linear Feature 19
111  63.45109919  010.91881371 20
111  63.45112361  010.91881083 20
111  63.45111945  010.91863441 20
113  63.45109504  010.91863729 20
120 Linear Feature 19
111  63.45113572  010.91880940 20
111  63.45116096  010.91880643 20
111  63.45115680  010.91862996 20
113  63.45113156  010.91863293 20
120 Linear Feature 16
111  63.45495313  010.91454480 30
111  63.45468831  010.91453381
111  63.45468719  010.91550257 30
111  63.45495566  010.91549796
111  63.45492916  010.91631197 30
111  63.45468726  010.91631644
111  63.45468535  010.91709885 30
111  63.45493981  010.91710030
111  63.45494550  010.91791044 30
111  63.45468441  010.91791278
111  63.45468346  010.91873675 30
111  63.45492951  010.91873075
111  63.45494333  010.91960160 30
111  63.45468231  010.91960017
111  63.45491954  010.92225989 30
111  63.45492016  010.92247143 30
111  63.45488815  010.92247143 30
111  63.45488894  010.92225910
111  63.45448948  010.92224886 30
111  63.45448911  010.92247143 30
111  63.45445858  010.92247143 30
111  63.45446043  010.92224811
111  63.45406254  010.92223791 30
111  63.45406174  010.92247143 30
111  63.45403344  010.92247143 30
111  63.45403462  010.92223719
111  63.45363840  010.92222703 30
111  63.45363579  010.92247136 30
111  63.45360741  010.92247135 30
111  63.45360905  010.92222628
111  63.45325965  010.92221732 30
111  63.45325970  010.92247125 30
111  63.45322886  010.92247124 30
115  63.45322903  010.92221653
120 Linear Feature 15
111  63.45294211  010.92220917 30
111  63.45507069  010.92226376 30
111  63.45515432  010.92244946 30
111  63.45525896  010.92223631 30
111  63.45518481  010.92195241 30
111  63.45519557  010.92034492 30
111  63.45504922  010.92034972 30
111  63.45486963  010.92009061 30
111  63.45478708  010.92009061 30
111  63.45478747  010.91979201 30
111  63.45487821  010.91978592 30
111  63.45499400  010.91945817 30
111  63.45487981  010.91917775 30
111  63.45478826  010.91918131 30
111  63.45478869  010.91885022 30
111  63.45488163  010.91885257 30
111  63.45498375  010.91859278 30
111  63.45486793  010.91833850 30
111  63.45478935  010.91833806 30
111  63.45478973  010.91804662 30
111  63.45488501  010.91804322 30
111  63.45500825  010.91777274 30
111  63.45479039  010.91753539 30
111  63.45479080  010.91722131 30
111  63.45488813  010.91722118 30
111  63.45499428  010.91697288 30
111  63.45482916  010.91672937 30
111  63.45479144  010.91673034 30
111  63.45479179  010.91646062 30
111  63.45486240  010.91645707 30
111  63.45499321  010.91617277 30
111  63.45482445  010.91593698 30
111  63.45479246  010.91593814 30
111  63.45479288  010.91562009 30
111  63.45490575  010.91561910 30
111  63.45501654  010.91535020 30
111  63.45486957  010.91497234 30
111  63.45479372  010.91497185 30
111  63.45479415  010.91463447 30
111  63.45491335  010.91463546 30
111  63.45506838  010.91428212 30
111  63.45489926  010.91384725 30
111  63.45479518  010.91384460 30
111  63.45479556  010.91354750 30
111  63.45490265  010.91354754 30
115  63.45509904  010.91311433
120 Linear Feature 14
111  63.45468252  010.91955085 24
111  63.45505554  010.91955373
111  63.45505661  010.91945777 24
111  63.45468262  010.91946016
111  63.45468354  010.91867074 24
111  63.45495164  010.91867446
111  63.45498375  010.91859278 24
111  63.45468363  010.91858677
111  63.45468448  010.91785087 24
111  63.45497331  010.91784943
111  63.45500825  010.91777274 24
111  63.45468457  010.91778024
111  63.45468541  010.91704889 24
111  63.45496190  010.91704861
111  63.45499341  010.91697491 24
111  63.45468551  010.91696332
111  63.45468634  010.91624215 24
111  63.45496040  010.91624408
111  63.45499321  010.91617277 24
111  63.45468643  010.91616731
111  63.45468732  010.91539231 24
111  63.45500090  010.91538817
111  63.45499737  010.91530090 24
111  63.45468742  010.91530999
111  63.45468844  010.91442370 24
111  63.45500902  010.91441742
111  63.45504432  010.91433697 24
115  63.45468854  010.91433509
120 Linear Feature 13
111  63.45294307  010.92207268 24
111  63.45496359  010.92206895 24
112  63.45506266  010.92192258  63.45510435  010.92177514
111  63.45506266  010.92192258 24
111  63.45509997  010.92178826
112  63.45509997  010.92178826  63.45512119  010.92170246 24
111  63.45512506  010.92160113 24
111  63.45512827  010.92066116
112  63.45512827  010.92066116  63.45513020  010.92045963 24
111  63.45504979  010.92043084 24
111  63.45479247  010.92043660 24
112  63.45468182  010.92015879  63.45467989  010.91990112
111  63.45468182  010.92015879 24
111  63.45468970  010.91333412
112  63.45468970  010.91333412  63.45468970  010.91313265 24
111  63.45459153  010.91313506 24
111  63.45214187  010.91312785 24
112  63.45204213  010.91285564  63.45204526  010.91262875
111  63.45204213  010.91285564 24
111  63.45204751  010.91161321 24
112  63.45209962  010.91137191  63.45214573  010.91126876
111  63.45209962  010.91137191 24
111  63.45224126  010.91106095
111  63.45215053  010.91105912 24
111  63.45201481  010.91136298
112  63.45201481  010.91136298  63.45198587  010.91142775 24
111  63.45198231  010.91160203 24
111  63.45198111  010.91300054
112  63.45198111  010.91300054  63.45198022  010.91316346 24
111  63.45205254  010.91322567 24
111  63.45457412  010.91323639 24
112  63.45464190  010.91341148  63.45464301  010.91362291
111  63.45464190  010.91341148 24
111  63.45464081  010.91372654 24
115  63.45459064  010.91407028
120 Linear Feature 12
111  63.45293955  010.92190423 24
111  63.45486840  010.92193645 24
112  63.45499063  010.92176083  63.45503834  010.92163728 24
111  63.45503823  010.92149885 24
115  63.45504108  010.92071348
120 Linear Feature 11
111  63.45204574  010.91202147 30
111  63.45514706  010.91205213 30
111  63.45534612  010.91221035 30
111  63.45532190  010.92348458 30
111  63.45441439  010.92348113 30
111  63.45441278  010.92382362 30
111  63.45282658  010.92381938 30
111  63.45282046  010.92479294 30
111  63.45385465  010.92483214 30
115  63.45394986  010.92518152
120 Linear Feature 11
111  63.45204575  010.91201822 24
111  63.45514732  010.91204889 24
111  63.45534757  010.91220806 24
111  63.45532334  010.92348783 24
111  63.45441583  010.92348437 24
111  63.45441422  010.92382687 24
111  63.45282801  010.92382263 24
111  63.45282193  010.92478975 24
111  63.45385547  010.92482892 24
115  63.45395110  010.92517983
120 Linear Feature 11
111  63.45204577  010.91201498 24
111  63.45514757  010.91204564 24
111  63.45534903  010.91220577 24
111  63.45532479  010.92349109 24
111  63.45441726  010.92348763 24
111  63.45441565  010.92383012 24
111  63.45282944  010.92382588 24
111  63.45282340  010.92478656 24
111  63.45385629  010.92482570 24
115  63.45395234  010.92517814
120 Linear Feature 11
111  63.45204578  010.91201145 30
111  63.45514785  010.91204212 30
111  63.45535061  010.91220329 30
111  63.45532635  010.92349462 30
111  63.45441882  010.92349116 30
111  63.45441721  010.92383365 30
111  63.45283099  010.92382940 30
111  63.45282499  010.92478310 30
111  63.45385718  010.92482221 30
115  63.45395368  010.92517631
120 Linear Feature 9
111  63.45684327  010.88652869 54 103
111  63.45687322  010.88713595
111  63.45643471  010.89242561 54 103
111  63.45643221  010.89291113
111  63.45637773  010.89451150 54 103
111  63.45653721  010.89480179
111  63.45679279  010.90365386 54 103
111  63.45671931  010.90407947
111  63.45840252  010.92442801 54 103
111  63.45840811  010.92403185
111  63.45843100  010.91571182 54 103
111  63.45843683  010.91526019
111  63.45681333  010.91493738 54 103
111  63.45681300  010.91546452
111  63.45679967  010.92399573 54 103
111  63.45679649  010.92444972
111  63.45676860  010.93981360 54 103
115  63.45662805  010.94013874
120 Linear Feature 10
111  63.45581878  010.92504992 2
111  63.45607589  010.92503957
111  63.45632742  010.92446089 2
111  63.45632806  010.92398728
111  63.45634487  010.91557603 2
111  63.45634662  010.91480946
111  63.45608575  010.90496435 2
115  63.45588846  010.90497102
120 Linear Feature 8
111  63.45483418  010.92656760 60
112  63.45489136  010.92688899  63.45494854  010.92700295
111  63.45489136  010.92688899 60
111  63.45510113  010.92736990
111  63.45505006  010.92710102
112  63.45505006  010.92710102  63.45506793  010.92746922 60
111  63.45521325  010.92749755
111  63.45504980  010.92739391
112  63.45504980  010.92739391  63.45504915  010.92726423 60
111  63.45501354  010.92716910
111  63.45504938  010.92786653
112  63.45504938  010.92786653  63.45506315  010.92751832 60
111  63.45521325  010.92749755 60
111  63.45578932  010.92751548
112  63.45578932  010.92751548  63.45590920  010.92746050 60
111  63.45594212  010.92722701
111  63.45594068  010.92790071 60
112  63.45578932  010.92751548  63.45565939  010.92747216
111  63.45578932  010.92751548
111  63.45541788  010.92750392
112  63.45541788  010.92750392  63.45528341  010.92745594 60
111  63.45527180  010.92712692
111  63.45505006  010.92710102 60
111  63.45504476  010.93304965
112  63.45504476  010.93304965  63.45513184  010.93400937 60
111  63.45553602  010.93392878 60
111  63.45577919  010.93393979
112  63.45577919  010.93393979  63.45591768  010.93401077 60
111  63.45592706  010.93427071
111  63.45592842  010.93363427 60
112  63.45577930  010.93393951  63.45564293  010.93400592
111  63.45577930  010.93393951
111  63.45576201  010.93073367
112  63.45576201  010.93073367  63.45590520  010.93069644 60
111  63.45593532  010.93041033
111  63.45593397  010.93103839 60
112  63.45576201  010.93073367  63.45562847  010.93072156
111  63.45576201  010.93073367 60
111  63.45518397  010.93071917
112  63.45518397  010.93071917  63.45506871  010.93070817 60
111  63.45504715  010.93036680
111  63.45504653  010.93105913 60
112  63.45518397  010.93071917  63.45531218  010.93063520
111  63.45518397  010.93071917
111  63.45504541  010.93231624 60
111  63.45488019  010.93335402 60
112  63.45486907  010.93361105  63.45486907  010.93378932
111  63.45486907  010.93361105 60
111  63.45486051  010.93627876
112  63.45486051  010.93627876  63.45486115  010.93649037 60
111  63.45502690  010.93688620 60
111  63.45568058  010.93828254
112  63.45568058  010.93828254  63.45571211  010.93835308 60
111  63.45581568  010.93843110 60
111  63.45596698  010.93855029
111  63.45591217  010.93830672 60
116  63.45581568  010.93843110  63.45573254  010.93841791
120 Linear Feature 7
112  63.45528026  010.92466846  63.45527100  010.92437481 60
111  63.45514648  010.92431566
111  63.45506150  010.92459820
112  63.45506150  010.92459820  63.45505533  010.92434946 60
111  63.45496796  010.92433230
111  63.45484097  010.92471196
112  63.45484097  010.92471196  63.45483325  010.92438952 60
111  63.45470721  010.92433102
112  63.45470721  010.92433102  63.45470400  010.92417123
111  63.45496796  010.92433230 60
115  63.45282485  010.92432173
120 Linear Feature 6
111  63.45511817  010.92331343 60
111  63.45511603  010.92381244
111  63.45505545  010.92382684 60
111  63.45505599  010.92314549
111  63.45470007  010.92321205 60
111  63.45470009  010.92384115
111  63.45441882  010.92349116 60
111  63.45441977  010.92315710
111  63.45426096  010.92316025 60
111  63.45426007  010.92383099
111  63.45385716  010.92382319 60
111  63.45385823  010.92317305
111  63.45345155  010.92317959 60
111  63.45345136  010.92381704
111  63.45304760  010.92381656 60
115  63.45305184  010.92318905
120 Linear Feature 4
112  63.45555764  010.92373944  63.45556279  010.92415545 60 101
111  63.45574106  010.92421430
111  63.45540473  010.92425855 60 101
112  63.45555764  010.92373944  63.45555957  010.92331911
111  63.45555764  010.92373944 60 101
111  63.45559657  010.91191178
111  63.45575662  010.91369190 60 101
111  63.45517425  010.91370060
111  63.45557041  010.91959439
112  63.45557041  010.91959439  63.45557427  010.91994678 60 101
115  63.45575859  010.91999088
120 Linear Feature 3
111  63.45495824  010.91185807 60 101
111  63.45496147  010.91239686
111  63.45455026  010.91185957 60 101
111  63.45455003  010.91219812
111  63.45418204  010.91186092 60 101
111  63.45418320  010.91219152
111  63.45376541  010.91186245 60 101
111  63.45376705  010.91218595
111  63.45338219  010.91186386 60 101
111  63.45338467  010.91217775
111  63.45298924  010.91186530 60 101
111  63.45299187  010.91217549
111  63.45258894  010.91186677 60 101
111  63.45259109  010.91217019
111  63.45221716  010.91186814 60 101
115  63.45221614  010.91216347
120 Linear Feature 1
111  63.45597026  010.91406504 60 101
112  63.45575662  010.91369190  63.45556186  010.91365011
111  63.45575662  010.91369190
112  63.45575662  010.91369190  63.45594204  010.91366206 60 101
111  63.45597190  010.91329970
111  63.45597480  010.91194328 60 101
112  63.45574994  010.91144141  63.45555077  010.91142276
111  63.45574994  010.91144141
112  63.45574994  010.91144141  63.45594632  010.91137301 60 101
111  63.45597691  010.91095826
111  63.45574994  010.91144141 60 101
112  63.45559657  010.91191178  63.45557637  010.91229793
111  63.45559657  010.91191178
112  63.45559657  010.91191178  63.45557656  010.91151778 60 101
111  63.45543147  010.91143990
111  63.45508891  010.91143827 60 101
112  63.45495824  010.91185807  63.45494435  010.91221666
111  63.45495824  010.91185807
112  63.45495824  010.91185807  63.45493138  010.91149740 60
111  63.45484880  010.91143712
111  63.45464392  010.91143615 60 101
112  63.45455026  010.91185957  63.45453636  010.91217670
111  63.45455026  010.91185957
112  63.45455026  010.91185957  63.45453358  010.91154243 60
111  63.45445180  010.91143523
111  63.45428534  010.91143444 60 101
112  63.45418204  010.91186092  63.45417463  010.91223402
111  63.45418204  010.91186092
112  63.45418204  010.91186092  63.45415981  010.91148990 60
111  63.45406122  010.91143337
111  63.45391075  010.91143266 60 101
112  63.45376541  010.91186245  63.45375384  010.91219409
111  63.45376541  010.91186245
112  63.45376541  010.91186245  63.45376233  010.91153772 60
111  63.45364466  010.91143139
111  63.45352816  010.91143083 60 101
112  63.45338219  010.91186386  63.45336922  010.91217683
111  63.45338219  010.91186386
112  63.45338219  010.91186386  63.45335439  010.91153430 60
111  63.45320641  010.91142930
111  63.45312477  010.91142891 60 101
112  63.45298924  010.91186530  63.45296979  010.91221973
111  63.45298924  010.91186530
112  63.45298924  010.91186530  63.45297813  010.91152953 60
111  63.45285105  010.91142761
111  63.45272653  010.91142702 60 101
112  63.45258894  010.91186677  63.45256948  010.91224814
111  63.45258894  010.91186677
112  63.45258894  010.91186677  63.45256948  010.91149162 60
111  63.45247354  010.91142581
111  63.45232826  010.91142512 60 101
112  63.45221716  010.91186814  63.45221700  010.91227196
111  63.45221716  010.91186814
111  63.45232826  010.91142512 60 101
115  63.45574994  010.91144141
120 Linear Feature 1
111  63.45599460  010.89368587 60 101
111  63.45602433  010.88885719
112  63.45602433  010.88885719  63.45602166  010.88834649 60 101
112  63.45685646  010.88679620  63.45725677  010.88678265
111  63.45685646  010.88679620 60 105
111  63.45745673  010.88678022 60 105
112  63.45764905  010.88733808  63.45765439  010.88792784
111  63.45764905  010.88733808 60 105
115  63.45765083  010.88809520
120 Linear Feature 21
111  63.45762856  010.91344411 60
111  63.45762588  010.91476620
112  63.45762588  010.91476620  63.45763297  010.91539240 60
111  63.45790815  010.91546300
111  63.45762054  010.91739858 60
111  63.45762330  010.91604067
112  63.45762330  010.91604067  63.45764898  010.91553536 60
111  63.45790815  010.91546300 60
111  63.45877239  010.91548851 60
112  63.45921551  010.91588564  63.45948205  010.91637711
111  63.45921551  010.91588564 60
111  63.46009327  010.91740607 60
112  63.46039293  010.91854283  63.46038926  010.91920855
111  63.46039293  010.91854283 60
111  63.46039015  010.92282763
112  63.46039015  010.92282763  63.46035489  010.92417386 60
111  63.45974642  010.92425260 60
111  63.45783672  010.92423674
112  63.45783672  010.92423674  63.45761548  010.92410250 60
111  63.45760780  010.92368503 60
111  63.45761041  010.92239664
111  63.45783672  010.92423674
112  63.45783672  010.92423674  63.45760657  010.92437483 60
111  63.45760544  010.92484638 60
111  63.45760294  010.92608033
111  63.46039038  010.92246719 60
112  63.46011847  010.92153018  63.45992084  010.92119289
111  63.46011847  010.92153018
112  63.46011847  010.92153018  63.46035273  010.92173045 60
111  63.46039117  010.92124956
111  63.46011847  010.92153018 60
111  63.45924669  010.92000456 60
112  63.45896477  010.91870647  63.45896936  010.91785722
111  63.45896477  010.91870647 60
111  63.45897237  010.91690933
112  63.45897237  010.91690933  63.45892610  010.91574066 60
111  63.45843327  010.91547850
111  63.45897131  010.91715943
112  63.45897131  010.91715943  63.45897025  010.91738297 60
111  63.45922138  010.91793226 60
111  63.46019407  010.91964641
112  63.46019407  010.91964641  63.46033178  010.91989468 60
111  63.46039166  010.92050254
111  63.46011037  010.91949891
112  63.46011037  010.91949891  63.46035393  010.91972721 60
115  63.46039248  010.91924013
120 Linear Feature 22
111  63.45596936  010.91448751 60 101
112  63.45577144  010.91484301  63.45559986  010.91485325
111  63.45577144  010.91484301
112  63.45577144  010.91484301  63.45594669  010.91491380 60 101
111  63.45596786  010.91518929
111  63.45596722  010.91548798 60 101
112  63.45576900  010.91581993  63.45559312  010.91584285
111  63.45576900  010.91581993
112  63.45576900  010.91581993  63.45594364  010.91585276 60 101
111  63.45596581  010.91614846
111  63.45596552  010.91628553 60 101
112  63.45576701  010.91661886  63.45561732  010.91662410
111  63.45576701  010.91661886
112  63.45576701  010.91661886  63.45591434  010.91665162 60 101
111  63.45596405  010.91697242
111  63.45596374  010.91711611 60 101
112  63.45576495  010.91744453  63.45560030  010.91749227
111  63.45576495  010.91744453
112  63.45576495  010.91744453  63.45593238  010.91745098 60 101
111  63.45596225  010.91781130
111  63.45596202  010.91792190 60 101
112  63.45576291  010.91826187  63.45561363  010.91828357
111  63.45576291  010.91826187
112  63.45576291  010.91826187  63.45591712  010.91830640 60 101
111  63.45596052  010.91862373
111  63.45596035  010.91870295 60 101
112  63.45576086  010.91908278  63.45560676  010.91909323
111  63.45576086  010.91908278
112  63.45576086  010.91908278  63.45591338  010.91909227 60 101
111  63.45595877  010.91944108
111  63.45595841  010.91961114 60 101
112  63.45575859  010.91999088  63.45557425  010.92002612
111  63.45575859  010.91999088
112  63.45575859  010.91999088  63.45593953  010.92003272 60 101
111  63.45595680  010.92036247
111  63.45595663  010.92044008 60 101
112  63.45575655  010.92080987  63.45559897  010.92080988
111  63.45575655  010.92080987
112  63.45575655  010.92080987  63.45591186  010.92083300 60 101
111  63.45595508  010.92116497
111  63.45595476  010.92131527 60 101
112  63.45575453  010.92161743  63.45559558  010.92163597
111  63.45575453  010.92161743
112  63.45575453  010.92161743  63.45591023  010.92164170 60 101
111  63.45595338  010.92196089
111  63.45575453  010.92161743 60 101
111  63.45543053  010.92159845 60 101
111  63.45526047  010.92197327
111  63.45575655  010.92080987 60 101
111  63.45559127  010.92080215
111  63.45575859  010.91999088 60 101
111  63.45515356  010.91995535
111  63.45576086  010.91908278 60 101
111  63.45514265  010.91905080
111  63.45576291  010.91826187 60 101
111  63.45514608  010.91822737
111  63.45576495  010.91744453 60 101
111  63.45516268  010.91741884
111  63.45576701  010.91661886 60 101
111  63.45513638  010.91661833
111  63.45576900  010.91581993 60 101
111  63.45512481  010.91580832
111  63.45577144  010.91484301 60 101
115  63.45513106  010.91483558
120 Linear Feature 20
111  63.45540473  010.92425855 60 101
112  63.45528026  010.92466846  63.45527879  010.92504329
111  63.45528026  010.92466846 60 101
111  63.45527180  010.92712692
111  63.45505006  010.92710102 60 101
111  63.45506150  010.92459820
112  63.45506150  010.92459820  63.45506003  010.92438519 60 101
115  63.45514648  010.92431566
120 Linear Feature 19
111  63.45758345  010.92238052 60 105
111  63.45758094  010.92369173 60 105
112  63.45733016  010.92423460  63.45708211  010.92430638
111  63.45733016  010.92423460
111  63.45757636  010.92607680 60 105
111  63.45757876  010.92482803 60 105
112  63.45733016  010.92423460  63.45707336  010.92417680
111  63.45733016  010.92423460 60 105
111  63.45679804  010.92422810 60 101
111  63.45584215  010.92421650
112  63.45584215  010.92421650  63.45594549  010.92413432 60 101
111  63.45594912  010.92395602 60 101
112  63.45606361  010.92421518  63.45615457  010.92429259
111  63.45606361  010.92421518
112  63.45606361  010.92421518  63.45597052  010.92427061 60 101
111  63.45594800  010.92447891 60 101
112  63.45584215  010.92421650  63.45574179  010.92419357
111  63.45584215  010.92421650 60 101
111  63.45565072  010.92421234 60 101
112  63.45552409  010.92423216  63.45545767  010.92424603
111  63.45552409  010.92423216 60 101
111  63.45514648  010.92431566 60 101
111  63.45496796  010.92433230
112  63.45496796  010.92433230  63.45484221  010.92440958 60 101
111  63.45484097  010.92471196 60 101
115  63.45483418  010.92656760
120 Linear Feature 18
111  63.45760062  010.91343638 60 105
111  63.45759835  010.91462294 60 105
112  63.45732335  010.91516283  63.45705206  010.91521004
111  63.45732335  010.91516283
111  63.45759358  010.91710316 60 105
111  63.45759594  010.91587848 60 105
112  63.45732335  010.91516283  63.45704883  010.91507762
111  63.45732335  010.91516283 60 105
111  63.45681319  010.91516967 60 101
111  63.45623672  010.91517738 60
112  63.45610155  010.91504328  63.45601964  010.91493099
111  63.45610155  010.91504328
112  63.45610155  010.91504328  63.45591633  010.91482861 60
111  63.45577144  010.91484301
111  63.45596628  010.91592783 60 101
116  63.45623672  010.91517738  63.45650556  010.91510129
120 Linear Feature 17
111  63.45761979  010.90345490 60 105
111  63.45761866  010.90403986
112  63.45761866  010.90403986  63.45762079  010.90444886 60 105
112  63.45709415  010.90441341  63.45689438  010.90388551
111  63.45709415  010.90441341
111  63.45760559  010.91085131 60 105
111  63.45760892  010.90911768
112  63.45760892  010.90911768  63.45760627  010.90592850 60 105
111  63.45709415  010.90441341
112  63.45709415  010.90441341  63.45699639  010.90412848 60 105
112  63.45675671  010.90386285  63.45664116  010.90376637
111  63.45675671  010.90386285
112  63.45675671  010.90386285  63.45654792  010.90368852 60 101
111  63.45636053  010.90374580
112  63.45636053  010.90374580  63.45599804  010.90367128 60 101
111  63.45599427  010.90283824
111  63.45599064  010.90453419 60 101
116  63.45636053  010.90374580  63.45670559  010.90362852
120 Linear Feature 16
111  63.45755180  010.93886632 60 105
111  63.45754878  010.94044240 60 105
112  63.45710818  010.94086217  63.45671576  010.94051153
111  63.45710818  010.94086217
111  63.45754315  010.94337588 60 105
111  63.45754515  010.94233144
112  63.45754515  010.94233144  63.45754869  010.94195692 60 105
111  63.45741053  010.94151825 60 105
111  63.45669908  010.93997444 60 101
111  63.45621978  010.93893440 60 101
112  63.45592061  010.93728870  63.45592214  010.93630942
111  63.45592061  010.93728870 60 101
111  63.45600852  010.89617137 60 101
112  63.45610074  010.89562440  63.45619151  010.89537836
111  63.45610074  010.89562440 60 101
112  63.45645631  010.89465453  63.45654708  010.89440849
111  63.45645631  010.89465453 60 105
111  63.45704950  010.89303645 60 105
112  63.45733009  010.89268122  63.45745250  010.89268692
111  63.45733009  010.89268122
112  63.45733009  010.89268122  63.45764122  010.89276682 60 105
111  63.45763889  010.89350556 60 105
111  63.45763702  010.89447674
111  63.45733009  010.89268122 60 105
111  63.45643343  010.89267473
112  63.45643343  010.89267473  63.45601109  010.89267062 60
111  63.45599538  010.89368307 60 101
115  63.45600852  010.89617137
120 Linear Feature 2
111  63.45994677  010.92090883 3
111  63.46002415  010.92109877 3
111  63.46016510  010.92133989
112  63.46016510  010.92133989  63.46026966  010.92149114 3
111  63.46030383  010.92119951 3
111  63.46030531  010.92070736
112  63.46030531  010.92070736  63.46030148  010.92002531 3
111  63.46007286  010.91966527 3
111  63.45994723  010.91946378
111  63.45941217  010.91855207 3
111  63.45936862  010.91843976 3
111  63.45921365  010.91816232
112  63.45921365  010.91816232  63.45910739  010.91797921 3
111  63.45905869  010.91826801 3
111  63.45905795  010.91878822
112  63.45905795  010.91878822  63.45905795  010.91938750 3
111  63.45926457  010.91977910 3
111  63.45941405  010.92002354
111  63.45898142  010.91623660 3
112  63.45905231  010.91675659  63.45906264  010.91696962
111  63.45905231  010.91675659
112  63.45905231  010.91675659  63.45907076  010.91731643 3
111  63.45920902  010.91762056 3
111  63.45941150  010.91802483
111  63.45994741  010.91892131 3
111  63.45999300  010.91902595 3
111  63.46017471  010.91934701 3
112  63.46030222  010.91921383  63.46032454  010.91899266
111  63.46030222  010.91921383 3
111  63.46030541  010.91864307
112  63.46030541  010.91864307  63.46030647  010.91789870 3
111  63.45994788  010.91743020
111  63.45940956  010.91650612 3
111  63.45909477  010.91592745
112  63.45909477  010.91592745  63.45904815  010.91585286 3
112  63.45898142  010.91623660  63.45904414  010.91648102
111  63.45898142  010.91623660
111  63.45783765  010.91609920 3 102
112  63.45805060  010.91567687  63.45824025  010.91558439
111  63.45805060  010.91567687 3 102
111  63.45834595  010.91568089 3
112  63.45888020  010.91691247  63.45893886  010.91809388
111  63.45888020  010.91691247 3
111  63.45887148  010.91876440
112  63.45887148  010.91876440  63.45886617  010.91946593 3
111  63.45909718  010.91996865 3
111  63.45941472  010.92054505
111  63.45994658  010.92150079 3
111  63.46010455  010.92174910 3
112  63.46029965  010.92263377  63.46029072  010.92306754
111  63.46029965  010.92263377
112  63.46029965  010.92263377  63.46026777  010.92412058 3
111  63.45970199  010.92405022 3
111  63.45806736  010.92402702
112  63.45806736  010.92402702  63.45785802  010.92401513 3
111  63.45780982  010.92360096
111  63.45780751  010.92487447 3
112  63.45801797  010.92442358  63.45820287  010.92434987
111  63.45801797  010.92442358 3
111  63.45975000  010.92444351
112  63.45975000  010.92444351  63.46044776  010.92427914 3
111  63.46047137  010.92289610 3
111  63.46047647  010.92186200
112  63.46047647  010.92186200  63.46047647  010.92153952 3
111  63.46056361  010.92141491
111  63.46056573  010.92083464 3
112  63.46047775  010.92040133  63.46047265  010.92011025
111  63.46047775  010.92040133 3
111  63.46047988  010.91860071
112  63.46047988  010.91860071  63.46047988  010.91784683 3
111  63.46023199  010.91739871 3
111  63.46003608  010.91705579
111  63.45940887  010.91596637 3
111  63.45925503  010.91569050
112  63.45925503  010.91569050  63.45902338  010.91528623 3
111  63.45879446  010.91527769 3 102
111  63.45801584  010.91523960
112  63.45801584  010.91523960  63.45786678  010.91519501 3 102
115  63.45783382  010.91480336
120 Linear Feature 1
111  63.45544079  010.92478937 3
112  63.45584181  010.92544398  63.45592895  010.92634516
111  63.45584181  010.92544398 3
111  63.45583937  010.92675559
112  63.45583937  010.92675559  63.45576818  010.92731200 3
111  63.45553476  010.92731041 3
111  63.45549530  010.92728404
111  63.45518329  010.92809561
112  63.45518329  010.92809561  63.45520838  010.92794865 3
112  63.45583711  010.92819139  63.45613804  010.92914915
111  63.45583711  010.92819139 3
111  63.45583094  010.92990605 3
112  63.45581802  010.93009044  63.45580102  010.93016653
111  63.45581802  010.93009044
112  63.45581802  010.93009044  63.45553962  010.93095119 3
112  63.45516904  010.93008512  63.45513504  010.92988063
111  63.45517311  010.93131986 3
112  63.45550961  010.93092191  63.45574552  010.93094331
111  63.45550961  010.93092191 3
111  63.45565572  010.93101273 3
112  63.45582766  010.93142389  63.45584360  010.93165215
111  63.45582766  010.93142389 3
111  63.45582169  010.93322850 3
112  63.45554187  010.93372585  63.45532226  010.93379322
111  63.45554187  010.93372585
112  63.45554187  010.93372585  63.45520714  010.93377539 3
111  63.45515700  010.93316301
112  63.45515700  010.93316301  63.45514956  010.93305839 3
111  63.45517790  010.93289506
111  63.45492837  010.93307073 3
111  63.45501545  010.93345877 3
112  63.45549317  010.93411876  63.45588184  010.93417354
111  63.45549317  010.93411876
112  63.45549317  010.93411876  63.45575024  010.93415985 3
111  63.45582214  010.93463678 3
111  63.45582276  010.93742241
112  63.45582276  010.93742241  63.45582276  010.93847015 3
111  63.45620042  010.93920167 3
111  63.45726760  010.94154021
112  63.45726760  010.94154021  63.45733136  010.94168003 3
111  63.45735527  010.94197616
111  63.45736771  010.93990740 3
112  63.45695517  010.94022166  63.45662618  010.93989637
111  63.45695517  010.94022166 3
111  63.45631067  010.93881200 3
112  63.45602631  010.93740814  63.45602263  010.93659870
111  63.45602631  010.93740814 3
111  63.45605085  010.92524981 3
112  63.45647300  010.92444198  63.45684662  010.92440774
111  63.45647300  010.92444198 3
111  63.45717179  010.92445870
112  63.45717179  010.92445870  63.45734776  010.92447297 3
111  63.45739406  010.92489069
111  63.45739760  010.92354202 3
112  63.45719273  010.92399882  63.45701676  010.92407586
111  63.45719273  010.92399882 3
111  63.45644146  010.92399293 3
112  63.45606098  010.92322056  63.45596917  010.92248725
111  63.45606098  010.92322056 3
111  63.45607971  010.91786614 3
111  63.45612859  010.91625397 3
112  63.45641231  010.91552635  63.45671529  010.91533118
111  63.45641231  010.91552635 3
111  63.45702864  010.91543124
112  63.45702864  010.91543124  63.45731661  010.91540508 3
111  63.45742394  010.91601858
111  63.45742287  010.91415194 3
112  63.45707858  010.91492237  63.45673535  010.91506742
111  63.45707858  010.91492237 3
111  63.45670028  010.91494378 3
112  63.45607121  010.91419001  63.45590901  010.91335111
111  63.45607121  010.91419001 3
111  63.45608795  010.90463953 3
112  63.45634652  010.90398363  63.45660686  010.90390041
111  63.45634652  010.90398363 3 102
112  63.45671921  010.90408004  63.45688498  010.90422985
111  63.45671921  010.90408004
112  63.45671921  010.90408004  63.45677340  010.90413473 3 102
112  63.45743841  010.90721027  63.45763861  010.91004571
111  63.45743841  010.90721027
111  63.45743660  010.90432518 3 102
112  63.45716120  010.90425384  63.45700393  010.90392807
111  63.45716120  010.90425384
112  63.45716120  010.90425384  63.45688386  010.90352145 3 102
111  63.45653514  010.90351867 3 102
111  63.45640054  010.90351867 3
112  63.45609769  010.90292025  63.45605178  010.90232447
111  63.45609769  010.90292025 3
111  63.45611465  010.89619375 3
112  63.45619257  010.89574592  63.45627015  010.89552003
111  63.45619257  010.89574592 3
111  63.45717099  010.89306555 3 102
112  63.45745292  010.89308151  63.45757763  010.89337215
111  63.45745292  010.89308151
111  63.45616699  010.89509272 3
112  63.45611245  010.89484408  63.45610902  010.89464808
111  63.45611245  010.89484408 3
111  63.45610208  010.89358911 3
112  63.45642342  010.89291113  63.45668355  010.89287689
111  63.45642342  010.89291113 3
111  63.45680504  010.89291107 3
112  63.45685160  010.89320462  63.45678657  010.89343467
111  63.45685160  010.89320462
111  63.45733501  010.89243853 3
111  63.45641667  010.89242536 3
112  63.45611617  010.89271135  63.45598706  010.89301685
111  63.45611617  010.89271135 3
111  63.45613529  010.88885224
112  63.45613529  010.88885224  63.45622504  010.88759566 3
111  63.45687322  010.88713595 3 102
111  63.45733206  010.88709370
112  63.45733206  010.88709370  63.45743593  010.88710200 3 102
111  63.45746097  010.88737821
111  63.45745917  010.88652438 3 102
111  63.45684327  010.88652869
112  63.45684327  010.88652869  63.45642273  010.88660328 3
112  63.45591366  010.88878885  63.45589058  010.88966673
111  63.45591366  010.88878885 3
111  63.45589670  010.89361061 3
111  63.45588323  010.91064606 3
112  63.45554813  010.91126569  63.45526143  010.91128561
111  63.45554813  010.91126569 3
111  63.45201068  010.91126401
111  63.45745787  010.89225660 3 102
112  63.45733501  010.89243853  63.45726605  010.89247478
111  63.45733501  010.89243853
112  63.45733501  010.89243853  63.45707300  010.89247280
111  63.45685160  010.89320462 3
111  63.45616699  010.89509272
115  63.45589328  010.89614812
21  63.45811343  010.90024382 2 90.2100 3.00 09  PAPI-4L
21  63.45721083  010.90023740 3 90.2100 3.00 09  PAPI-4R
21  63.45800742  010.93517972 3 270.2600 3.40 27  PAPI-4R
21  63.45707853  010.93528283 2 270.2600 3.40 27  PAPI-4L
20  63.45687674  010.88717530 354.2300 0 3 {@R}09{@L}A1{@@}A1{@Y,^u}Y
20  63.45683890  010.88645243 353.5600 0 3 {@R}09{@L}A1{@@}A1{@Y,^u}Y
20  63.45644518  010.89318130 2.0900 0 3 {@R}09{@L}A2{@@}A2{@Y,^l}Y
20  63.45644812  010.89221739 0.2300 0 3 {@R}09{@L}A2{@@}A2{@Y,^l}Y
20  63.45664081  010.89491851 309.8600 0 3 {@R}09{@L}A3{@@}A3{@Y,^ru}Y
20  63.45631232  010.89432776 309.2200 0 3 {@R}09{@L}A3{@@}A3{@Y,^ru}Y
20  63.45624042  010.91138573 90.0000 0 3 {@Y}STAND_22-29{^r}|W{^ru}|H{^r,@@}Y{^u}
20  63.45617772  010.92328820 91.0200 0 3 {@Y,^l}A6{@L}Y{@Y,^r}TERM_B{@@,^l}TERM_B{@L}Y{@Y,^lu}TERM_A
20  63.45614836  010.93587036 90.0000 0 3 {@Y,^lu}A8|{^lu}09_27{@@,^lu}DE_ICE|{^u}TERM
20  63.45840001  010.92465089 181.8400 0 3 {@L}B2{@R}27-09{@Y}TERM{^u,@@,@L}B2{@Y}M4-M6{^u}
20  63.45840321  010.92383414 181.8400 0 3 {@L}B2{@R}27-09{@Y}TERM{^u,@@,@L}B2{@Y}M4-M6{^u}
20  63.45841467  010.91598431 181.8400 0 3 {@L}B1{@R}27-09{@Y}TERM{^u,@@,@L}B1{@Y}M4-M6{^ru}
20  63.45843388  010.91508877 181.8400 0 3 {@L}B1{@R}27-09{@Y}TERM{^u,@@,@L}B1{@Y}M4-M6{^ru}
20  63.45667960  010.90431189 20.3000 0 3 {@L}A4{@R}09-27{@@,@Y,^l}Y{^r,@L}B
20  63.45683648  010.90340923 21.9700 0 3 {@L}A4{@R}09-27{@@,@Y,^l}Y{^r,@L}B
20  63.45679061  010.92473065 360.0000 0 3 {@L}A6{@R}09-27{@Y,^u}M4-M6{@@,^u}TERM{@L}A6{@Y,^l}Y{^r}
20  63.45680214  010.92367325 360.0000 0 3 {@L}A6{@R}09-27{@Y,^u}M4-M6{@@,^u}TERM{@L}A6{@Y,^l}Y{^r}
20  63.45681349  010.91572580 360.0000 0 3 {@L}A5{@R}09-27{@Y,^u}M4-M6{@@,^u}TERM{@L}A5{@Y,^l}Y{^r}
20  63.45681572  010.91466363 360.0000 0 3 {@L}A5{@R}09-27{@Y,^u}M4-M6{@@,^u}TERM{@L}A5{@Y,^l}Y{^r}
20  63.45658302  010.94026323 44.5600 0 3 {@L}A8{@R}27{@@,@Y,^u}Y{@L}A8{@Y,^u}TERM
20  63.45685537  010.93962062 44.5600 0 3 {@L}A8{@R}27{@@,@Y,^u}Y{@L}A8{@Y,^u}TERM
20  63.45614631  010.92756934 0.2800 0 3 {@Y,^l}Y{^r}
20  63.45618657  010.92506862 89.6000 0 3 {@L}Y{@Y,^r}DE_ICE{^u}A8{@@,^u}TERM{@L}Y{@Y,^r}A6
20  63.45578444  010.90495735 90.0400 0 3 {@Y,^u}TERM{@L}Y1{@@,@Y,^u}Y{@L}Y1{@Y,^ru}A4
20  63.45620223  010.90496451 90.0400 0 3 {@Y,^u}TERM{@L}Y1{@@,@Y,^u}Y{@L}Y1{@Y,^ru}A4
20  63.45626348  010.91617440 90.6300 0 3 {@Y,^u}Y|TERM_A{^r,@@,^l}TERM_A|{^u}Y{^ru}A5
20  63.45552470  010.92505871 90.0000 0 3 {@Y}DE_ICE{^u}
14  63.45280956  010.91775331 134.51 0 ATC Tower
1300  63.45318807  010.92550100 -84.89 tie_down props General Aviation 3
1301 A general_aviation 
1300  63.45191347  010.92506465 -16.39 tie_down turboprops|props General Aviation 6
1301 A general_aviation 
1300  63.45177118  010.92439810  14.20 tie_down turboprops|props General Aviation 6
1301 A general_aviation 
1300  63.45184767  010.92472242 -16.39 tie_down turboprops|props General Aviation 5
1301 A general_aviation 
1300  63.45332703  010.92550349 -84.89 tie_down turboprops|props General Aviation 4
1301 A general_aviation 
1300  63.45305431  010.92550597 -84.89 tie_down turboprops|props General Aviation 2
1301 A general_aviation 
1300  63.45285792  010.92494636 180.84 tie_down turboprops|props General Aviation 1
1301 A general_aviation 
1300  63.45525309  010.92080833 179.49 gate jets|turboprops Gate 38
1301 B airline wif sas nax
1300  63.45526133  010.92197373 135.56 gate jets|turboprops Gate 39
1301 B airline wif sas nax
1300  63.45221586  010.91292410  89.69 gate jets|turboprops Gate 22
1301 B airline dtr wif
1300  63.45259267  010.91292957  89.69 gate jets|turboprops Gate 23
1301 B airline dtr wif
1300  63.45299622  010.91293542  89.69 gate jets|turboprops Gate 24
1301 B airline dtr wif
1300  63.45338862  010.91294111  89.69 gate jets|turboprops Gate 25
1301 B airline dtr wif
1300  63.45376988  010.91294664  89.69 gate jets|turboprops Gate 26
1301 B airline dtr wif
1300  63.45418522  010.91295267  89.69 gate jets|turboprops Gate 27
1301 B airline dtr wif
1300  63.45454806  010.91295793  89.69 gate jets|turboprops Gate 28
1301 B airline dtr wif
1300  63.45496426  010.91316090  89.69 gate jets|turboprops Gate 29
1301 B airline dtr wif
1300  63.45489629  010.91370055 179.77 gate jets|turboprops Gate 30
1301 C airline wif sas nax
1300  63.45489484  010.91482914 -179.84 gate jets|turboprops Gate 31
1301 C airline wif sas nax
1300  63.45489360  010.91580254 -179.57 gate jets|turboprops Gate 32
1301 C airline wif sas nax
1300  63.45489257  010.91661252 -179.57 gate jets|turboprops Gate 33
1301 C airline wif sas nax
1300  63.45489154  010.91741347 -179.61 gate jets|turboprops Gate 34
1301 C airline wif sas nax
1300  63.45489051  010.91822062 -179.62 gate jets|turboprops Gate 35
1301 C airline wif sas nax
1300  63.45488944  010.91905563 179.56 gate jets|turboprops Gate 36
1301 C airline wif sas nax
1300  63.45942076  010.92030637 -142.42 tie_down heavy|jets M6
1301 E military 
1300  63.45942051  010.91828187 -142.42 tie_down heavy|jets M5
1301 E military 
1300  63.45948006  010.91634763 -142.42 tie_down heavy|jets M4
1301 E military tay
1300  63.45488829  010.91996126 179.56 gate jets|turboprops Gate 37
1301 C airline wif sas nax
1300  63.45512035  010.92254885 -89.27 gate jets|turboprops Gate 40
1301 C airline sas nax eve ice klm lot oae wzz swn vkg
1300  63.45470348  010.92244438 -89.27 gate jets|turboprops Gate 41
1301 C airline eve ice klm lot oae wzz swn vkg
1300  63.45426560  010.92239711 -89.27 gate jets|turboprops Gate 42
1301 C airline eve ice klm lot oae wzz swn vkg
1300  63.45386274  010.92240594 -89.27 gate jets|turboprops Gate 43
1301 C airline eve ice klm lot oae wzz swn vkg
1300  63.45345445  010.92241489 -89.27 gate jets|turboprops Gate 44
1301 C airline eve ice klm lot oae wzz swn vkg
1300  63.45305478  010.92242366 -89.27 gate jets|turboprops Gate 45
1301 C airline eve ice klm lot oae wzz swn vkg
18  63.45911758  010.93082257 3 BCN
19  63.45857175  010.89906215 1 WS
19  63.45852014  010.93414441 1 WS
1050 127550 ATIS
1054 119400 TWR
1053 121600 GND
1055 118600 APP
1055 119150 APP
1200 
1201  63.45204518  010.92148221 both 0 _stop
1201  63.45228305  010.92241840 both 1 _stop
1201  63.45337461  010.92520339 both 2 _stop
1201  63.45288683  010.92520337 both 3 _stop
1201  63.45202874  010.92514786 both 4 _stop
1201  63.45193668  010.92440893 both 5 _stop
1201  63.45248304  010.92414479 both 6 _stop
1201  63.45250033  010.92221395 both 7 _stop
1201  63.45249849  010.92241840 both 8 _stop
1201  63.45208228  010.91317702 both 9 _stop
1201  63.45458902  010.91318381 both 10 _stop
1201  63.45419073  010.91318013 both 11 _stop
1201  63.45377110  010.91317210 both 12 _stop
1201  63.45339092  010.91316808 both 13 _stop
1201  63.45300536  010.91317210 both 14 _stop
1201  63.45259649  010.91317209 both 15 _stop
1201  63.45462922  010.91320892 both 16 _stop
1201  63.45465224  010.91326774 both 17 _stop
1201  63.45466507  010.91336505 both 18 _stop
1201  63.45464339  010.92035980 both 19 _stop
1201  63.45464375  010.91996742 both 20 _stop
1201  63.45464749  010.91901443 both 21 _stop
1201  63.45464873  010.91820076 both 22 _stop
1201  63.45465247  010.91740103 both 23 _stop
1201  63.45465371  010.91659016 both 24 _stop
1201  63.45465745  010.91576814 both 25 _stop
1201  63.45465870  010.91484858 both 26 _stop
1201  63.45466617  010.91363923 both 27 _stop
1201  63.45471373  010.92054245 both 28 _stop
1201  63.45504583  010.92056761 both 29 _stop
1201  63.45508647  010.92070500 both 30 _stop
1201  63.45508301  010.92156032 both 31 _stop
1201  63.45504064  010.92183704 both 32 _stop
1201  63.45491224  010.92200610 both 33 _stop
1201  63.45281620  010.92198959 both 34 _stop
1201  63.45304796  010.92199278 both 35 _stop
1201  63.45345478  010.92199974 both 36 _stop
1201  63.45387194  010.92200469 both 37 _stop
1201  63.45427090  010.92200346 both 38 _stop
1201  63.45470154  010.92200640 both 39 _stop
1201  63.45268084  010.92061795 both 40 _stop
1201  63.45269698  010.91922568 both 41 _start
1201  63.46039098  010.91821484 both 42 B2_stop
1201  63.46034331  010.92339075 both 43 B2_stop
1201  63.46039092  010.92290656 both 44 B2_stop
1201  63.46014721  010.92395114 both 45 B2_stop
1201  63.45981340  010.92425380 both 46 B2_stop
1201  63.45877193  010.91588712 both 47 B1_stop
1201  63.45897203  010.91661551 both 48 B1_stop
1201  63.45896396  010.91908986 both 49 B1_stop
1201  63.45919555  010.91989961 both 50 B1_start
1201  63.45843455  010.91547795 both 51 B1_stop
1201  63.45840566  010.92424193 both 52 B2_stop
1201  63.45556928  010.91998135 both 53 W_stop
1201  63.45220334  010.91142359 both 54 H_start
1201  63.45298957  010.91143044 both 55 H_start
1201  63.45375820  010.91143404 both 56 H_start
1201  63.45454840  010.91143403 both 57 H_start
1201  63.45559788  010.91144085 both 58 H_start
1201  63.45559064  010.91369739 both 59 H_start
1201  63.45558730  010.91484161 both 60 H_start
1201  63.45558294  010.91581570 both 61 H_start
1201  63.45557905  010.91661862 both 62 H_start
1201  63.45557674  010.91743718 both 63 H_start
1201  63.45557422  010.91825271 both 64 H_start
1201  63.45557084  010.91907148 both 65 H_start
1201  63.45202372  010.92476061 both 66 J_stop
1201  63.45555439  010.92421443 both 67 J_stop
1201  63.45508246  010.92433354 both 68 J_stop
1201  63.45282817  010.92432156 both 69 J_start
1201  63.45344768  010.92433360 both 70 J_start
1201  63.45425187  010.92432897 both 71 J_start
1201  63.45630649  010.90375376 both 72 A4_stop
1201  63.45599625  010.89323513 both 73 A2_stop
1201  63.45622270  010.89278024 both 74 A2_stop
1201  63.45612834  010.93873697 both 75 Y_stop
1201  63.45592039  010.93758513 both 76 Y_stop
1201  63.45600354  010.93822624 both 77 Y_stop
1201  63.45602301  010.88881033 both 78 Y_stop
1201  63.45601378  010.89319993 both 79 Y_stop
1201  63.45600829  010.89588446 both 80 Y_stop
1201  63.45599079  010.90391793 both 81 Y_stop
1201  63.45597589  010.91144558 both 82 Y_stop
1201  63.45597415  010.91368744 both 83 Y_stop
1201  63.45596859  010.91484672 both 84 Y_stop
1201  63.45596825  010.91518148 both 85 Y_stop
1201  63.45596524  010.91582306 both 86 Y_stop
1201  63.45596464  010.91661755 both 87 Y_stop
1201  63.45596294  010.91744955 both 88 Y_stop
1201  63.45596069  010.91826997 both 89 Y_stop
1201  63.45595760  010.91908703 both 90 Y_stop
1201  63.45595859  010.91999224 both 91 Y_stop
1201  63.45594855  010.92421746 both 92 Y_stop
1201  63.45608005  010.88840147 both 93 Y_stop
1201  63.45624791  010.88776218 both 94 Y_stop
1201  63.45652779  010.88709121 both 95 Y_stop
1201  63.45737848  010.94145090 both 96 A8_stop
1201  63.45669868  010.93997209 both 97 A8_start
1201  63.45679710  010.92422787 both 98 A6_start
1201  63.45681028  010.91517014 both 99 A5_start
1201  63.45727809  010.90500222 both 100 A4_stop
1201  63.45699849  010.90416162 both 101 A4_stop
1201  63.45675414  010.90385806 both 102 A4_start
1201  63.45645532  010.89465749 both 103 A3_start
1201  63.45643042  010.89267446 both 104 A2_start
1201  63.45718177  010.89267806 both 105 A2_start
1201  63.45685352  010.88679480 both 106 A1_start
1201  63.45756296  010.94142919 both 107 E_stop
1201  63.45766193  010.88678053 both 108 E_start
1201  63.45765160  010.89268326 both 109 E_start
1201  63.45762678  010.90759445 both 110 E_start
1201  63.45761041  010.91515953 both 111 E_start
1201  63.45760862  010.91546717 both 112 E_start
1201  63.45759458  010.92423927 both 113 E_start
1202 65 90 twoway taxiway_C 
1202 64 89 twoway taxiway_C 
1202 63 88 twoway taxiway_C 
1202 62 87 twoway taxiway_C 
1202 61 86 twoway taxiway_C 
1202 60 84 twoway taxiway_C 
1202 59 83 twoway taxiway_C 
1202 43 44 oneway taxiway_E B2
1202 44 42 oneway taxiway_E B2
1202 45 43 oneway taxiway_E B2
1202 46 45 oneway taxiway_E B2
1202 52 46 oneway taxiway_E B2
1202 47 51 oneway taxiway_E B1
1202 48 47 oneway taxiway_E B1
1202 49 48 oneway taxiway_E B1
1202 50 49 oneway taxiway_E B1
1202 51 112 oneway taxiway_E B1
1204 departure 09,27
1204 arrival 09,27
1202 113 52 oneway taxiway_E B2
1204 departure 09,27
1204 arrival 09,27
1202 53 91 twoway taxiway_C W
1202 58 59 twoway taxiway_C W
1202 59 60 twoway taxiway_C W
1202 60 61 twoway taxiway_C W
1202 61 62 twoway taxiway_C W
1202 62 63 twoway taxiway_C W
1202 63 64 twoway taxiway_C W
1202 64 65 twoway taxiway_C W
1202 65 53 twoway taxiway_C W
1202 54 55 twoway taxiway_B H
1202 55 56 twoway taxiway_B H
1202 56 57 twoway taxiway_B H
1202 57 58 twoway taxiway_B H
1202 58 82 twoway taxiway_C H
1202 69 66 twoway taxiway_A J
1202 67 92 twoway taxiway_C J
1202 68 67 twoway taxiway_C J
1202 69 70 twoway taxiway_C J
1202 70 71 twoway taxiway_C J
1202 71 68 twoway taxiway_C J
1202 98 92 twoway taxiway_C A6
1202 99 85 twoway taxiway_C A5
1202 72 81 twoway taxiway_C A4
1202 102 72 twoway taxiway_C A4
1202 103 80 twoway taxiway_C A3
1202 74 79 twoway taxiway_C A2
1202 79 73 twoway taxiway_C A2
1202 104 74 twoway taxiway_C A2
1202 75 97 twoway taxiway_C Y
1202 76 77 twoway taxiway_C Y
1202 77 75 twoway taxiway_C Y
1202 78 79 twoway taxiway_C Y
1202 79 80 twoway taxiway_C Y
1202 80 81 twoway taxiway_C Y
1202 81 82 twoway taxiway_C Y
1202 82 83 twoway taxiway_C Y
1202 83 84 twoway taxiway_C Y
1202 84 85 twoway taxiway_C Y
1202 85 86 twoway taxiway_C Y
1202 86 87 twoway taxiway_C Y
1202 87 88 twoway taxiway_C Y
1202 88 89 twoway taxiway_C Y
1202 89 90 twoway taxiway_C Y
1202 90 91 twoway taxiway_C Y
1202 91 92 twoway taxiway_C Y
1202 92 76 twoway taxiway_C Y
1202 93 78 twoway taxiway_C Y
1202 94 93 twoway taxiway_C Y
1202 95 94 twoway taxiway_C Y
1202 106 95 twoway taxiway_C Y
1202 96 107 twoway taxiway_C A8
1204 departure 09,27
1204 arrival 09,27
1202 97 96 twoway taxiway_C A8
1204 departure 09,27
1204 arrival 09,27
1202 98 113 twoway taxiway_C A6
1204 departure 09,27
1204 arrival 09,27
1202 99 111 twoway taxiway_C A5
1204 departure 09,27
1204 arrival 09,27
1202 100 110 twoway taxiway_C A4
1204 departure 09,27
1204 arrival 09,27
1202 101 100 twoway taxiway_C A4
1204 departure 09,27
1204 arrival 09,27
1202 102 101 twoway taxiway_C A4
1204 departure 09,27
1204 arrival 09,27
1202 103 105 twoway taxiway_C A3
1204 departure 09,27
1204 arrival 09,27
1202 104 105 twoway taxiway_C A2
1204 departure 09,27
1204 arrival 09,27
1202 105 109 twoway taxiway_C A2
1204 departure 09,27
1204 arrival 09,27
1202 106 108 twoway taxiway_C A1
1204 departure 09,27
1204 arrival 09,27
1202 108 109 twoway runway 09/27
1204 departure 09,27
1204 arrival 09,27
1204 ils 09,27
1202 109 110 twoway runway 09/27
1204 departure 09,27
1204 arrival 09,27
1204 ils 09,27
1202 110 111 twoway runway 09/27
1204 departure 09,27
1204 arrival 09,27
1204 ils 09,27
1202 111 112 twoway runway 09/27
1204 departure 09,27
1204 arrival 09,27
1204 ils 09,27
1202 112 113 twoway runway 09/27
1204 departure 09,27
1204 arrival 09,27
1204 ils 09,27
1202 113 107 twoway runway 09/27
1204 departure 09,27
1204 arrival 09,27
1204 ils 09,27
1206 1 0 twoway  
1206 8 1 twoway  
1206 3 2 twoway  
1206 4 3 twoway  
1206 5 4 twoway  
1206 6 5 twoway  
1206 7 8 twoway  
1206 8 6 twoway  
1206 34 7 twoway  
1206 10 11 twoway  
1206 11 12 twoway  
1206 12 13 twoway  
1206 13 14 twoway  
1206 14 15 twoway  
1206 15 9 twoway  
1206 16 10 twoway  
1206 17 16 twoway  
1206 18 17 twoway  
1206 19 20 twoway  
1206 20 21 twoway  
1206 21 22 twoway  
1206 22 23 twoway  
1206 23 24 twoway  
1206 24 25 twoway  
1206 25 26 twoway  
1206 26 27 twoway  
1206 27 18 twoway  
1206 28 19 twoway  
1206 29 28 twoway  
1206 30 29 twoway  
1206 31 30 twoway  
1206 32 31 twoway  
1206 33 32 twoway  
1206 34 35 twoway  
1206 35 36 twoway  
1206 36 37 twoway  
1206 37 38 twoway  
1206 38 39 twoway  
1206 39 33 twoway  
1206 40 34 twoway  
1206 41 40 twoway  
1400  63.45484018  10.91350027  1.09 baggage_loader 0 New Service Truck 68
1400  63.45490867  10.91438965  1.70 baggage_loader 0 New Service Truck 67
1400  63.45488895  10.91540442  0.35 baggage_loader 0 New Service Truck 66
1400  63.45476546  10.91650279  359.59 baggage_loader 0 New Service Truck 65
1400  63.45477525  10.91732193  1.61 baggage_loader 0 New Service Truck 64
1400  63.45482986  10.91787061  359.81 baggage_loader 0 New Service Truck 63
1400  63.45475482  10.91897023  357.90 baggage_loader 0 New Service Truck 62
1400  63.45475642  10.91889234  0.42 baggage_loader 0 New Service Truck 61
1400  63.45475636  10.91975708  1.23 baggage_loader 0 New Service Truck 60
1400  63.45484437  10.91975988  359.01 baggage_loader 0 New Service Truck 59
1400  63.45462447  10.92233516  95.61 baggage_loader 0 New Service Truck 58
1400  63.45438405  10.92237193  86.91 baggage_loader 0 New Service Truck 57
1400  63.45295665  10.92174741  88.32 baggage_loader 0 New Service Truck 56
1400  63.45291255  10.92176676  86.79 baggage_loader 0 New Service Truck 55
1400  63.45359625  10.92230003  90.00 baggage_loader 0 New Service Truck 54
1400  63.45356818  10.92235806  89.31 baggage_train 3 New Service Truck 42
1400  63.45353953  10.92237756  90.62 baggage_train 3 New Service Truck 41
1400  63.45485825  10.91968972  0.86 baggage_train 3 New Service Truck 40
1400  63.45488765  10.91963166  359.48 baggage_train 3 New Service Truck 39
1400  63.45485479  10.91874344  357.14 baggage_train 3 New Service Truck 38
1400  63.45486949  10.91881698  4.14 baggage_train 3 New Service Truck 37
1400  63.45486603  10.91794037  2.22 baggage_train 3 New Service Truck 36
1400  63.45486430  10.91799842  2.05 baggage_train 3 New Service Truck 35
1400  63.45489716  10.91715471  0.19 baggage_train 3 New Service Truck 34
1400  63.45484873  10.91641549  355.57 baggage_train 3 New Service Truck 33
1400  63.45487122  10.91557758  4.33 baggage_train 3 New Service Truck 32
1400  63.45492052  10.91547115  358.47 baggage_train 3 New Service Truck 31
1400  63.45487641  10.91344509  1.64 baggage_train 3 New Service Truck 30
1400  63.45493522  10.91447070  359.43 baggage_train 3 New Service Truck 29
1400  63.45477969  10.91319339  270.49 pushback 0 New Service Truck 28
1400  63.45472818  10.91579324  0.28 pushback 0 New Service Truck 28
1400  63.45471446  10.91821521  0.28 pushback 0 New Service Truck 28
1400  63.45472876  10.91996461  0.28 pushback 0 New Service Truck 28
1400  63.45470191  10.92225225  90.00 pushback 0 New Service Truck 28
1400  63.45345408  10.92222884  90.00 pushback 0 New Service Truck 28
1400  63.45334040  10.92238769  90.26 gpu 0 New Service Truck 27
1400  63.45417977  10.92243228  89.64 gpu 0 New Service Truck 26
1400  63.45476383  10.91811318  0.45 gpu 0 New Service Truck 25
1400  63.45478376  10.91726607  6.02 gpu 0 New Service Truck 24
1400  63.45483855  10.91634651  359.03 gpu 0 New Service Truck 23
1400  63.45487254  10.91456319  2.86 gpu 0 New Service Truck 22
1400  63.45226484  10.92265178  267.22 fuel_props 0 New Service Truck 21
1400  63.45231327  10.92268081  270.47 fuel_props 0 New Service Truck 20
1400  63.45194974  10.92152828  8.84 fuel_jets 0 New Service Truck 19
1400  63.45194109  10.92160954  9.52 fuel_jets 0 New Service Truck 18
1400  63.45192466  10.92178369  8.80 fuel_liners 0 New Service Truck 17
1400  63.45192553  10.92168114  8.54 fuel_liners 0 New Service Truck 16
1400  63.45245651  10.92076377  0.56 food 0 New Service Truck 15
1400  63.45245723  10.92069444  0.56 food 0 New Service Truck 15
1400  63.45245578  10.92061059  0.56 food 0 New Service Truck 15
1400  63.45245506  10.92052674  0.56 food 0 New Service Truck 15
99
