I
1100 Generated by WorldEditor 1.7.21r1

1    308 1 0 ESCF Linköping Malmen
1302 city Linköping
1302 country Sweden
1302 datum_lat 58.397777778
1302 datum_lon 15.522777778
1302 faa_code 
1302 iata_code 
1302 icao_code ESCF
1302 region_code ES
1302 state Östergötlands län
1302 transition_alt 5000
1302 transition_level 
100 35.05 1 0 0.25 0 3 1 01  58.38677576  015.51599344    0  110 3 3 0 0 19  58.40566930  015.52790685    0  305 2 1 0 0
100 37.00 1 0 0.25 0 3 0 08  58.40168750  015.51558006    0   40 2 0 0 0 26  58.40367316  015.54729562    0   40 2 0 0 0
102 H2  58.40244543  015.51363015   0.00 25.00 25.00 1 0 0 0.25 1
102 H1  58.40244684  015.51269029   0.00 25.00 25.00 1 0 0 0.25 1
110 1 0.25 0.0000 Main
111  58.38663901  015.51534806
111  58.38654224  015.51489121
111  58.38651495  015.51447151
111  58.38653089  015.51407744
111  58.38659062  015.51371528
111  58.38667998  015.51339319
111  58.38681730  015.51311340
111  58.38697508  015.51286907
111  58.38710063  015.51273198
111  58.38722900  015.51265996
111  58.38740971  015.51262641
111  58.38841395  015.51263012
111  58.39062278  015.51270078
111  58.39082862  015.51272333
111  58.39100477  015.51278013
111  58.39126168  015.51288644
111  58.39151444  015.51305303
111  58.39183607  015.51339411
111  58.39211656  015.51377467
111  58.39238358  015.51422410
111  58.39256638  015.51468843
111  58.39322379  015.51651738
111  58.39341755  015.51697440
111  58.39362995  015.51742900
111  58.39391636  015.51786316
111  58.39416809  015.51815889
111  58.39452442  015.51848225
111  58.39750694  015.52035721
112  58.40189287  015.52315192  58.40195735  015.52319587
111  58.40201409  015.52336775
111  58.40238145  015.52408006
112  58.40263699  015.52362763  58.40277235  015.52370145
111  58.40581050  015.52552358
111  58.40619701  015.52577849
111  58.40641202  015.52602199
111  58.40793006  015.52776699
111  58.40811805  015.52802306
111  58.40830587  015.52844523
111  58.40838084  015.52883725
111  58.40837060  015.52925904
111  58.40832016  015.52927521
111  58.40822350  015.52983543
111  58.40826120  015.53000152
111  58.40817994  015.53055309
111  58.40826717  015.53060774
111  58.40846733  015.52930847
111  58.40847636  015.52880691
111  58.40839255  015.52836411
111  58.40819756  015.52788307
111  58.40798318  015.52759964
111  58.40647436  015.52585368
111  58.40623390  015.52558664
111  58.40584663  015.52531522
112  58.40254289  015.52333088  58.40244835  015.52326937
111  58.40232053  015.52304703
111  58.40195443  015.52239296
112  58.40173588  015.52279317  58.40161629  015.52273363
111  58.39999902  015.52170650
111  58.39998446  015.52134784
111  58.39987091  015.52039314
111  58.39973746  015.52043564
111  58.39983508  015.52137329
111  58.39980263  015.52158363
111  58.39752365  015.52015778
111  58.39457046  015.51828707
111  58.39422297  015.51798972
111  58.39396562  015.51768470
111  58.39370123  015.51727805
111  58.39349398  015.51683862
111  58.39330975  015.51641682
111  58.39265574  015.51461537
111  58.39245713  015.51412856
111  58.39217972  015.51364604
111  58.39187683  015.51325767
111  58.39155145  015.51291969
111  58.39127945  015.51274418
111  58.39103089  015.51263708
111  58.39083410  015.51257318
111  58.39062894  015.51254922
111  58.38841344  015.51248895
111  58.38740264  015.51247229
111  58.38721484  015.51252503
111  58.38707415  015.51261263
111  58.38693860  015.51275378
111  58.38677406  015.51299566
111  58.38663224  015.51327761
111  58.38652481  015.51366700
111  58.38646035  015.51405639
111  58.38644746  015.51447447
111  58.38647539  015.51493764
111  58.38658009  015.51543397
111  58.38656348  015.51554836
113  58.38680842  015.51570002
110 1 0.25 0.0000 NW1
111  58.40647304  015.52584758
111  58.40637991  015.52560680
111  58.40633667  015.52532014
111  58.40634408  015.52505641
111  58.40640396  015.52488939
111  58.40672713  015.52432142
111  58.40685915  015.52433558
111  58.40708381  015.52468720
111  58.40722838  015.52473995
111  58.40753158  015.52472237
111  58.40759683  015.52443227
111  58.40759222  015.52180385
111  58.40729746  015.52178627
111  58.40728825  015.51768100
111  58.40681880  015.51765770
111  58.40678159  015.51787987
111  58.40668744  015.51804618
111  58.40624805  015.52065573
111  58.40625850  015.52482159
112  58.40613854  015.52519891  58.40608411  015.52527882
111  58.40589376  015.52536879
111  58.40607494  015.52570037
112  58.40618770  015.52594808  58.40623376  015.52608393
111  58.40624359  015.52631900
112  58.40619037  015.52713426  58.40616106  015.52750187
112  58.40570940  015.52762453  58.40561310  015.52756859
111  58.40626329  015.52798119
111  58.40635053  015.52633345
112  58.40635975  015.52612532  58.40638068  015.52603741
113  58.40641826  015.52603083
110 2 0.25 0.0000 Concrete pad
111  58.40365227  015.51825705
111  58.40378192  015.51834607
111  58.40382851  015.51810274
113  58.40370034  015.51801372
110 2 0.25 0.0000 Concrete pad
111  58.40428413  015.51870021
111  58.40441377  015.51878923
111  58.40446037  015.51854590
113  58.40433219  015.51845688
110 2 0.25 0.0000 Concrete pad
111  58.40495024  015.51920876
111  58.40507989  015.51929778
111  58.40512648  015.51905444
113  58.40499830  015.51896542
110 2 0.25 0.0000 Concrete pad
111  58.40378550  015.51748697
111  58.40391514  015.51757599
111  58.40396174  015.51733265
113  58.40383356  015.51724363
110 2 0.25 0.0000 Concrete pad
111  58.40441735  015.51793013
111  58.40454700  015.51801915
111  58.40459359  015.51777582
113  58.40446541  015.51768680
110 2 0.25 0.0000 Concrete pad
111  58.40508346  015.51843868
111  58.40521311  015.51852770
111  58.40525970  015.51828436
113  58.40513152  015.51819534
110 2 0.25 0.0000 Concrete pad
111  58.40547932  015.52008055
111  58.40557471  015.52014778
111  58.40559085  015.52004974
113  58.40549693  015.51998251
110 2 0.25 0.0000 Concrete pad
111  58.40592251  015.52036346
111  58.40601790  015.52043069
111  58.40603404  015.52033265
113  58.40594012  015.52026542
110 2 0.25 0.0000 Concrete pad
111  58.40558352  015.51951473
111  58.40567891  015.51958196
111  58.40569505  015.51948392
113  58.40560113  015.51941670
110 2 0.25 0.0000 Concrete pad
111  58.40602671  015.51979764
111  58.40612209  015.51986487
111  58.40613824  015.51976683
113  58.40604432  015.51969960
110 2 0.25 0.0000 Concrete pad
111  58.40564809  015.51908897
111  58.40574348  015.51915620
111  58.40575962  015.51905816
113  58.40566570  015.51899093
110 2 0.25 0.0000 Concrete pad
111  58.40609128  015.51937188
111  58.40618666  015.51943910
111  58.40620281  015.51934107
113  58.40610889  015.51927384
110 2 0.25 0.0000 Concrete pad
111  58.40575815  015.51851475
111  58.40585354  015.51858198
111  58.40586968  015.51848394
113  58.40577576  015.51841671
110 2 0.25 0.0000 Concrete pad
111  58.40620134  015.51879766
111  58.40629673  015.51886488
111  58.40631287  015.51876685
113  58.40621895  015.51869962
110 1 0.25 0.0000 NW2
111  58.40396038  015.51427852
111  58.40323276  015.51871368
111  58.40513326  015.51995719
111  58.40508822  015.52051019
111  58.40616098  015.52119310
111  58.40625183  015.52147011
111  58.40625617  015.52065350
111  58.40668948  015.51805668
111  58.40682741  015.51769816
113  58.40705547  015.51628885
110 1 0.00 0.0000 H1
111  58.40348165  015.51627595
111  58.40331112  015.51617318
111  58.40320805  015.51564220
111  58.40298150  015.51266186
111  58.40293416  015.51211375
111  58.40285044  015.51188686
111  58.40268286  015.51175405
111  58.40231245  015.51175899
111  58.40231237  015.51207671
111  58.40258171  015.51207702
111  58.40272445  015.51212086
111  58.40279953  015.51223364
111  58.40285338  015.51269611
111  58.40308891  015.51567646
111  58.40315625  015.51624048
111  58.40323932  015.51656714
111  58.40351755  015.51699535
113  58.40365217  015.51624170
110 1 0.25 0.0000 H2
112  58.40317802  015.51813311  58.40316280  015.51808226
112  58.40313256  015.51791268  58.40313256  015.51786183
111  58.40291678  015.51555763
111  58.40296778  015.51544907
111  58.40301879  015.51543060
111  58.40307487  015.51548042
111  58.40305464  015.51519391
111  58.40300444  015.51526330
111  58.40295104  015.51529143
111  58.40289655  015.51523092
111  58.40286283  015.51499141
112  58.40276475  015.51459364  58.40272288  015.51446287
112  58.40264130  015.51433021  58.40261847  015.51427210
111  58.40258272  015.51415894
111  58.40258171  015.51207702
111  58.40231237  015.51207671
111  58.40231246  015.51361618
111  58.40223142  015.51372789
111  58.40205365  015.51407887
111  58.40188813  015.51458194
111  58.40180231  015.51487442
111  58.40184671  015.51553845
111  58.40188813  015.51528389
111  58.40195623  015.51514278
111  58.40211394  015.51522564
111  58.40243159  015.51547023
111  58.40246615  015.51529127
111  58.40214635  015.51505685
111  58.40240527  015.51506634
111  58.40268118  015.51510181
112  58.40276723  015.51513069  58.40281291  015.51515248
112  58.40277949  015.51526883  58.40275285  015.51530515
111  58.40268489  015.51538460
111  58.40247015  015.51575023
112  58.40229240  015.51607285  58.40225815  015.51614550
112  58.40208040  015.51660315  58.40204615  015.51668306
112  58.40199455  015.51690435  58.40197933  015.51695520
111  58.40193105  015.51693349
111  58.40198622  015.51777584
112  58.40203378  015.51736636  58.40206423  015.51725739
111  58.40210754  015.51710860
111  58.40271571  015.51598585
112  58.40281379  015.51592735  58.40284805  015.51594915
112  58.40287509  015.51600925  58.40288651  015.51607463
112  58.40306166  015.51794710  58.40307308  015.51800522
112  58.40311461  015.51825834  58.40313364  015.51831645
112  58.40320404  015.51841364  58.40324591  015.51845722
111  58.40328265  015.51853101
111  58.40334098  015.51809172
114  58.40323589  015.51821625  58.40320925  015.51822351
111  58.40231212  015.51378057
111  58.40231255  015.51404184
111  58.40217956  015.51428607
111  58.40190550  015.51486724
111  58.40189028  015.51485997
111  58.40195118  015.51461298
111  58.40210724  015.51418437
113  58.40225569  015.51387200
111  58.40281130  015.51540037
111  58.40280670  015.51555859
111  58.40266392  015.51583988
111  58.40203755  015.51706170
112  58.40214348  015.51665735  58.40216632  015.51657018
112  58.40235534  015.51614753  58.40239341  015.51607488
111  58.40251414  015.51584867
113  58.40270998  015.51551464
112  58.40274222  015.51498724  58.40270416  015.51497271
112  58.40241061  015.51491692  58.40235351  015.51490239
112  58.40206979  015.51493450  58.40205456  015.51492723
111  58.40199610  015.51489934
112  58.40199610  015.51484660  58.40201132  015.51481027
111  58.40221717  015.51441014
111  58.40231193  015.51426855
111  58.40231332  015.51443346
111  58.40258192  015.51443731
111  58.40265011  015.51453589
114  58.40273601  015.51477054  58.40277408  015.51490130
110 1 0.25 0.0000 W1
111  58.40171845  015.51858371
111  58.40159180  015.51875774
111  58.40135875  015.51880608
111  58.40118650  015.51884476
112  58.40109531  015.51874807  58.40109024  015.51871907
111  58.40106997  015.51854504
111  58.40103451  015.51782613
111  58.39992500  015.51805196
111  58.40000606  015.51947319
111  58.40161206  015.51914447
113  58.40175898  015.51925082
110 1 0.25 0.0000 W2
111  58.40149182  015.51491905
111  58.40091225  015.51455747
111  58.40062803  015.51420652
111  58.40035496  015.51367479
111  58.40026579  015.51333448
111  58.40009861  015.51246244
111  58.40018220  015.51214340
111  58.40059459  015.51183499
111  58.40045621  015.51103325
111  58.39735088  015.51299119
111  58.39813135  015.51753423
111  58.39836561  015.51741737
111  58.39842187  015.51787183
111  58.39844795  015.51865231
111  58.39846111  015.51928274
111  58.39849286  015.51959507
111  58.39857040  015.51974811
111  58.39872170  015.51978919
111  58.39909275  015.51955003
111  58.39925483  015.51946181
111  58.39936514  015.51951863
111  58.39945604  015.51938085
111  58.39942851  015.51917560
111  58.39950402  015.51902131
111  58.39968660  015.51871538
111  58.39981995  015.51845615
111  58.39996212  015.51866164
111  58.39995073  015.51848045
111  58.39986160  015.51830033
111  58.39980613  015.51800726
111  58.39987147  015.51796016
111  58.39992500  015.51805196
111  58.40009430  015.51801788
111  58.40006677  015.51790982
111  58.40024448  015.51777795
111  58.40046168  015.51728814
111  58.40059989  015.51681718
111  58.40068875  015.51627085
111  58.40083684  015.51506517
111  58.40088594  015.51484728
111  58.40106391  015.51478259
111  58.40137100  015.51497048
113  58.40149831  015.51523472
111  58.40075971  015.51500798
111  58.40061136  015.51625614
111  58.40051021  015.51680945
111  58.40044952  015.51702820
111  58.40038883  015.51705394
111  58.39974010  015.51373237
111  58.40005987  015.51352781
111  58.40019518  015.51352825
111  58.40030664  015.51373322
111  58.40058870  015.51432806
111  58.40073948  015.51451901
113  58.40079175  015.51476349
111  58.40034837  015.51723409
111  58.40023374  015.51754291
111  58.40011236  015.51769732
111  58.39999099  015.51774879
113  58.39978195  015.51762012
111  58.39940433  015.51904843
111  58.39935713  015.51898409
111  58.39906043  015.51727269
111  58.39937736  015.51706681
111  58.39916832  015.51578004
111  58.39926272  015.51574144
111  58.39947850  015.51682232
111  58.39948525  015.51701533
111  58.39937061  015.51782600
111  58.39940433  015.51800615
111  58.39947176  015.51795468
111  58.39950548  015.51767159
111  58.39967406  015.51764585
111  58.39975656  015.51783963
111  58.39973475  015.51805762
111  58.39980218  015.51832784
113  58.39964734  015.51864398
111  58.39903062  015.51750573
111  58.39927598  015.51895246
111  58.39928857  015.51912655
111  58.39926340  015.51916857
111  58.39923824  015.51928263
111  58.39869088  015.51964882
111  58.39859650  015.51964882
111  58.39855561  015.51954076
111  58.39852415  015.51925862
111  58.39850528  015.51865231
111  58.39851157  015.51839418
111  58.39867829  015.51822609
111  58.39904634  015.51799798
113  58.39896770  015.51754775
110 1 0.25 0.0000 W3
111  58.39758710  015.51982245
111  58.39785636  015.51966390
111  58.39754811  015.51760337
111  58.39721585  015.51780683
111  58.39713981  015.51740178
111  58.39723548  015.51736286
111  58.39714205  015.51679225
111  58.39704342  015.51661851
111  58.39701793  015.51652197
111  58.39721795  015.51638672
111  58.39707796  015.51557398
111  58.39682380  015.51404678
111  58.39654136  015.51244390
111  58.39582897  015.51285883
111  58.39655807  015.51719057
111  58.39643820  015.51729478
111  58.39650099  015.51769885
111  58.39690106  015.51746163
111  58.39704647  015.51760452
111  58.39740815  015.51980367
111  58.39732232  015.52000253
111  58.39756753  015.52038855
111  58.39794691  015.52255531
111  58.39794691  015.52275589
113  58.39811774  015.52285618
110 1 0.25 0.0000 S2
111  58.38799499  015.51617716
111  58.38794433  015.51593554
111  58.38792406  015.51546196
111  58.38788860  015.51523000
111  58.38792406  015.51517201
111  58.38786833  015.51491106
111  58.38783287  015.51494972
111  58.38779234  015.51482407
111  58.38751369  015.51455345
111  58.38740553  015.51408904
111  58.38745797  015.51405088
111  58.38737868  015.51370922
111  58.38732624  015.51374160
111  58.38716412  015.51305539
111  58.38718439  015.51282343
111  58.38728571  015.51263013
111  58.38710839  015.51271712
111  58.38699187  015.51285243
111  58.38686015  015.51303606
111  58.38697667  015.51302640
111  58.38707293  015.51309405
111  58.38713879  015.51333567
111  58.38710909  015.51366858
111  58.38709572  015.51384075
111  58.38711060  015.51397558
111  58.38718945  015.51435049
111  58.38729585  015.51448580
111  58.38745797  015.51465010
111  58.38788860  015.51633180
111  58.38787340  015.51638012
113  58.38816724  015.51655409
111  58.38782670  015.51529775
111  58.38785816  015.51549415
111  58.38787532  015.51578330
111  58.38786102  015.51583240
111  58.38782956  015.51580512
111  58.38770087  015.51531957
111  58.38769515  015.51524865
111  58.38774377  015.51521046
113  58.38777523  015.51534139
111  58.38771803  015.51487220
111  58.38774949  015.51499768
111  58.38770659  015.51503587
111  58.38771803  015.51509589
111  58.38766084  015.51511771
113  58.38757218  015.51475764
111  58.38726944  015.51400361
111  58.38730228  015.51415883
111  58.38734340  015.51413023
111  58.38742633  015.51448485
111  58.38727191  015.51433209
111  58.38722329  015.51422298
111  58.38719361  015.51411972
113  58.38718787  015.51406591
111  58.38717940  015.51348814
111  58.38726550  015.51379273
111  58.38722546  015.51381737
111  58.38724331  015.51391201
111  58.38716432  015.51397598
111  58.38714966  015.51385430
113  58.38715791  015.51369246
110 1 0.25 0.0000 S1
111  58.38943478  015.51736312
111  58.38909982  015.51689184
111  58.38901189  015.51666019
111  58.38900037  015.51612111
111  58.38895744  015.51591732
111  58.38899582  015.51588641
111  58.38894400  015.51562362
111  58.38888915  015.51566056
111  58.38885698  015.51552591
111  58.38864763  015.51531024
111  58.38858063  015.51523036
111  58.38845994  015.51475379
111  58.38850404  015.51471077
111  58.38844085  015.51443262
111  58.38838705  015.51446597
111  58.38822055  015.51380852
111  58.38822055  015.51282601
111  58.38837547  015.51262632
111  58.38803214  015.51261833
111  58.38814938  015.51279406
111  58.38814100  015.51378456
111  58.38814519  015.51455938
111  58.38817868  015.51482298
111  58.38822893  015.51503865
111  58.38848015  015.51527030
111  58.38855551  015.51543006
111  58.38870624  015.51606110
111  58.38880673  015.51647647
113  58.38902864  015.51711550
111  58.38893234  015.51640458
111  58.38891559  015.51645250
111  58.38888628  015.51644452
111  58.38876068  015.51594128
111  58.38881929  015.51588537
111  58.38884441  015.51601114
111  58.38891141  015.51598122
113  58.38893674  015.51613937
111  58.38880254  015.51577354
111  58.38872718  015.51581347
111  58.38863925  015.51543006
111  58.38880198  015.51557894
111  58.38882663  015.51567971
113  58.38878965  015.51570354
111  58.38820935  015.51404373
111  58.38832909  015.51450942
111  58.38827843  015.51455335
111  58.38829095  015.51460112
111  58.38823017  015.51460719
113  58.38820824  015.51452600
111  58.38839357  015.51479937
111  58.38846726  015.51513326
111  58.38831067  015.51496632
111  58.38825540  015.51471225
111  58.38832098  015.51470272
113  58.38834732  015.51483452
110 1 0.25 0.0000 Main taxi N
111  58.40581225  015.52830360
112  58.40599944  015.52861622  58.40604104  015.52875020
112  58.40606443  015.52902808  58.40606183  015.52918191
111  58.40603324  015.52975256
111  58.40561552  015.53636496
111  58.40529819  015.54134807
111  58.40500694  015.54600558
111  58.40495121  015.54630533
111  58.40481949  015.54675012
111  58.40456111  015.54727227
111  58.40428753  015.54760103
111  58.40404638  015.54765034
111  58.40393290  015.54757202
111  58.40383664  015.54733028
111  58.40388223  015.54792979
111  58.40405515  015.54789652
111  58.40439238  015.54803316
111  58.40454385  015.54788643
111  58.40483064  015.54750382
111  58.40507462  015.54690966
111  58.40506094  015.54670095
111  58.40532205  015.54263520
111  58.40581071  015.54271080
111  58.40583190  015.54231874
111  58.40534876  015.54224402
111  58.40537640  015.54181241
111  58.40585309  015.54191701
111  58.40587243  015.54149155
111  58.40540035  015.54138167
111  58.40561739  015.53788733
111  58.40572122  015.53729516
111  58.40588996  015.53684044
111  58.40619561  015.53627144
111  58.40625004  015.53620112
111  58.40635053  015.53612919
111  58.40628772  015.53603329
111  58.40624585  015.53580953
111  58.40621236  015.53600932
111  58.40585079  015.53663637
112  58.40572837  015.53665145  58.40570073  015.53659871
111  58.40572837  015.53665145
112  58.40572837  015.53665145  58.40571455  015.53661629
111  58.40571586  015.53637887
111  58.40615111  015.52978292
113  58.40622427  015.52855850
110 1 0.25 0.0000 N1 main area
111  58.40818014  015.53055076
111  58.40803746  015.53142168
111  58.40796993  015.53150285
111  58.40773466  015.53138518
111  58.40768745  015.53126174
111  58.40761044  015.53124541
111  58.40755977  015.53136127
111  58.40757556  015.53150984
111  58.40764119  015.53156116
111  58.40771955  015.53149741
111  58.40795148  015.53162629
111  58.40797748  015.53172139
111  58.40786335  015.53232958
111  58.40637447  015.53494483
111  58.40622786  015.53528056
111  58.40621317  015.53567315
111  58.40627751  015.53601160
111  58.40634793  015.53614891
111  58.40644926  015.53622627
111  58.40650853  015.53631716
111  58.40650499  015.53682966
111  58.40645280  015.53685867
111  58.40639201  015.53908274
111  58.40634590  015.53932738
111  58.40562194  015.53922778
111  58.40554088  015.53901505
111  58.40550035  015.53972095
111  58.40564220  015.53956623
111  58.40631601  015.53967260
111  58.40640721  015.53978863
111  58.40718428  015.53986558
111  58.40729416  015.53977957
111  58.40743800  015.53633570
111  58.40739209  015.53609644
111  58.40672409  015.53601530
111  58.40662711  015.53597670
111  58.40662711  015.53555882
111  58.40670610  015.53529503
111  58.40691342  015.53493215
111  58.40745642  015.53504521
111  58.40758477  015.53497470
111  58.40768349  015.53518197
111  58.40768349  015.53597336
111  58.40769161  015.53658271
111  58.40780626  015.53676961
111  58.40779336  015.53708082
111  58.40791056  015.53734310
111  58.40850324  015.53646995
111  58.40852267  015.53604873
111  58.40864369  015.53515006
111  58.40854369  015.53495100
111  58.40859178  015.53484280
111  58.40886141  015.53474135
111  58.40867059  015.53254455
111  58.40827218  015.53265538
111  58.40821129  015.53237492
111  58.40815738  015.53237442
111  58.40808827  015.53171493
113  58.40826598  015.53059725
111  58.40766698  015.53333629
111  58.40753323  015.53355967
111  58.40661371  015.53519778
111  58.40654684  015.53558072
111  58.40655241  015.53598493
111  58.40646882  015.53608066
111  58.40635178  015.53594238
111  58.40629048  015.53564454
111  58.40630163  015.53535734
111  58.40641309  015.53509141
111  58.40776730  015.53272998
113  58.40781745  015.53279380
110 1 0.25 0.0000 N2 area
111  58.40874345  015.53532892
111  58.40890355  015.53521653
111  58.40903145  015.53487307
111  58.40906282  015.53431988
112  58.40905590  015.53375956  58.40906371  015.53361415
112  58.40917347  015.53349486  58.40923402  015.53347994
111  58.40934888  015.53348095
111  58.40941681  015.53416455
111  58.40955140  015.53411989
111  58.40947833  015.53341274
111  58.40970643  015.53313515
111  58.40982630  015.53321661
111  58.41009439  015.53396689
111  58.41016558  015.53389673
111  58.41042444  015.53332341
111  58.41066568  015.53167712
111  58.41029710  015.53146711
111  58.41026210  015.53171245
111  58.40998629  015.53161750
111  58.40989978  015.53226444
111  58.40967047  015.53233710
111  58.40936786  015.53117793
111  58.40817615  015.53116593
111  58.40808649  015.53173644
111  58.40815067  015.53238483
111  58.40821088  015.53236621
111  58.40827042  015.53267691
111  58.40867214  015.53254750
111  58.40885958  015.53472829
111  58.40859114  015.53484270
111  58.40854308  015.53494915
111  58.40864385  015.53515336
111  58.40859051  015.53554246
113  58.40864997  015.53552612
111  58.40941171  015.53161917
111  58.40959109  015.53232883
111  58.40959369  015.53252238
111  58.40944810  015.53247771
111  58.40946110  015.53229904
111  58.40937531  015.53162410
113  58.40938051  015.53155463
111  58.40992505  015.53245299
111  58.41011483  015.53324702
111  58.41012003  015.53341079
111  58.41009663  015.53350508
111  58.41000824  015.53352493
111  58.40973266  015.53272098
111  58.40971186  015.53257706
111  58.40972226  015.53247781
113  58.40986785  015.53239344
111  58.40968566  015.53294262
111  58.40965521  015.53308066
111  58.40951057  015.53321871
111  58.40953340  015.53295715
111  58.40967043  015.53285543
113  58.40970088  015.53285543
111  58.40905000  015.53155489
111  58.40893581  015.53246309
111  58.40884826  015.53249942
111  58.40879116  015.53221606
111  58.40878736  015.53183098
113  58.40901193  015.53154762
111  58.40896245  015.53129333
111  58.40900432  015.53135145
111  58.40897387  015.53147497
111  58.40847143  015.53149676
111  58.40842956  015.53141684
113  58.40847524  015.53130786
111  58.40898080  015.53278547
111  58.40896350  015.53288454
111  58.40877664  015.53295720
111  58.40871435  015.53289775
111  58.40870397  015.53275905
111  58.40876626  015.53268639
111  58.40892889  015.53265336
113  58.40897734  015.53269960
111  58.40899464  015.53334030
111  58.40900848  015.53367716
111  58.40898772  015.53374321
111  58.40886315  015.53380266
111  58.40883200  015.53375642
111  58.40880778  015.53338653
111  58.40881470  015.53330727
113  58.40894620  015.53326104
111  58.40899810  015.53388853
111  58.40900156  015.53415934
111  58.40897042  015.53422539
111  58.40890467  015.53415934
111  58.40889083  015.53398760
111  58.40892889  015.53386871
113  58.40896696  015.53384229
111  58.40900156  015.53436410
111  58.40899464  015.53467454
111  58.40896696  015.53482646
111  58.40882508  015.53515671
111  58.40877664  015.53520956
111  58.40875242  015.53517653
111  58.40871435  015.53498498
111  58.40888045  015.53484627
111  58.40890467  015.53472738
111  58.40888737  015.53445657
111  58.40889775  015.53436410
113  58.40893927  015.53433107
110 1 0.25 0.0000 N3 conn. roads
111  58.40936949  015.53088516
111  58.40940995  015.53067922
111  58.40957178  015.53026736
111  58.40972013  015.52976540
111  58.40982128  015.52916047
111  58.40988442  015.52906599
111  58.40997913  015.52906970
111  58.41009340  015.52917587
111  58.41016356  015.52934132
111  58.41019562  015.52954626
111  58.41023581  015.53172032
111  58.41026633  015.53172176
111  58.41030679  015.53146434
111  58.41025285  015.52949511
111  58.41021276  015.52928247
111  58.41013315  015.52909933
111  58.40999243  015.52895352
111  58.40984169  015.52890355
111  58.40984151  015.52871000
111  58.40983635  015.52850252
111  58.40981454  015.52824665
111  58.40974036  015.52778330
111  58.40963530  015.52729260
111  58.40954737  015.52701287
111  58.40941339  015.52686102
111  58.40923335  015.52678110
111  58.40877278  015.52662126
111  58.40857433  015.52649234
111  58.40840014  015.52632555
111  58.40822010  015.52610977
111  58.40809030  015.52584603
111  58.40804843  015.52559827
111  58.40805262  015.52367218
111  58.40807774  015.52356029
111  58.40813217  015.52352033
111  58.40961589  015.52357434
111  58.40961855  015.52334451
111  58.40953039  015.52337919
111  58.40944637  015.52346194
111  58.40812103  015.52342855
111  58.40807584  015.52338416
111  58.40805681  015.52328856
111  58.40805681  015.52188196
111  58.40804425  015.52174609
111  58.40798982  015.52172211
111  58.40765486  015.52173810
111  58.40758786  015.52181802
111  58.40758786  015.52292892
111  58.40762136  015.52292093
111  58.40769254  015.52278506
111  58.40777628  015.52241742
111  58.40778465  015.52183400
111  58.40795632  015.52181802
111  58.40798982  015.52188995
111  58.40800087  015.52569358
111  58.40794956  015.52586765
111  58.40778302  015.52595468
111  58.40760284  015.52624260
111  58.40757487  015.52641379
111  58.40751451  015.52653491
111  58.40742838  015.52657359
111  58.40706361  015.52657359
111  58.40716070  015.52668332
111  58.40754085  015.52669828
111  58.40754556  015.52711834
111  58.40761329  015.52719490
111  58.40759463  015.52670578
111  58.40764436  015.52665784
111  58.40796049  015.52667318
111  58.40802183  015.52659184
111  58.40807667  015.52650141
111  58.40814449  015.52640338
111  58.40819121  015.52630881
111  58.40825837  015.52627548
111  58.40837226  015.52642054
111  58.40857336  015.52661227
111  58.40880641  015.52672831
111  58.40923759  015.52687572
111  58.40940631  015.52699581
111  58.40950166  015.52711174
111  58.40958127  015.52731846
111  58.40968401  015.52781540
111  58.40975459  015.52825915
111  58.40977417  015.52851711
111  58.40977462  015.52887336
111  58.40975373  015.52914176
111  58.40970410  015.52954779
111  58.40961665  015.52991323
111  58.40942285  015.53047717
111  58.40914467  015.53117194
113  58.40936759  015.53118161
111  58.40813627  015.52626582
111  58.40798288  015.52655364
111  58.40793868  015.52657349
111  58.40773070  015.52657845
111  58.40768650  015.52653875
111  58.40768130  015.52642958
111  58.40773330  015.52622116
111  58.40779830  015.52609213
111  58.40792309  015.52595815
111  58.40801148  015.52595318
111  58.40809207  015.52600777
113  58.40813627  015.52613679
110 4 0.00 0.0000 Museum dirt area
111  58.40951074  015.52632051
111  58.40968055  015.52717542
111  58.40993133  015.52749454
111  58.41042732  015.52724988
111  58.41049419  015.52636700
111  58.41037957  015.52507487
111  58.41038181  015.52361578
113  58.40951144  015.52357257
110 1 0.25 0.0000 E main area
111  58.40256726  015.53233930
111  58.40254751  015.53179296
111  58.40244879  015.53183064
111  58.40150101  015.53041767
111  58.40080005  015.52977713
111  58.40080005  015.52964525
111  58.40150101  015.52580200
111  58.40159973  015.52567012
111  58.40143190  015.52553825
111  58.40144177  015.52576432
111  58.40076056  015.52951338
111  58.40072106  015.52955106
111  58.40055323  015.52874096
111  58.40018794  015.52742220
111  58.39989176  015.52651790
111  58.40011883  015.52610343
111  58.40052361  015.52576432
111  58.40099750  015.52557593
111  58.40141215  015.52550057
111  58.40114559  015.52536869
111  58.40109623  015.52544405
111  58.40080992  015.52551941
111  58.40042488  015.52570780
111  58.40010896  015.52597155
111  58.39986214  015.52640486
111  58.39971405  015.52610343
111  58.39960545  015.52555709
111  58.39945736  015.52501074
111  58.39925991  015.52452091
111  58.39902296  015.52401225
111  58.39883538  015.52389921
111  58.39907232  015.52433252
111  58.39943761  015.52518030
111  58.39957155  015.52570880
111  58.39930472  015.52515179
111  58.39895385  015.52448324
111  58.39856882  015.52391805
111  58.39858856  015.52372966
111  58.39831213  015.52357894
111  58.39850958  015.52399341
111  58.39892423  015.52455859
111  58.39927231  015.52521399
111  58.39961662  015.52591802
111  58.39964520  015.52609525
111  58.39965481  015.52649906
111  58.39965481  015.52692518
111  58.39940371  015.52843953
111  58.39921054  015.52832649
111  58.39901309  015.52941918
111  58.39912535  015.52949013
111  58.39908451  015.52975329
111  58.39947777  015.52998181
111  58.39944881  015.53021923
111  58.39945675  015.53044757
111  58.39951660  015.53071911
111  58.40055323  015.53137849
111  58.40099750  015.53124661
111  58.40112584  015.53122777
111  58.40104686  015.53024812
111  58.40106661  015.53019160
111  58.40151088  015.53053071
113  58.40247840  015.53205671
111  58.40096788  015.53013508
111  58.40105674  015.53094518
111  58.40101725  015.53109590
111  58.40061246  015.53124661
111  58.40051572  015.53121646
111  58.39959037  015.53069374
111  58.39953752  015.53055444
111  58.39950492  015.53034732
111  58.39952781  015.53012911
111  58.39959754  015.52962081
111  58.39968808  015.52965715
111  58.39958357  015.53043058
111  58.39960308  015.53058475
111  58.40025052  015.53096490
111  58.40034038  015.53036006
111  58.40070803  015.53054555
111  58.40074776  015.53032612
111  58.40075068  015.52998437
113  58.40081979  015.52994669
111  58.39982401  015.52649308
111  58.39972268  015.52669611
113  58.39970748  015.52626104
111  58.39985947  015.52660910
111  58.40014318  015.52744056
111  58.40051302  015.52878444
111  58.40066501  015.52946121
111  58.40066501  015.52960623
111  58.39971762  015.52867809
111  58.39946430  015.52848473
113  58.39971255  015.52698616
130 Airport Boundary
111  58.40340000  015.51069710
111  58.39321198  015.50960439
111  58.38571057  015.50944616
111  58.38451834  015.51789163
111  58.39402163  015.52349018
111  58.39439321  015.52635311
111  58.39871239  015.52943679
111  58.40304733  015.55414850
111  58.40727971  015.55046472
111  58.40834491  015.54792428
111  58.41105805  015.53238291
113  58.41102749  015.51941237
120 Linear Feature 74
111  58.40146290  015.52263203 4
115  58.40143002  015.52284934
120 Linear Feature 74
111  58.38652129  015.51430286 4
115  58.38645294  015.51428813
120 Linear Feature 71
111  58.38690504  015.51607173 1 101
112  58.38671730  015.51570930  58.38660522  015.51542697 1 101
111  58.38661458  015.51539646 1 101
111  58.38651650  015.51489360 1 101
111  58.38648585  015.51444922 1 101
111  58.38650424  015.51405161 1 101
111  58.38657167  015.51367739 1 101
111  58.38666975  015.51331486 1 101
111  58.38681075  015.51303419 1 101
111  58.38697626  015.51280031 1 101
111  58.38709731  015.51266585 1 101
112  58.38733181  015.51255472  58.38742119  015.51255472 1 101
111  58.38754637  015.51255472 1 101
112  58.39061758  015.51262489  58.39072053  015.51263035 1 101
112  58.39092890  015.51267791  58.39105187  015.51271065 1 101
112  58.39126885  015.51282676  58.39135464  015.51286644 1 101
112  58.39154416  015.51300043  58.39163255  015.51306987 1 101
112  58.39185957  015.51332968  58.39193759  015.51341474 1 101
112  58.39225525  015.51390058  58.39228868  015.51397501 1 101
112  58.39242243  015.51419827  58.39250045  015.51434712 1 101
112  58.39275478  015.51505274  58.39282722  015.51526539 1 101
112  58.39331206  015.51658170  58.39339497  015.51679260 1 101
112  58.39367911  015.51736922  58.39375741  015.51751861 1 101
112  58.39407910  015.51795140  58.39420345  015.51810079 1 101
111  58.39447790  015.51831098 1 101
111  58.39491769  015.51863632 1 101
115  58.40197840  015.52305958
120 Linear Feature 89
111  58.40632472  015.52293162 1 101
111  58.40631708  015.52028538 1 101
112  58.40634214  015.51970001  58.40637639  015.51951839 1 101
112  58.40649688  015.51877413  58.40653114  015.51861430 1 101
112  58.40641611  015.51843156  58.40633998  015.51837345 1 101
112  58.40378638  015.51666736  58.40371216  015.51662635 1 101
116  58.40357451  015.51661819  58.40351982  015.51659210
120 Linear Feature 78
111  58.40650739  015.53952833 1
112  58.40637244  015.53950191  58.40644794  015.53951392 1
115  58.40646699  015.53931927
120 Linear Feature 77
111  58.40562458  015.53940533 1 101
115  58.40637530  015.53950203
120 Linear Feature 76
111  58.40549562  015.53912404 1 101
112  58.40562918  015.53940533  58.40576275  015.53943170
111  58.40562918  015.53940533
112  58.40562918  015.53940533  58.40551404  015.53941412 1 101
115  58.40546798  015.53960751
120 Linear Feature 75
111  58.40817961  015.53056037 4
115  58.40826414  015.53060583
120 Linear Feature 75
111  58.40287283  015.52375083 4
115  58.40290300  015.52356170
120 Linear Feature 69
111  58.40604116  015.52975390 4
115  58.40614793  015.52978506
120 Linear Feature 70
111  58.40621223  015.52760217 1 101
112  58.40573408  015.52795316  58.40536627  015.52784786
111  58.40573408  015.52795316
112  58.40573408  015.52795316  58.40615093  015.52819885 1 101
115  58.40615093  015.52872533
120 Linear Feature 69
111  58.40438482  015.54801238 4
115  58.40431658  015.54758647
120 Linear Feature 69
111  58.40637368  015.52490297 4
115  58.40627320  015.52485502
120 Linear Feature 69
111  58.40632302  015.52669620 4
115  58.40622253  015.52664825
120 Linear Feature 67
111  58.40689045  015.52379234 1
112  58.40674518  015.52350586  58.40661259  015.52349097 1
112  58.40644741  015.52351224  58.40634081  015.52351224 1
115  58.40631793  015.52383099
120 Linear Feature 66
111  58.40631452  015.52445500 1 101
112  58.40643795  015.52418852  58.40654216  015.52418852 1 101
111  58.40673088  015.52417232 1 101
112  58.40688756  015.52389799  58.40689369  015.52365230 1 101
112  58.40688102  015.52296275  58.40688715  015.52282235 1 101
112  58.40676005  015.52265827  58.40669262  015.52265827 1 101
112  58.40643616  015.52266788  58.40636873  015.52265618 1 101
112  58.40632248  015.52295062  58.40631635  015.52314951 1 101
111  58.40631796  015.52485466 1 101
111  58.40631503  015.52591132 1 101
111  58.40608998  015.52972798 1 101
112  58.40505112  015.54602650  58.40504099  015.54614253 1 101
112  58.40497310  015.54667529  58.40494777  015.54676231 1 101
112  58.40480035  015.54716454  58.40476488  015.54721289 1 101
112  58.40452170  015.54760061  58.40447104  015.54765863 1 101
112  58.40425978  015.54777079  58.40421418  015.54779013 1 101
112  58.40403686  015.54779206  58.40399633  015.54778239 1 101
112  58.40382509  015.54766443  58.40369844  015.54757741 1 101
115  58.40368020  015.54728153
120 Linear Feature 80
111  58.40565231  015.53667334 1 101
112  58.40579721  015.53689670  58.40595736  015.53667837
111  58.40579721  015.53689670
112  58.40579721  015.53689670  58.40570856  015.53707136 1 101
115  58.40559658  015.53755613
120 Linear Feature 79
111  58.40659650  015.53617677 1 101
112  58.40650647  015.53616495  58.40645928  015.53615895 1 101
112  58.40638111  015.53607158  58.40634251  015.53602300 1 101
111  58.40623419  015.53609092 1 101
115  58.40579343  015.53688646
120 Linear Feature 72
111  58.40234724  015.52334345 1 101
111  58.40557592  015.52526016 1 101
111  58.40630869  015.52574660 1 101
111  58.40651874  015.52601182 1 101
111  58.40797280  015.52769834 1 101
111  58.40811171  015.52788668 1 101
111  58.40823450  015.52809822 1 101
111  58.40836135  015.52845713 1 101
111  58.40842180  015.52879264 1 101
111  58.40840894  015.52928060 1 101
111  58.40834651  015.52973270 1 101
111  58.40803164  015.53171693 1 101
112  58.40785389  015.53294311  58.40781202  015.53314290 1 101
112  58.40768913  015.53348213  58.40762633  015.53358602 1 101
111  58.40668369  015.53520123 1 101
112  58.40659489  015.53556165  58.40659274  015.53569289 1 101
116  58.40652073  015.53615355  58.40642401  015.53612718
120 Linear Feature 86
111  58.40702669  015.53621930 1
112  58.40695434  015.53647748  58.40693861  015.53671765
111  58.40695434  015.53647748
112  58.40695434  015.53647748  58.40694805  015.53624332 1
115  58.40687570  015.53620729
120 Linear Feature 88
111  58.40694919  015.53647895 1
115  58.40684520  015.53939177
120 Linear Feature 87
111  58.40690240  015.53960019 1
112  58.40684260  015.53939177  58.40682960  015.53919825
111  58.40684260  015.53939177
112  58.40684260  015.53939177  58.40682960  015.53958034 1
115  58.40673861  015.53957537
120 Linear Feature 81
112  58.40734705  015.53657312  58.40733784  015.53679288 1
111  58.40723651  015.53936851 1
112  58.40702926  015.53962344  58.40683582  015.53959706 1
111  58.40656869  015.53954432 1
112  58.40646276  015.53926302  58.40648118  015.53903447 1
111  58.40655487  015.53634456 1
112  58.40664698  015.53617754  58.40673449  015.53618633 1
113  58.40724112  015.53625666 1
120 Linear Feature 64
111  58.40277559  015.51503898 4
115  58.40286352  015.51499104
120 Linear Feature 64
111  58.40251600  015.51636545 4
115  58.40246157  015.51626157
120 Linear Feature 64
111  58.40288445  015.51311320 4
115  58.40300588  015.51306526
120 Linear Feature 63
111  58.40269486  015.51588863 1 101
115  58.40196632  015.51733496
120 Linear Feature 61
111  58.40284525  015.51516531 1 101
112  58.40305656  015.51534154  58.40323660  015.51529360
111  58.40305656  015.51534154
112  58.40305656  015.51534154  58.40288070  015.51545341 1 101
112  58.40270177  015.51588141  58.40250079  015.51616108
111  58.40270177  015.51588141
112  58.40270177  015.51588141  58.40286087  015.51574556 1 101
115  58.40289333  015.51592066
120 Linear Feature 59
111  58.40245293  015.51406089 1 101
112  58.40250197  015.51427147  58.40256327  015.51434166 1 101
112  58.40266748  015.51447035  58.40269200  015.51454054 1 101
112  58.40279317  015.51484398  58.40281156  015.51497267 1 101
112  58.40285156  015.51523938  58.40285156  015.51530957 1 101
112  58.40289430  015.51582743  58.40290043  015.51592102 1 101
112  58.40310272  015.51794494  58.40311498  015.51805023 1 101
112  58.40319468  015.51829591  58.40323146  015.51835440 1 101
115  58.40328663  015.51834270
120 Linear Feature 60
111  58.40283587  015.51512641
115  58.40287272  015.51560984
120 Linear Feature 58
111  58.40244403  015.51225603 1 101
112  58.40254500  015.51197292  58.40262659  015.51197292 1 101
112  58.40276298  015.51200123  58.40279562  015.51204794 1 101
112  58.40284457  015.51217110  58.40285273  015.51223338 1 101
112  58.40291531  015.51265908  58.40292347  015.51281479 1 101
112  58.40314097  015.51563259  58.40314913  015.51575716 1 101
112  58.40321470  015.51618135  58.40323918  015.51629035 1 101
112  58.40338382  015.51651967  58.40344094  015.51656639 1 101
115  58.40356926  015.51661734
21  58.38976329  015.51682064 2 18.2900 3.00 01  PAPI-4L
21  58.40275784  015.52696664 2 198.3000 3.00 19  PAPI-4L
21  58.40311486  015.54457237 2 263.2400 3.00 26  PAPI-4L
14  58.40722103  015.52225376  55.77 0 Tower view
1300  58.40773212  015.53435942 -91.20 misc heavy|jets|turboprops|props NE area
1301 B none 
1300  58.40677143  015.52194549 176.71 misc heavy|jets|turboprops|props N area
1301 C none 
1300  58.40514548  015.51760419  81.25 misc heavy|jets|turboprops|props NW area
1301 E none 
19  58.38726040  015.51552714 1 WS
19  58.40146188  015.51673112 1 WS
19  58.40404683  015.54607726 1 WS
19  58.40562271  015.52692446 1 WS
53 12185 GND
54 13260 TWR
54 12105 TWR
54 12980 TWR
55 12980 TWR
55 13295 APP (Ostgota app.)
55 12185 GND
99
