A
1000 Generated by WorldEditor

1     89 0 0 ESCK Bråvalla
100 38.10 1 0 0.25 0 0 0 15  58.61944750  016.09323200    0   15 2 0 0 0 33  58.60232800  016.11380900    0   50 2 0 0 0
100 38.10 1 0 0.25 0 0 0 06  58.60636400  016.09038668    0   15 2 0 0 0 24  58.61506600  016.11564900    0   15 2 0 0 0
110 2 0.25 0.0000 Concrete pad NE
111  58.61265229  016.11775282
111  58.61152040  016.11943556
111  58.61161702  016.11972706
113  58.61276271  016.11803107
110 1 0.25 0.0000 Taxiways NE
111  58.60216005  016.11361437
111  58.60180215  016.11372528
111  58.60156475  016.11357393
111  58.60141724  016.11336159
111  58.60021966  016.11148408
111  58.59993218  016.11113419
111  58.59976389  016.11106690
111  58.59961664  016.11112073
111  58.59916087  016.11184743
111  58.59899959  016.11171286
111  58.59882429  016.11285674
111  58.59904867  016.11324701
111  58.59913282  016.11356999
111  58.59909075  016.11385260
111  58.59908285  016.11402754
111  58.59933008  016.11410589
111  58.59942098  016.11424136
111  58.59977345  016.11429353
111  58.59996740  016.11415119
111  58.60012727  016.11415947
111  58.60120133  016.11430087
111  58.60180436  016.11435052
111  58.60203575  016.11451201
111  58.60213392  016.11471387
111  58.60251491  016.11527760
111  58.60282031  016.11558713
111  58.60315821  016.11573756
111  58.60349556  016.11571512
111  58.60388044  016.11545493
111  58.60436581  016.11491658
111  58.60508493  016.11404925
111  58.60561939  016.11340921
111  58.60585780  016.11327463
111  58.60607517  016.11338230
111  58.60633461  016.11370530
111  58.60763413  016.11590792
111  58.60913299  016.11841929
111  58.60959876  016.11918985
111  58.60963858  016.11932578
111  58.60964174  016.11948564
111  58.60891668  016.12057618
111  58.60946681  016.12201288
111  58.60925665  016.12234667
111  58.61023799  016.12485007
111  58.61117414  016.12336740
111  58.61084436  016.12255234
111  58.61172591  016.12109131
111  58.61193263  016.12116810
111  58.61244038  016.11994311
111  58.61280112  016.12005850
111  58.61285000  016.11954874
111  58.61243659  016.11941179
111  58.61245906  016.11890710
111  58.61275602  016.11844299
111  58.61298588  016.11807708
111  58.61294886  016.11741218
111  58.61304653  016.11722506
111  58.61316454  016.11710917
111  58.61351893  016.11702267
111  58.61392261  016.11706426
111  58.61421077  016.11700481
111  58.61443006  016.11690256
111  58.61476493  016.11664551
111  58.61499530  016.11635123
111  58.61508666  016.11633486
111  58.61524605  016.11617396
111  58.61522524  016.11601409
111  58.61521929  016.11586563
111  58.61528471  016.11568292
111  58.61538137  016.11535603
111  58.61546257  016.11492000
111  58.61549734  016.11455284
111  58.61550313  016.11382965
111  58.61566539  016.11358487
111  58.61564801  016.11301745
111  58.61545098  016.11282830
111  58.61509659  016.10700717
111  58.61511929  016.10687402
111  58.61537178  016.10681359
111  58.61537294  016.10698612
111  58.61533908  016.10698676
111  58.61534493  016.10733670
111  58.61559581  016.10731422
111  58.61559526  016.10694569
111  58.61583792  016.10637234
111  58.61572592  016.10619317
111  58.61556726  016.10658735
111  58.61508471  016.10668817
111  58.61507372  016.10648441
111  58.61545417  016.10643171
111  58.61545124  016.10623006
111  58.61505863  016.10624692
111  58.61502596  016.10518981
111  58.61506329  016.10472397
111  58.61516595  016.10411479
111  58.61587358  016.10198622
111  58.61616733  016.10155674
112  58.62023806  016.09651587  58.62029279  016.09644786
112  58.62045262  016.09599551  58.62048482  016.09585948
112  58.62053167  016.09528001  58.62053811  016.09513162
112  58.62050909  016.09473796  58.62048655  016.09454629
112  58.62032196  016.09403491  58.62026723  016.09389270
112  58.62003479  016.09358882  58.61990600  016.09345898
111  58.61964716  016.09336040
111  58.61952090  016.09351089
112  58.61969505  016.09352761  58.61976267  016.09353379
112  58.61999755  016.09367845  58.62007805  016.09377119
112  58.62027071  016.09410048  58.62031901  016.09423032
112  58.62045131  016.09477333  58.62046740  016.09494027
112  58.62047099  016.09527496  58.62046133  016.09542335
112  58.62039489  016.09595834  58.62035303  016.09606964
112  58.62020881  016.09642035  58.62014763  016.09650073
112  58.61626073  016.10126117  58.61622773  016.10127927
111  58.61618410  016.10126117
112  58.61616974  016.10106805  58.61619802  016.10099564
112  58.61655303  016.09991871  58.61660017  016.09975579
112  58.61669206  016.09920014  58.61671092  016.09910962
112  58.61671571  016.09854839  58.61671092  016.09830929
112  58.61664866  016.09780352  58.61662980  016.09768585
111  58.61653851  016.09733453
111  58.61647625  016.09716901
111  58.61632299  016.09735292
112  58.61643793  016.09737132  58.61647564  016.09746183
111  58.61653372  016.09763799
112  58.61662471  016.09825412  58.61662943  016.09839894
112  58.61661993  016.09890702  58.61660578  016.09909710
112  58.61648104  016.09982661  58.61642918  016.09999859
111  58.61498201  016.10436937
111  58.61494369  016.10436937
112  58.61491347  016.10402784  58.61489620  016.10387583
112  58.61479302  016.10327456  58.61475783  016.10311833
112  58.61457802  016.10252075  58.61449645  016.10231595
111  58.61370363  016.10051137
111  58.61356788  016.10065798
112  58.61369515  016.10073943  58.61378299  016.10094423
112  58.61451892  016.10264263  58.61458794  016.10284743
112  58.61471920  016.10333733  58.61476312  016.10355418
112  58.61487599  016.10440838  58.61489482  016.10466137
111  58.61495933  016.10597618
111  58.61483606  016.10598096
111  58.61465935  016.10558035
111  58.61444226  016.10598086
111  58.61463443  016.10635479
111  58.61475770  016.10614676
111  58.61497483  016.10613524
111  58.61503307  016.10738390
111  58.61485781  016.10749423
111  58.61469022  016.10736182
111  58.61458178  016.10784938
111  58.61480697  016.10803173
111  58.61489697  016.10764232
111  58.61505091  016.10757265
111  58.61537358  016.11286921
111  58.61541858  016.11385007
111  58.61542305  016.11455593
111  58.61538758  016.11491230
111  58.61530404  016.11530741
111  58.61524792  016.11550107
111  58.61519689  016.11545927
111  58.61498737  016.11599540
111  58.61496219  016.11620957
111  58.61474160  016.11653408
111  58.61441495  016.11676702
111  58.61419744  016.11687235
111  58.61390164  016.11692829
111  58.61351608  016.11689979
111  58.61314874  016.11698733
111  58.61291236  016.11707164
111  58.61261743  016.11736298
111  58.61126413  016.11932832
111  58.61111688  016.11904564
111  58.61111735  016.11824237
111  58.61079892  016.11825142
111  58.61080134  016.11870911
111  58.61037108  016.11872257
111  58.61036419  016.11959268
111  58.61002495  016.11946906
111  58.60979721  016.11928936
111  58.60919778  016.11831279
111  58.60770234  016.11575530
111  58.60611051  016.11299487
111  58.60576701  016.11250743
111  58.60556469  016.11192763
111  58.60541524  016.11129165
111  58.60535917  016.11073664
111  58.60539303  016.11046075
111  58.60523904  016.11065782
111  58.60533816  016.11137741
111  58.60548920  016.11199419
111  58.60569152  016.11259804
111  58.60583201  016.11289216
111  58.60579695  016.11300971
111  58.60430519  016.11483105
111  58.60384835  016.11530655
111  58.60348436  016.11554099
111  58.60317248  016.11558726
111  58.60283821  016.11542759
111  58.60255884  016.11515725
111  58.60239242  016.11491244
111  58.60229066  016.11470301
113  58.60231300  016.11419080
111  58.60176506  016.11406143
111  58.60175469  016.11415100
111  58.60011611  016.11397186
111  58.59991388  016.11384249
111  58.59979461  016.11355387
111  58.59977906  016.11329512
111  58.59993462  016.11218048
111  58.60005388  016.11196154
111  58.60020944  016.11183216
113  58.60038575  016.11191178
111  58.59945756  016.11161321
111  58.59923459  016.11335483
111  58.59916718  016.11338469
111  58.59897014  016.11277761
111  58.59893384  016.11253876
111  58.59898569  016.11230986
113  58.59940571  016.11161321
111  58.61038670  016.11984809
111  58.61041426  016.12088857
111  58.61005599  016.12094147
111  58.60968855  016.11991863
111  58.60968855  016.11972464
111  58.60977122  016.11958356
113  58.60987227  016.11958356
111  58.60992739  016.12106492
111  58.60975285  016.12136472
111  58.60940377  016.12037714
111  58.60945889  016.12021843
113  58.60961506  016.12021843
111  58.61128695  016.11988336
111  58.61129613  016.12044769
111  58.61082764  016.12115310
111  58.61068066  016.12076512
111  58.61059798  016.12034187
111  58.61063473  016.11995390
113  58.61106648  016.11967173
111  58.60603635  016.09164703
111  58.60581338  016.09183615
111  58.60556967  016.09191578
111  58.60547115  016.09179633
113  58.60594820  016.09161717
110 1 0.25 0.0000 Taxiways SW
111  58.60553117  016.10507016
111  58.60550312  016.10416837
111  58.60515288  016.09395461
111  58.60514961  016.09254179
111  58.60529681  016.09202690
111  58.60538186  016.09198294
111  58.60562392  016.09207085
111  58.60586271  016.09195155
111  58.60610150  016.09172550
111  58.60622254  016.09173806
111  58.60661180  016.09199550
111  58.60682769  016.09233458
111  58.60662815  016.09173178
111  58.60640899  016.09163131
111  58.60606552  016.09148689
111  58.60564355  016.09155596
111  58.60537859  016.09160619
111  58.60538840  016.09146805
111  58.60552579  016.09111641
111  58.60587253  016.09068315
111  58.60606552  016.09067059
111  58.60626506  016.09070199
111  58.60616693  016.09040059
111  58.60590197  016.09046966
111  58.60556504  016.09084013
111  58.60530662  016.09135502
111  58.60518559  016.09173178
111  58.60508092  016.09234086
111  58.60504821  016.09281180
111  58.60502531  016.09293738
111  58.60495989  016.09296250
111  58.60490101  016.09286831
111  58.60474084  016.09215876
111  58.60469283  016.09143037
111  58.60483231  016.09102851
111  58.60495661  016.09092176
111  58.60511036  016.09063292
111  58.60523991  016.09025036
111  58.60554542  016.09020593
111  58.60584963  016.09021221
111  58.60607861  016.09031268
111  58.60615711  016.09036291
111  58.60626506  016.09021849
111  58.60623889  016.09016144
111  58.60580163  016.08971561
111  58.60533705  016.08970980
111  58.60496660  016.08993996
111  58.60477682  016.09016144
111  58.60440788  016.09100065
111  58.60438055  016.09191853
111  58.60471153  016.09292093
111  58.60501822  016.09357072
111  58.60507969  016.09401111
111  58.60538567  016.10373752
111  58.60536017  016.10384764
111  58.60520081  016.10387212
111  58.60520718  016.10465520
111  58.60537292  016.10469191
111  58.60543666  016.10486321
111  58.60525818  016.10991654
113  58.60536017  016.10980642
130 Airport Boundary
111  58.61908532  016.09112727
111  58.60669080  016.08803467
111  58.60427329  016.08906553
111  58.59874756  016.11027194
111  58.59870918  016.11446904
111  58.60999088  016.12536677
111  58.61210141  016.12212690
111  58.61540150  016.11704620
111  58.62104235  016.09642887
113  58.61989115  016.09282083
99
