I
1100 Generated by WorldEditor 1.7.21r1

1     67 1 0 ESCM Uppsala-Ärna
1302 city 
1302 country Sweden
1302 datum_lat 59.900277778
1302 datum_lon 17.5925
1302 faa_code 
1302 iata_code 
1302 icao_code ESCM
1302 region_code ES
1302 state Uppsala län
1302 transition_alt 5000
1302 transition_level 
100 39.93 1 0 0.25 0 3 1 08  59.89477600  017.56999777    0   17 2 0 0 1 26  59.89939000  017.60387000    0   47 2 0 0 1
100 40.00 1 1 0.25 0 3 1 03  59.89312900  017.58326699    0   27 2 0 0 0 21  59.90744900  017.60189400    0    0 2 3 0 0
102 H1  59.88904988  017.59125983  24.98 30.00 30.00 1 0 0 0.00 1
110 2 0.25 0.0000 Concrete
111  59.89380453  017.57201764
111  59.89370219  017.57261769
111  59.89384508  017.57272037
113  59.89395403  017.57210712
110 2 0.25 0.0000 Concrete
111  59.89455538  017.57297663
111  59.89445304  017.57357669
111  59.89459593  017.57367936
113  59.89470488  017.57306612
110 2 0.25 0.0000 Concrete
111  59.89396802  017.57023416
111  59.89377560  017.57073867
111  59.89389482  017.57092630
113  59.89409560  017.57041345
110 2 0.25 0.0000 Concrete
111  59.89453047  017.57159917
111  59.89433805  017.57210368
111  59.89445727  017.57229131
113  59.89465805  017.57177846
110 2 0.25 0.0000 Concrete
111  59.89258084  017.60140273
111  59.89262424  017.60129459
111  59.89251032  017.60106750
111  59.89247234  017.60114320
111  59.89238554  017.60097018
111  59.89170202  017.60241922
111  59.89136568  017.60241922
111  59.89136105  017.60385752
111  59.89146332  017.60462523
111  59.89188104  017.60693937
111  59.89193528  017.60695018
111  59.89201666  017.60723134
111  59.89227162  017.60743680
111  59.89170202  017.60404128
111  59.89172372  017.60383582
111  59.89255914  017.60210562
111  59.89253202  017.60205155
113  59.89270561  017.60169470
110 2 0.25 0.0000 Concrete pad
111  59.89003024  017.59563342
111  59.89150664  017.59820330
111  59.89163588  017.59795626
113  59.89013917  017.59538291
110 2 0.25 0.0000 Concrete pad
111  59.89153085  017.59819815
111  59.89178762  017.59992868
111  59.89196288  017.59985556
113  59.89168980  017.59810065
110 2 0.25 0.0000 Concrete pad
111  59.88738632  017.59113184
111  59.88751312  017.59201326
111  59.88859902  017.59140592
111  59.88842376  017.59122392
113  59.88832814  017.59056771
110 1 0.25 0.0000 Taxi & areas asphalt
111  59.90734575  017.60224322
111  59.90744652  017.60245475
111  59.90754504  017.60282997
111  59.90756533  017.60311498
111  59.90754504  017.60353307
111  59.90747071  017.60393771
111  59.90735237  017.60432424
111  59.90722804  017.60457196
111  59.90702221  017.60482399
111  59.90679423  017.60497203
111  59.90656077  017.60499322
111  59.90464605  017.60430572
111  59.90486468  017.60418291
111  59.90504173  017.60406244
111  59.90522177  017.60389723
111  59.90538105  017.60368898
111  59.90542430  017.60373740
111  59.90545553  017.60408209
111  59.90550999  017.60436754
111  59.90557423  017.60455956
111  59.90552344  017.60461726
111  59.90574027  017.60469579
111  59.90563788  017.60452783
111  59.90557091  017.60432905
111  59.90552119  017.60405187
111  59.90548799  017.60376031
111  59.90550528  017.60359706
111  59.90561136  017.60326918
111  59.90576518  017.60281437
111  59.90590308  017.60223264
111  59.90597203  017.60175668
111  59.90599855  017.60114322
111  59.90597733  017.60057206
111  59.90606750  017.60050860
111  59.90551589  017.59896437
111  59.90549998  017.59843552
111  59.90592429  017.59711341
111  59.90610993  017.59703937
111  59.90618419  017.59712398
111  59.90634331  017.59658456
111  59.90631148  017.59644706
111  59.90597733  017.59604514
111  59.90588186  017.59603456
111  59.90572805  017.59655283
111  59.90579700  017.59662687
111  59.90582882  017.59699706
111  59.90538329  017.59834033
111  59.90515522  017.59849898
111  59.90578863  017.60012245
111  59.90589247  017.60064072
111  59.90591369  017.60116048
111  59.90589434  017.60171411
111  59.90583794  017.60218885
111  59.90569928  017.60276552
111  59.90554276  017.60315502
111  59.90533814  017.60356483
111  59.90519231  017.60374944
111  59.90501373  017.60392863
111  59.90484202  017.60408000
111  59.90438997  017.60419626
111  59.89899702  017.60234095
111  59.89890606  017.60163837
111  59.89882647  017.60206898
111  59.89867867  017.60220496
111  59.89648929  017.60139358
111  59.89646277  017.60128785
111  59.89651051  017.60079089
111  59.89655294  017.60075917
111  59.89659313  017.60027399
111  59.89643095  017.60020935
111  59.89639076  017.60065791
111  59.89642034  017.60079089
111  59.89637343  017.60126670
111  59.89630896  017.60131454
111  59.89597541  017.60119847
111  59.89595887  017.60109988
111  59.89600663  017.60061114
111  59.89607394  017.60050465
111  59.89610517  017.60009468
111  59.89591198  017.60003331
111  59.89588771  017.60044524
111  59.89591893  017.60059163
111  59.89587341  017.60106941
111  59.89583915  017.60113371
111  59.89554317  017.60104182
111  59.89553060  017.60095953
111  59.89557477  017.60053146
111  59.89563842  017.60042409
111  59.89567413  017.59998894
111  59.89547624  017.59991329
111  59.89544053  017.60036839
111  59.89545869  017.60050138
111  59.89542075  017.60089817
111  59.89538810  017.60096454
111  59.89330922  017.60024155
111  59.89313062  017.60005580
111  59.89281297  017.59962239
111  59.89250161  017.59889488
111  59.89170115  017.59604775
111  59.89147131  017.59517774
111  59.89127531  017.59401508
111  59.89133365  017.59386389
111  59.89142700  017.59384063
111  59.89147951  017.59388715
111  59.89157286  017.59387552
111  59.89163120  017.59378248
111  59.89163120  017.59359640
111  59.89154952  017.59350336
111  59.89145034  017.59354988
111  59.89142117  017.59367781
111  59.89131031  017.59375922
111  59.89123447  017.59372433
111  59.89089024  017.59159605
111  59.89113528  017.59142160
111  59.89136282  017.59129367
111  59.89158777  017.59116607
111  59.89170922  017.59117592
111  59.89178011  017.59123270
111  59.89175559  017.59133005
111  59.89175269  017.59195545
111  59.89184626  017.59206337
111  59.89213267  017.59208452
111  59.89213797  017.59120697
111  59.89189930  017.59122811
111  59.89170986  017.59110283
111  59.89170447  017.59102442
111  59.89183565  017.59090035
111  59.89219101  017.59097436
111  59.89229179  017.59073118
111  59.89233943  017.59069186
111  59.89247175  017.59080816
111  59.89256573  017.59157924
111  59.89258350  017.59173561
111  59.89274532  017.59182019
111  59.89283279  017.59168275
111  59.89290174  017.59132327
111  59.89292775  017.59115934
111  59.89314521  017.59142367
111  59.89335736  017.59157169
111  59.89352709  017.59142367
111  59.89369151  017.59108533
111  59.89376046  017.59074698
111  59.89378168  017.59026062
111  59.89371468  017.58848212
111  59.89368463  017.58794117
111  59.89375564  017.58776394
111  59.89624671  017.58864180
111  59.89627207  017.58870680
111  59.89625758  017.58893792
111  59.89629381  017.58895958
111  59.89631554  017.58869958
111  59.89634815  017.58870680
111  59.89735887  017.59027405
111  59.89732264  017.58999238
111  59.89728279  017.59005016
111  59.89637346  017.58866985
111  59.89680846  017.58884034
111  59.89708359  017.58897376
111  59.89718584  017.58904789
111  59.89717097  017.58891817
111  59.89683263  017.58850677
111  59.89682705  017.58869950
111  59.89678058  017.58872915
111  59.89380931  017.58769974
111  59.89375243  017.58761618
111  59.89374045  017.58755649
111  59.89377526  017.58744617
111  59.89389843  017.58720063
111  59.89412665  017.58687565
111  59.89421533  017.58670986
111  59.89455926  017.58605875
111  59.89458895  017.58599462
111  59.89472751  017.58595516
111  59.89489082  017.58595516
111  59.89447976  017.58544977
111  59.89445671  017.58560076
111  59.89436449  017.58560076
111  59.89410432  017.58556794
111  59.89389026  017.58559420
111  59.89269690  017.58595268
111  59.89259565  017.58594306
111  59.89222919  017.58546249
111  59.89223884  017.58534715
111  59.89272504  017.58517603
111  59.89287719  017.58534212
111  59.89313078  017.58525546
111  59.89324308  017.58501715
111  59.89372127  017.58488717
111  59.89406180  017.58490883
111  59.89373939  017.58448998
111  59.89328095  017.58450362
111  59.89185210  017.58492155
111  59.89160361  017.58465841
111  59.89155701  017.58442623
111  59.89158031  017.58416309
111  59.89176668  017.58385352
111  59.89197635  017.58360586
111  59.89226089  017.58343086
111  59.89247462  017.58342364
111  59.89276081  017.58349586
111  59.89302527  017.58355363
111  59.89284051  017.58326477
111  59.89267025  017.58322144
111  59.89241304  017.58322866
111  59.89213771  017.58330088
111  59.89185515  017.58351030
111  59.89184066  017.58349586
111  59.89183704  017.58341642
111  59.89286587  017.58057114
111  59.89289847  017.58046952
111  59.89292159  017.58055059
111  59.89290210  017.58067946
111  59.89286699  017.58130722
111  59.89286797  017.58165727
111  59.89290292  017.58207752
111  59.89295307  017.58239088
111  59.89299042  017.58261036
111  59.89301802  017.58270871
111  59.89322814  017.58297591
111  59.89310134  017.58264372
111  59.89303976  017.58236930
111  59.89298143  017.58206610
111  59.89294919  017.58165437
111  59.89294557  017.58133662
111  59.89296730  017.58076612
111  59.89301643  017.58042682
111  59.89331131  017.58043476
111  59.89342507  017.58037301
111  59.89353048  017.58021233
111  59.89357432  017.58028383
111  59.89359424  017.58022822
111  59.89355041  017.58014084
111  59.89364605  017.57984692
111  59.89392499  017.57910814
111  59.89421643  017.57829451
111  59.89429395  017.57810494
111  59.89444303  017.57781330
111  59.89460234  017.57757246
111  59.89465016  017.57754862
111  59.89476572  017.57757246
111  59.89487730  017.57758040
111  59.89498090  017.57744535
111  59.89503271  017.57727853
111  59.89504068  017.57705609
111  59.89501432  017.57695661
111  59.89502474  017.57690516
111  59.89546144  017.57666923
111  59.89551008  017.57669861
111  59.89549136  017.57654931
111  59.89545151  017.57661047
111  59.89499286  017.57686544
111  59.89494903  017.57684160
111  59.89482948  017.57683366
111  59.89479760  017.57669067
111  59.89439324  017.57369369
111  59.89438986  017.57353534
111  59.89442366  017.57348817
111  59.89445746  017.57349154
111  59.89444732  017.57357240
111  59.89459942  017.57367685
111  59.89461125  017.57361620
111  59.89483095  017.57378129
111  59.89498812  017.57396997
111  59.89518416  017.57433047
111  59.89514360  017.57405083
111  59.89501516  017.57384531
111  59.89489855  017.57371054
111  59.89477856  017.57359599
111  59.89463322  017.57348817
111  59.89465857  017.57335340
111  59.89476842  017.57335340
111  59.89510473  017.57377792
111  59.89507431  017.57355219
111  59.89499657  017.57346459
111  59.89490362  017.57333993
111  59.89477180  017.57320516
111  59.89471772  017.57307376
111  59.89456393  017.57296258
111  59.89447267  017.57297605
111  59.89422594  017.57278401
111  59.89413805  017.57239655
111  59.89414312  017.57223483
111  59.89423608  017.57193497
111  59.89428677  017.57192486
111  59.89435775  017.57204279
111  59.89434254  017.57210006
111  59.89445408  017.57229211
111  59.89448619  017.57223483
111  59.89501178  017.57309398
111  59.89497967  017.57284802
111  59.89453351  017.57212702
111  59.89454703  017.57207311
111  59.89467209  017.57207985
111  59.89493066  017.57250100
111  59.89490193  017.57227189
111  59.89468832  017.57195492
111  59.89466110  017.57178672
111  59.89452501  017.57159681
111  59.89442159  017.57154256
111  59.89424467  017.57123328
111  59.89421745  017.57088060
111  59.89418751  017.57073953
111  59.89411403  017.57054962
111  59.89410858  017.57048994
111  59.89394256  017.57019152
111  59.89390990  017.57007215
111  59.89391806  017.56997448
111  59.89400788  017.56987682
111  59.89421201  017.56976287
111  59.89436715  017.56975745
111  59.89451685  017.56987682
111  59.89460122  017.57005587
111  59.89456856  017.56980628
111  59.89471281  017.56971947
111  59.89442159  017.56958382
111  59.89417663  017.56959467
111  59.89396705  017.56972489
111  59.89381463  017.56990395
111  59.89366494  017.57014811
111  59.89350163  017.57062559
111  59.89342542  017.57105423
111  59.89340584  017.57147462
111  59.89348576  017.57768881
111  59.89344554  017.57830275
111  59.89332339  017.57898340
111  59.89309579  017.57966724
111  59.89175558  017.58330020
111  59.89110110  017.58504067
111  59.89052142  017.58683586
111  59.89039969  017.58763536
111  59.89035908  017.58837378
111  59.89039271  017.58902344
111  59.89045072  017.58944356
111  59.89076060  017.59142019
111  59.89074307  017.59149882
111  59.89053705  017.59169104
111  59.89047568  017.59167357
111  59.89044500  017.59158620
111  59.89039678  017.59158620
111  59.89040116  017.59173473
111  59.89035733  017.59190947
111  59.89013784  017.59216350
111  59.89008069  017.59217978
111  59.88981940  017.59194650
111  59.88983028  017.59178917
111  59.88938222  017.59138214
111  59.88931249  017.59174083
111  59.88925851  017.59189776
111  59.88916178  017.59142249
111  59.88914604  017.59147630
111  59.88924986  017.59194607
111  59.88915651  017.59196933
111  59.88843693  017.59122287
111  59.88833154  017.59053364
111  59.88818334  017.59061241
111  59.88814712  017.59040235
111  59.88804832  017.59029733
111  59.88782437  017.58945055
111  59.88776180  017.58943086
111  59.88751809  017.58994943
111  59.88753456  017.59015948
111  59.88725792  017.59044174
111  59.88751809  017.59201713
111  59.88732708  017.59240441
111  59.88716900  017.59214841
111  59.88704385  017.59241754
111  59.88690553  017.59216154
111  59.88677709  017.59253569
111  59.88704715  017.59308708
111  59.88694505  017.59334308
111  59.88679172  017.59333985
111  59.88683994  017.59336868
111  59.88683030  017.59349362
111  59.88690262  017.59367622
111  59.88694119  017.59385882
111  59.88688816  017.59416636
111  59.88700870  017.59427207
111  59.88707620  017.59371466
111  59.88718228  017.59333985
111  59.88771268  017.59212893
111  59.88786215  017.59199438
111  59.88840701  017.59226347
111  59.88858059  017.59226347
111  59.88858542  017.59168684
111  59.88861917  017.59162918
111  59.88882650  017.59183100
111  59.88879275  017.59200399
111  59.88891329  017.59210009
111  59.88893740  017.59196555
111  59.88923160  017.59221416
111  59.88923559  017.59237084
111  59.88895266  017.59255352
111  59.88905627  017.59302214
111  59.88906025  017.59400704
111  59.88927544  017.59407058
111  59.88927145  017.59416589
111  59.88943882  017.59414206
111  59.88943484  017.59439623
111  59.88959423  017.59442800
111  59.88973769  017.59479337
111  59.88971777  017.59508725
111  59.88931529  017.59520639
111  59.88935115  017.59586563
111  59.88961633  017.59578091
111  59.88991335  017.59767325
111  59.88990804  017.59793754
111  59.88981788  017.59818069
111  59.88928218  017.59812783
111  59.88916019  017.59838155
111  59.88916549  017.59897357
111  59.88907533  017.59902643
111  59.88962959  017.60236390
111  59.88975794  017.60334887
111  59.88966168  017.60375820
111  59.88951317  017.60422871
111  59.88812885  017.60635364
111  59.88800686  017.60695624
111  59.88823991  017.60711884
111  59.88833339  017.60670672
111  59.88855410  017.60685038
111  59.88839404  017.60780198
111  59.88854786  017.60801342
111  59.88847360  017.60853144
111  59.88945508  017.60943782
111  59.88982154  017.60887597
111  59.89026316  017.60940036
111  59.89068599  017.60975620
111  59.89129675  017.60984984
111  59.89162877  017.60984158
111  59.89167699  017.60992808
111  59.89174932  017.61029332
111  59.89191808  017.61016837
111  59.89183129  017.60979352
111  59.89183129  017.60965896
111  59.89188915  017.60957245
111  59.89202898  017.60929372
111  59.89213506  017.60893809
111  59.89217363  017.60846712
111  59.89214470  017.60809226
111  59.89207685  017.60765200
111  59.89255739  017.60734506
111  59.89244979  017.60678900
111  59.89224258  017.60692405
111  59.89219874  017.60686844
111  59.89191183  017.60535915
111  59.89191980  017.60528766
111  59.89202739  017.60518439
111  59.89198356  017.60496991
111  59.89188393  017.60504935
111  59.89185604  017.60500963
111  59.89171671  017.60402691
111  59.89172635  017.60389234
111  59.89328637  017.60059988
111  59.89339913  017.60053200
111  59.89655270  017.60163127
111  59.89670771  017.60178236
111  59.89683309  017.60200240
111  59.89695672  017.60234006
111  59.89764956  017.60455465
111  59.89774460  017.60478232
111  59.89782582  017.60490144
111  59.89796081  017.60508752
111  59.89810193  017.60523074
111  59.89828350  017.60534071
111  59.89850160  017.60537959
111  59.89869005  017.60533093
111  59.89889254  017.60516925
111  59.89909475  017.60486568
111  59.89924386  017.60446036
111  59.89929488  017.60451376
111  59.89922321  017.60397939
111  59.89920833  017.60421668
111  59.89913879  017.60450511
111  59.89904274  017.60476260
111  59.89890342  017.60498773
111  59.89872724  017.60515739
111  59.89851053  017.60521182
111  59.89829058  017.60517934
111  59.89812300  017.60505839
111  59.89799456  017.60494392
111  59.89786182  017.60477942
111  59.89770331  017.60445472
111  59.89694628  017.60204985
111  59.89694262  017.60189252
111  59.89697394  017.60179991
111  59.90635363  017.60507433
111  59.90655812  017.60513958
111  59.90680698  017.60511483
111  59.90697987  017.60501102
111  59.90714532  017.60484790
111  59.90728660  017.60464770
111  59.90741859  017.60436222
111  59.90754129  017.60397294
111  59.90761123  017.60355876
111  59.90762756  017.60310281
111  59.90760046  017.60258764
111  59.90751869  017.60195750
113  59.90754590  017.60159925
111  59.89117179  017.59411731
111  59.89132004  017.59490532
111  59.89147535  017.59560890
111  59.89156712  017.59596068
111  59.89158830  017.59615769
111  59.89152476  017.59624211
111  59.89088235  017.59603104
111  59.89076233  017.59591847
111  59.89019051  017.59494753
111  59.89014109  017.59477868
111  59.89013404  017.59458168
111  59.89018345  017.59437060
111  59.89042348  017.59366702
111  59.89055055  017.59351224
111  59.89067762  017.59351224
111  59.89105883  017.59384995
113  59.89112943  017.59394846
111  59.89172949  017.59660798
111  59.89192716  017.59724119
111  59.89191304  017.59742412
111  59.89182126  017.59759298
111  59.89168007  017.59746634
111  59.89117885  017.59660798
111  59.89115061  017.59649540
111  59.89122826  017.59634062
113  59.89168713  017.59652355
111  59.89216718  017.59812770
111  59.89249898  017.59928156
111  59.89254840  017.59963335
111  59.89246368  017.59984443
111  59.89232955  017.59991478
111  59.89221660  017.59985850
111  59.89213188  017.59964743
111  59.89194128  017.59831063
111  59.89193422  017.59812770
111  59.89199069  017.59800106
113  59.89211776  017.59798698
111  59.89257006  017.60053479
111  59.89186107  017.60203309
111  59.89154189  017.60158681
111  59.89153310  017.60139641
111  59.89170214  017.60083454
111  59.89176735  017.60057915
111  59.89199774  017.60048371
111  59.89199413  017.60038515
111  59.89178082  017.60045997
111  59.89179634  017.60032376
111  59.89210879  017.60012616
111  59.89225400  017.60010913
111  59.89256152  017.60017724
113  59.89260423  017.60027939
111  59.89182462  017.60211941
111  59.89169113  017.60240691
111  59.89157818  017.60237877
113  59.89156808  017.60174812
111  59.89087929  017.59228951
111  59.89105577  017.59327451
111  59.89104166  017.59354187
111  59.89095694  017.59354187
113  59.89056867  017.59320415
111  59.89079457  017.59213472
111  59.89056867  017.59289458
111  59.89047689  017.59302122
111  59.89037100  017.59304937
111  59.89001096  017.59268351
111  59.88999684  017.59257094
111  59.89007450  017.59241615
111  59.89048395  017.59189550
111  59.89073810  017.59168443
111  59.89079457  017.59169850
113  59.89080869  017.59192365
111  59.89035688  017.59348558
111  59.89002508  017.59442837
111  59.88993331  017.59445652
111  59.88986977  017.59432987
111  59.88989095  017.59321822
111  59.88999684  017.59302122
111  59.89018039  017.59307751
111  59.89034982  017.59321822
113  59.89039218  017.59330265
111  59.89059803  017.59707974
111  59.89062433  017.59728944
111  59.89055858  017.59735060
111  59.89041393  017.59731565
111  59.89020791  017.59697489
111  59.89017284  017.59695741
111  59.89013777  017.59701858
111  59.89030873  017.59783117
111  59.89060680  017.59766515
111  59.89069447  017.59764768
111  59.89071639  017.59777000
111  59.89101007  017.59790107
111  59.89109774  017.59797970
111  59.89138705  017.59969226
111  59.89147305  017.59975820
111  59.89162005  017.60003375
111  59.89168309  017.60027902
111  59.89167432  017.60049611
111  59.89158430  017.60091551
111  59.89150404  017.60116620
111  59.89138603  017.60125425
111  59.89118541  017.60119980
111  59.89103199  017.60168441
111  59.89109774  017.60177864
111  59.89127091  017.60137731
111  59.89132933  017.60139987
111  59.89143142  017.60154757
111  59.89143292  017.60239680
111  59.89041559  017.60245327
111  59.89034163  017.60275909
111  59.89024025  017.60287267
111  59.88972708  017.60249093
111  59.88972807  017.60242706
111  59.88996848  017.60229600
111  59.89001231  017.60233969
111  59.88999478  017.60206009
111  59.88970548  017.60225231
111  59.88965288  017.60224357
111  59.88952576  017.60144847
111  59.88955644  017.60132614
111  59.88980259  017.60098673
111  59.88986766  017.60109023
111  59.88996410  017.60109023
111  59.89004029  017.60093098
111  59.88995162  017.59984212
111  59.88974236  017.59989277
111  59.88973829  017.60000121
111  59.88966078  017.60005243
111  59.88966646  017.60015024
111  59.88956082  017.60026891
111  59.88935480  017.60026891
111  59.88932412  017.59992814
111  59.88930658  017.59957865
111  59.88932412  017.59926410
111  59.88981944  017.59871364
111  59.88995052  017.59856467
111  59.89001670  017.59826803
111  59.88999478  017.59777873
111  59.89003362  017.59766875
111  59.88996116  017.59753155
111  59.88989596  017.59696831
111  59.88984162  017.59685999
111  59.88974380  017.59606568
111  59.88974380  017.59595015
111  59.88978365  017.59580573
113  59.88984524  017.59577684
111  59.88989915  017.59848943
111  59.88928770  017.59916079
111  59.88924947  017.59928911
111  59.88920157  017.59925927
111  59.88916564  017.59905040
111  59.88919857  017.59896088
111  59.88959377  017.59854911
112  59.88976143  017.59839991  59.88976742  017.59839991
113  59.88989616  017.59837604
111  59.88972794  017.60031272
111  59.88976143  017.60091830
111  59.88952192  017.60128830
111  59.88947701  017.60125846
111  59.88938420  017.60064975
111  59.88938719  017.60048862
111  59.88942312  017.60041701
113  59.88961174  017.60035733
111  59.89001793  017.59230638
111  59.88983462  017.59244141
111  59.88968319  017.59222695
111  59.88935643  017.59206809
111  59.88933651  017.59200455
111  59.88940823  017.59168683
111  59.88946801  017.59168683
111  59.88981071  017.59198866
113  59.89001394  017.59221106
111  59.89018462  017.60295620
111  59.88996923  017.60317978
111  59.88983414  017.60315139
111  59.88972775  017.60258399
113  59.89018391  017.60289722
111  59.88952223  017.60429168
111  59.88980228  017.60354743
111  59.89009400  017.60369861
111  59.89012958  017.60331922
111  59.88998534  017.60324682
111  59.89061143  017.60253752
111  59.89098779  017.60251983
111  59.89098196  017.60450100
111  59.89062492  017.60539642
111  59.88990730  017.60536154
113  59.88952223  017.60458240
111  59.89414834  017.57286665
111  59.89430526  017.57336819
111  59.89434056  017.57371497
111  59.89473258  017.57661288
111  59.89476360  017.57670185
111  59.89477176  017.57688202
111  59.89473038  017.57711534
111  59.89464820  017.57734538
111  59.89454530  017.57755343
111  59.89442084  017.57777341
111  59.89427321  017.57805206
111  59.89419547  017.57826094
111  59.89389524  017.57907106
111  59.89361475  017.57982789
111  59.89350101  017.58013479
111  59.89341031  017.58029995
111  59.89329289  017.58036580
111  59.89303842  017.58034161
111  59.89302772  017.58025699
111  59.89307787  017.58006200
111  59.89328389  017.57945907
111  59.89338909  017.57906586
111  59.89352497  017.57835808
111  59.89356881  017.57778136
111  59.89351199  017.57263255
111  59.89356925  017.57249802
111  59.89363878  017.57248579
111  59.89369808  017.57252656
111  59.89369399  017.57262439
111  59.89383509  017.57271000
113  59.89384940  017.57266516
111  59.89443797  017.57184415
111  59.89439845  017.57194263
111  59.89428318  017.57175223
111  59.89427659  017.57146993
113  59.89438527  017.57163406
111  59.89417450  017.57134519
111  59.89421402  017.57173254
111  59.89418767  017.57194263
111  59.89406911  017.57230372
111  59.89399666  017.57225776
111  59.89396043  017.57211989
111  59.89378259  017.57198202
111  59.89371673  017.57202812
111  59.89355535  017.57187041
111  59.89350266  017.57167345
111  59.89350596  017.57113510
111  59.89358829  017.57066897
111  59.89365745  017.57057049
111  59.89374966  017.57059675
111  59.89379247  017.57066240
111  59.89376942  017.57071492
111  59.89388798  017.57093158
113  59.89392091  017.57087905
111  59.89414815  017.57108914
111  59.89395714  017.57076745
111  59.89399666  017.57066897
111  59.89408558  017.57069523
113  59.89413498  017.57081997
111  59.89386822  017.57049170
111  59.89382541  017.57057705
111  59.89377271  017.57046544
111  59.89374966  017.57032101
111  59.89377930  017.57027505
111  59.89383199  017.57027505
113  59.89383049  017.57039352
111  59.89450284  017.57324910
111  59.89448473  017.57339354
112  59.89435794  017.57326355  59.89435794  017.57325632
111  59.89432171  017.57319855
111  59.89429273  017.57298912
111  59.89444126  017.57308300
113  59.89445213  017.57319133
111  59.89407537  017.57246916
111  59.89410435  017.57270025
111  59.89387975  017.57254137
111  59.89390511  017.57239694
113  59.89397394  017.57236805
111  59.89372035  017.57239694
111  59.89361892  017.57230305
111  59.89357182  017.57218029
111  59.89362254  017.57213695
111  59.89365877  017.57216584
111  59.89369499  017.57225972
113  59.89375295  017.57231028
111  59.89368438  017.58735811
111  59.89368438  017.58726507
111  59.89363187  017.58691616
111  59.89349185  017.58675333
111  59.89327014  017.58673007
111  59.89296676  017.58703869
111  59.89293759  017.58690453
111  59.89298426  017.58668355
111  59.89300176  017.58645094
111  59.89303094  017.58636953
111  59.89353852  017.58621834
111  59.89365521  017.58634627
111  59.89394693  017.58627649
111  59.89403444  017.58605552
111  59.89451286  017.58591595
111  59.89454786  017.58596247
111  59.89410445  017.58683475
113  59.89375439  017.58732322
111  59.89400581  017.58593649
111  59.89396730  017.58570622
111  59.89416625  017.58571901
113  59.89448714  017.58579577
111  59.89374268  017.58587253
111  59.89371059  017.58602604
111  59.89360791  017.58603884
111  59.89355656  017.58598767
111  59.89360149  017.58583415
113  59.89371059  017.58579577
111  59.89305598  017.58615398
111  59.89292762  017.58620515
111  59.89278002  017.58614118
111  59.89278002  017.58607722
113  59.89307523  017.58600046
111  59.89294046  017.58484908
111  59.89291479  017.58496421
111  59.89278643  017.58498980
111  59.89275435  017.58487466
111  59.89279927  017.58478511
113  59.89290837  017.58477232
111  59.89228585  017.58507935
111  59.89211257  017.58515611
111  59.89199705  017.58511773
111  59.89202272  017.58502818
113  59.89224093  017.58497701
111  59.89368857  017.58869868
111  59.89374633  017.59020827
111  59.89372707  017.59070720
111  59.89365006  017.59106541
111  59.89351529  017.59134686
111  59.89337410  017.59146200
111  59.89314306  017.59134686
111  59.89295694  017.59110379
111  59.89280791  017.59094044
111  59.89224712  017.59054983
111  59.89227326  017.59004196
111  59.89196582  017.58999803
111  59.89195577  017.59041296
111  59.89175825  017.59016658
111  59.89168076  017.58937530
111  59.89171831  017.58910806
111  59.89198786  017.58831489
111  59.89240502  017.58799506
111  59.89255262  017.58796948
111  59.89274516  017.58743216
111  59.89327986  017.58682994
111  59.89347975  017.58687425
111  59.89360561  017.58708971
111  59.89359170  017.58779351
111  59.89355379  017.58795668
113  59.89362439  017.58859634
111  59.89288878  017.59112251
111  59.89282217  017.59160272
111  59.89273232  017.59171786
111  59.89264889  017.59169227
111  59.89261038  017.59146200
111  59.89261680  017.59124451
111  59.89255904  017.59124451
111  59.89252054  017.59082234
113  59.89278366  017.59100145
111  59.89226715  017.59065603
111  59.89217398  017.59092469
111  59.89178962  017.59082992
111  59.89179150  017.59073263
111  59.89192392  017.59055511
113  59.89222457  017.59062093
111  59.89176847  017.59055795
111  59.89175896  017.59026277
111  59.89192344  017.59047408
113  59.89181827  017.59060400
111  59.89207129  017.58798227
111  59.89193010  017.58826372
111  59.89167981  017.58903130
111  59.89163549  017.58903476
111  59.89156429  017.58816137
111  59.89142540  017.58690765
111  59.89142479  017.58660278
111  59.89150414  017.58634952
111  59.89162847  017.58630637
111  59.89177608  017.58643430
111  59.89192368  017.58706116
111  59.89193652  017.58731703
111  59.89184667  017.58740658
111  59.89190443  017.58776479
113  59.89203920  017.58775199
111  59.89293769  017.58657503
111  59.89284784  017.58699720
111  59.89248845  017.58731703
111  59.89232800  017.58790551
111  59.89218681  017.58807182
111  59.89212263  017.58804624
111  59.89212263  017.58724027
111  59.89234726  017.58708675
111  59.89218681  017.58634475
111  59.89198786  017.58634475
111  59.89190443  017.58674134
111  59.89182742  017.58642151
111  59.89171190  017.58626799
111  59.89158996  017.58621682
111  59.89147444  017.58630637
111  59.89139331  017.58657044
111  59.89134609  017.58621682
111  59.89127549  017.58580744
111  59.89112929  017.58527009
111  59.89131400  017.58480958
111  59.89149369  017.58469444
111  59.89164130  017.58483516
111  59.89280292  017.58639592
113  59.89291202  017.58640872
111  59.89110967  017.58536787
111  59.89122983  017.58580788
111  59.89131292  017.58623388
111  59.89135040  017.58651104
111  59.89140476  017.58711473
111  59.89152926  017.58816875
111  59.89160666  017.58912703
111  59.89171712  017.59016949
111  59.89172679  017.59055682
111  59.89168432  017.59086071
111  59.89157560  017.59104203
111  59.89120286  017.59120125
111  59.89109657  017.59114443
111  59.89094660  017.59124769
111  59.89085011  017.59137537
111  59.89052676  017.58938429
111  59.89047290  017.58900320
111  59.89044184  017.58834325
111  59.89048843  017.58765650
113  59.89061268  017.58689802
111  59.89208923  017.60845738
111  59.89204583  017.60896678
111  59.89193493  017.60932241
111  59.89182885  017.60949542
111  59.89173242  017.60943775
111  59.89175170  017.60929358
111  59.89200726  017.60848621
113  59.89204101  017.60843815
111  59.89176617  017.60891873
111  59.89156365  017.60964920
111  59.89144311  017.60971648
111  59.89125024  017.60967804
111  59.89118274  017.60959153
111  59.89093683  017.60875533
111  59.89094647  017.60867844
111  59.89142382  017.60806330
111  59.89153955  017.60848621
111  59.89162152  017.60854388
111  59.89162152  017.60863999
111  59.89157330  017.60883222
111  59.89164080  017.60895717
113  59.89168902  017.60880339
111  59.89087726  017.60879349
111  59.89110388  017.60962007
111  59.89106048  017.60967774
111  59.89083868  017.60964890
111  59.89067956  017.60954318
111  59.89063135  017.60945667
111  59.89083386  017.60928367
111  59.89088208  017.60912028
113  59.89078564  017.60900494
111  59.89048187  017.60893766
111  59.89052045  017.60911066
111  59.89047705  017.60933173
111  59.89039508  017.60938939
111  59.89004309  017.60896649
111  59.89004309  017.60887038
111  59.89006238  017.60878388
113  59.89037097  017.60881271
111  59.89069813  017.60823138
111  59.89068495  017.60842832
111  59.89049723  017.60837581
111  59.89046101  017.60833642
111  59.89050053  017.60811322
111  59.89024694  017.60790315
111  59.89047089  017.60767995
111  59.89053346  017.60771278
111  59.89052029  017.60786376
111  59.89050382  017.60793598
113  59.89064214  017.60828390
111  59.89103734  017.60775217
111  59.89105380  017.60804101
111  59.89093195  017.60831672
111  59.89082986  017.60836268
111  59.89063884  017.60773904
111  59.89066190  017.60768652
111  59.89076070  017.60800162
111  59.89080351  017.60794910
111  59.89072777  017.60766682
113  59.89092866  017.60738455
111  59.89180468  017.60657710
111  59.89187055  017.60695128
111  59.89153463  017.60725982
111  59.89150828  017.60714165
111  59.89166966  017.60681342
112  59.89170918  017.60659023  59.89171247  017.60659023
113  59.89177504  017.60650488
111  59.89170588  017.60592063
111  59.89172894  017.60623573
111  59.89161696  017.60667556
111  59.89137326  017.60698410
111  59.89131068  017.60682655
111  59.89136996  017.60674778
111  59.89135020  017.60664274
111  59.89124811  017.60659679
111  59.89112626  017.60588781
111  59.89127775  017.60576308
111  59.89124482  017.60556614
112  59.89109003  017.60565148  59.89109003  017.60563835
111  59.89104722  017.60456175
111  59.89106368  017.60453549
111  59.89114602  017.60491624
113  59.89148627  017.60467977
111  59.89108896  017.60602705
111  59.89117819  017.60649396
111  59.89118563  017.60663477
111  59.89111870  017.60669777
111  59.89096255  017.60615674
111  59.89095883  017.60606410
111  59.89098486  017.60595664
113  59.89105736  017.60594182
111  59.89088261  017.60536744
111  59.89101646  017.60568983
111  59.89100716  017.60578618
111  59.89070601  017.60590476
111  59.89069485  017.60602705
111  59.89050709  017.60631609
111  59.89028773  017.60552308
111  59.89062979  017.60553790
111  59.89071716  017.60536003
113  59.89079710  017.60532297
111  59.89062045  017.60630441
111  59.89071299  017.60660281
111  59.89066944  017.60672217
111  59.89081098  017.60716162
111  59.89066400  017.60736778
111  59.89053336  017.60737320
111  59.89047811  017.60723675
111  59.89045523  017.60753823
111  59.89025094  017.60774729
111  59.88996837  017.60752286
111  59.89018918  017.60708391
111  59.89009025  017.60683649
111  59.89019283  017.60644128
113  59.89052077  017.60642141
111  59.88976310  017.60567508
111  59.88991007  017.60595719
114  59.88955352  017.60661366  59.88955352  017.60660281
111  59.88989646  017.60543636
111  59.88996179  017.60577273
111  59.88989374  017.60579443
113  59.88979848  017.60556657
111  59.89005977  017.60610910
111  59.89015231  017.60640207
111  59.89010060  017.60664078
111  59.88954536  017.60771500
111  59.88949365  017.60761735
111  59.88949637  017.60735693
111  59.88944465  017.60704769
111  59.88964334  017.60679812
111  59.88961340  017.60667334
111  59.88982298  017.60637494
111  59.88991007  017.60611995
113  59.89001622  017.60603857
111  59.88897527  017.60531165
111  59.88924203  017.60604031
111  59.88951538  017.60634228
111  59.88948574  017.60652609
111  59.88922227  017.60628320
111  59.88890611  017.60552171
113  59.88889623  017.60535103
111  59.88908755  017.60607345
111  59.88917123  017.60631968
111  59.88911146  017.60671683
111  59.88932664  017.60696306
111  59.88928679  017.60709809
111  59.88919116  017.60708221
111  59.88883650  017.60668506
111  59.88886439  017.60647060
111  59.88859740  017.60595431
113  59.88882454  017.60552539
111  59.88998658  017.60874801
111  59.88997597  017.60883258
111  59.88953575  017.60832513
113  59.88956227  017.60831456
130 Airport Boundary
111  59.89580682  017.56566107
111  59.89293079  017.56560641
111  59.89292430  017.57897401
111  59.88636374  017.59146299
111  59.88800001  017.60886821
111  59.89203239  017.61230856
111  59.89968495  017.61240792
111  59.90816010  017.60694278
111  59.90963917  017.60108340
113  59.89821650  017.58384418
120 Linear Feature 25
111  59.89152236  017.59902431 1 101
111  59.89136482  017.59823928 1 101
112  59.88993386  017.59571408  59.88976976  017.59538698 1 101
115  59.88985509  017.59488979
120 Linear Feature 24
111  59.89212199  017.59778131 1 101
112  59.89198633  017.59772380  59.89190563  017.59777742
111  59.89198633  017.59772380
112  59.89198633  017.59772380  59.89205807  017.59764337 1 101
115  59.89201381  017.59739473
120 Linear Feature 23
111  59.89264090  017.59952009 1 101
112  59.89266780  017.59984181  59.89263642  017.59995799 1 101
115  59.89256020  017.60002948
120 Linear Feature 22
111  59.89314303  017.60029758 1 101
111  59.89262460  017.60004879 1 101
111  59.89220153  017.60001161 1 101
111  59.89195635  017.60002120 1 101
112  59.89174854  017.59998494  59.89171268  017.59990451 1 101
112  59.89160973  017.59959158  59.89157387  017.59938603 1 101
112  59.89152007  017.59893026  59.89150662  017.59869790 1 101
111  59.89160525  017.59850130 1 101
115  59.89199082  017.59772380
120 Linear Feature 21
111  59.89178140  017.59755931 4
115  59.89193383  017.59804971
120 Linear Feature 21
111  59.89253594  017.60058288 4
115  59.89318080  017.60077251
120 Linear Feature 20
111  59.89377678  017.58454797 1 101
111  59.89334808  017.58457238 1 101
111  59.89313679  017.58461512 1 101
115  59.89181087  017.58499969
120 Linear Feature 19
111  59.89396664  017.58479214 1 101
112  59.89360224  017.58482877  59.89352875  017.58485319 1 101
115  59.89203135  017.58528660
120 Linear Feature 7
111  59.89395603  017.57049361 4
115  59.89399905  017.57037757
120 Linear Feature 7
111  59.89383708  017.57076605 4
115  59.89388010  017.57065001
120 Linear Feature 7
111  59.89373332  017.57258229 4
115  59.89375610  017.57244103
120 Linear Feature 7
111  59.89379659  017.57222409 4
115  59.89381937  017.57208283
120 Linear Feature 10
111  59.90570646  017.60475825 1 101
112  59.90564203  017.60467051  59.90561846  017.60462350 1 101
112  59.90559960  017.60455770  59.90559175  017.60453576 1 101
112  59.90555718  017.60443235  59.90554932  017.60439788 1 101
112  59.90550846  017.60418792  59.90549747  017.60413151 1 101
112  59.90546918  017.60388395  59.90546447  017.60384008 1 101
112  59.90545975  017.60360191  59.90546289  017.60354237 1 101
112  59.90547547  017.60347030  59.90548489  017.60342956 1 101
115  59.90553130  017.60329997
120 Linear Feature 16
111  59.89153138  017.58465305 1 101
111  59.89279949  017.58627863 1 101
112  59.89296766  017.58630025  59.89303196  017.58627584 1 101
115  59.89475126  017.58577731
120 Linear Feature 15
111  59.89148329  017.58416875 1 101
112  59.89153391  017.58465305  59.89164779  017.58481952
111  59.89153391  017.58465305
112  59.89153391  017.58465305  59.89140484  017.58453197 1 101
115  59.89130867  017.58464296
120 Linear Feature 14
111  59.89202705  017.58338899 4
115  59.89205489  017.58353882
120 Linear Feature 13
111  59.89152319  017.58406045 1 101
112  59.89181548  017.58364425  59.89192962  017.58354992 1 101
112  59.89210221  017.58341673  59.89215232  017.58340008 1 101
112  59.89236111  017.58332794  59.89243349  017.58331684 1 101
112  59.89263114  017.58332794  59.89278981  017.58334459 1 101
112  59.89311552  017.58341673  59.89319346  017.58344448
111  59.89311552  017.58341673
112  59.89311552  017.58341673  59.89324914  017.58346113 1 101
115  59.89327976  017.58346668
120 Linear Feature 12
111  59.89294292  017.58165760 4
115  59.89287333  017.58167425
120 Linear Feature 11
111  59.89312048  017.57976558 1 101
112  59.89300833  017.58020804  59.89298138  017.58039605 1 101
111  59.89296110  017.58052342 1 101
112  59.89292296  017.58093008  59.89291623  017.58110466 1 101
111  59.89291301  017.58148724 1 101
112  59.89292985  017.58194384  59.89294332  017.58209156 1 101
111  59.89299385  017.58238029 1 101
112  59.89312185  017.58301818  59.89314206  017.58311890
111  59.89312185  017.58301818
112  59.89312185  017.58301818  59.89318585  017.58330691 1 101
115  59.89327679  017.58346807
120 Linear Feature 9
111  59.90589391  017.60028116 1 101
111  59.90595668  017.60094278 1 101
111  59.90595220  017.60154180 1 101
111  59.90588495  017.60210507 1 101
111  59.90579080  017.60257893 1 101
111  59.90561595  017.60310643 1 101
111  59.90549490  017.60338359 1 101
112  59.90528418  017.60373228  59.90523822  017.60377730 1 101
112  59.90503830  017.60399985  59.90496397  017.60405156 1 101
112  59.90473689  017.60418340  59.90465047  017.60421443 1 101
112  59.90449448  017.60427067  59.90441324  017.60429824 1 101
115  59.90433218  017.60428899
120 Linear Feature 8
111  59.90551349  017.60321695 4
115  59.90558937  017.60333941
120 Linear Feature 8
111  59.90754650  017.60352432 4
115  59.90761097  017.60355577
120 Linear Feature 7
111  59.89317342  017.57978550 4
115  59.89309945  017.57968513
120 Linear Feature 7
111  59.89458364  017.57345006 4
115  59.89456087  017.57359636
120 Linear Feature 7
111  59.89454568  017.57303635 4
115  59.89452291  017.57318266
120 Linear Feature 7
111  59.89437866  017.57188102 4
115  59.89433057  017.57200210
120 Linear Feature 7
111  59.89431792  017.57133110 4
115  59.89426984  017.57145218
120 Linear Feature 7
111  59.89406232  017.56966621 4
115  59.89409268  017.56982765
120 Linear Feature 5
111  59.89480472  017.57019438 1 101
112  59.89460001  017.56978040  59.89445609  017.56966442 1 101
111  59.89443666  017.56968408 1 101
112  59.89422500  017.56967491  59.89414845  017.56968102 1 101
112  59.89397193  017.56980333  59.89392906  017.56982775 1 101
112  59.89382654  017.56997817  59.89380816  017.57000259 1 101
111  59.89369797  017.57020082 1 101
112  59.89361615  017.57041053  59.89358163  017.57049901 1 101
112  59.89350702  017.57078075  59.89348236  017.57087906 1 101
111  59.89345640  017.57120958 1 101
111  59.89345387  017.57174941 1 101
112  59.89352702  017.57770522  59.89352472  017.57787033 1 101
111  59.89350820  017.57805963 1 101
112  59.89345330  017.57852759  59.89343490  017.57864684 1 101
112  59.89335497  017.57902398  59.89334576  017.57906067 1 101
111  59.89328166  017.57930612 1 101
111  59.89322098  017.57948860 1 101
111  59.89313380  017.57972784 1 101
111  59.89105792  017.58532307 1 101
111  59.89071603  017.58637025 1 101
111  59.89056108  017.58691412 1 101
111  59.89048024  017.58738414 1 101
111  59.89041590  017.58791962 1 101
111  59.89040900  017.58847453 1 101
111  59.89042740  017.58888728 1 101
111  59.89048492  017.58935505 1 101
112  59.89134621  017.59478260  59.89140746  017.59513054 1 101
111  59.89151458  017.59554917 1 101
111  59.89168763  017.59627443 1 101
111  59.89209066  017.59766611 1 101
112  59.89259651  017.59939737  59.89266725  017.59960553 1 101
111  59.89282893  017.59986069 1 101
112  59.89315230  017.60029715  59.89324846  017.60033751 1 101
111  59.89350598  017.60044487 1 101
111  59.89710071  017.60174771 1 101
115  59.89900441  017.60242206
120 Linear Feature 6
111  59.89939939  017.60256670 1 101
111  59.90630257  017.60496966 1 101
112  59.90658525  017.60507238  59.90664824  017.60508716 1 101
111  59.90675050  017.60505095 1 101
111  59.90691353  017.60498593 1 101
111  59.90703168  017.60489450 1 101
111  59.90717453  017.60472007 1 101
111  59.90734926  017.60442735 1 101
111  59.90745671  017.60413918 1 101
111  59.90753822  017.60380667 1 101
112  59.90758027  017.60353456  59.90759558  017.60336357 1 101
111  59.90759380  017.60311210 1 101
112  59.90756929  017.60270286  59.90755358  017.60256326 1 101
112  59.90742707  017.60195202  59.90736992  017.60177254 1 101
115  59.90729484  017.60169510
120 Linear Feature 35
111  59.89345734  017.57220243 1 101
112  59.89357983  017.57238556  59.89368839  017.57243551
111  59.89357983  017.57238556
112  59.89357983  017.57238556  59.89351023  017.57233561 1 101
115  59.89346291  017.57247435
120 Linear Feature 34
112  59.89345456  017.57175847  59.89345456  017.57176402 1 101
112  59.89357147  017.57199710  59.89365499  017.57205814
111  59.89357147  017.57199710
112  59.89357147  017.57199710  59.89349910  017.57195825 1 101
115  59.89346291  017.57209144
120 Linear Feature 33
111  59.89368350  017.57024174 1 101
112  59.89373045  017.57051692  59.89378004  017.57061577
111  59.89373045  017.57051692
112  59.89373045  017.57051692  59.89367024  017.57044867 1 101
115  59.89358487  017.57050986
120 Linear Feature 32
111  59.89385835  017.56993787 1 101
112  59.89392726  017.57033582  59.89404382  017.57058607
111  59.89392726  017.57033582
112  59.89392726  017.57033582  59.89383759  017.57014813 1 101
115  59.89371937  017.57016130
120 Linear Feature 31
111  59.89516748  017.57419207 1 101
112  59.89492538  017.57380776  59.89481330  017.57368264 1 101
112  59.89441428  017.57343239  59.89432461  017.57337877 1 101
111  59.89431116  017.57326258 1 101
112  59.89411838  017.57252078  59.89407803  017.57236884 1 101
111  59.89399733  017.57233309 1 101
115  59.89356693  017.57199347
120 Linear Feature 30
111  59.89509126  017.57370051 1 101
112  59.89475950  017.57328045  59.89462948  017.57317321 1 101
111  59.89460258  017.57316427 1 101
111  59.89388076  017.57262802 1 101
115  59.89358487  017.57238671
120 Linear Feature 29
111  59.89491193  017.57240459 1 101
111  59.89445463  017.57166278 1 101
115  59.89372975  017.57051457
120 Linear Feature 28
111  59.89500160  017.57300340 1 101
111  59.89429776  017.57186832 1 101
112  59.89423943  017.57165385  59.89423046  017.57149297 1 101
112  59.89417218  017.57085842  59.89414976  017.57064392 1 101
115  59.89392560  017.57033111
120 Linear Feature 27
111  59.89881022  017.60509326 4
115  59.89884160  017.60521836
120 Linear Feature 18
111  59.89470278  017.58574081 1 101
111  59.89446240  017.58567671 1 101
111  59.89408300  017.58564676 1 101
111  59.89386252  017.58567117 1 101
115  59.89261010  017.58604354
120 Linear Feature 26
111  59.89930416  017.60324658 1 101
112  59.89930769  017.60397919  59.89925065  017.60425490 1 101
112  59.89916872  017.60456733  59.89912205  017.60471897 1 101
112  59.89899573  017.60495050  59.89896807  017.60499530 1 101
112  59.89882350  017.60516814  59.89874572  017.60523362 1 101
112  59.89847677  017.60529515  59.89832293  017.60528481 1 101
111  59.89820593  017.60522548 1 101
112  59.89787393  017.60487714  59.89773046  017.60464968 1 101
112  59.89763449  017.60436859  59.89759300  017.60423763 1 101
112  59.89689946  017.60204429  59.89682354  017.60179201 1 101
115  59.89665953  017.60158528
21  59.89561733  017.58539592 2 33.1200 3.00 03  PAPI-4L
21  59.89553306  017.57243018 2 74.8100 3.00 08  PAPI-4L
21  59.90490524  017.59964489 2 213.1200 3.00 21  PAPI-4L
21  59.89860468  017.60144626 2 254.8100 3.00 26  PAPI-4L
14  59.89052516  017.59764017  98.43 0 Tower view
15  59.89161182  017.60357212 304.87 Transports
15  59.89069149  017.59650509 304.87 Fighters
1300  59.88905332  017.59125878  90.00 misc helos Helicopters
1301 B none 
1300  59.89397936  017.57043989  40.00 misc heavy|jets|turboprops|props QRA stand 1
1301 E none 
1300  59.89442400  017.58596600 350.00 misc heavy|jets|turboprops|props QRA stand 2
1301 E none 
18  59.89153012  017.59370981 1 BCN
19  59.89451290  017.57094688 1 WS
19  59.89882040  017.60348595 1 WS
19  59.89281663  017.58414794 1 WS
19  59.90638816  017.60200082 1 WS
54 11920 TWR
55 13040 APP
55 13420 STOCKHOLM TCA
99
