A
1000 Generated by WorldEditor

1    190 1 0 ESDF Ronneby Kallinge
100 45.00 1 0 0.25 0 3 1 01  56.25710652  015.26280167    0  100 2 3 0 0 19  56.27781252  015.26848794    0  100 3 12 0 0
100 45.00 3 0 0.25 0 0 0 01L  56.25864737  015.26127308    0    0 1 0 0 0 19R  56.26538373  015.26317769    0    0 1 0 0 0
102 H1  56.25447187  015.27920917  17.15 50.00 50.00 2 0 0 0.00 1
110 2 0.00 0.0000 Asphalt club area
111  56.25876746  015.25509180
111  56.25875604  015.25518091
111  56.25891596  015.25572244
111  56.25901876  015.25561276
113  56.25885504  015.25503696
110 3 0.25 0.0000 Grass taxi club area
111  56.25838768  015.26110521
111  56.25765795  015.26085130
111  56.25752917  015.26067467
111  56.25735134  015.26010062
111  56.25730841  015.25954866
111  56.25744945  015.25891941
111  56.25878515  015.25565180
111  56.25886205  015.25580897
111  56.25901809  015.25591665
111  56.25909316  015.25584611
111  56.25875094  015.25465157
111  56.25870341  015.25494281
111  56.25872941  015.25543441
111  56.25736717  015.25871075
111  56.25717830  015.25952434
111  56.25722552  015.26020435
111  56.25738741  015.26075080
111  56.25761001  015.26109080
111  56.25837101  015.26141867
111  56.25863474  015.26153340
113  56.25867112  015.26107749
110 2 0.00 0.0000 Concrete
111  56.25519221  015.26687742
111  56.25513213  015.26744388
111  56.25535241  015.26751597
113  56.25540962  015.26695466
110 2 0.25 0.0000 Concrete
111  56.26390872  015.27537399
111  56.26335632  015.27335744
111  56.26329550  015.27328445
111  56.26292048  015.27306545
111  56.26283432  015.27314758
111  56.26286473  015.27339394
111  56.26277351  015.27362206
111  56.26253531  015.27384105
111  56.26270762  015.27454365
111  56.26261133  015.27506375
111  56.26403542  015.27598534
113  56.26412158  015.27552911
110 2 0.25 0.0000 Concrete
111  56.26191264  015.27192888
111  56.26195071  015.27230596
111  56.26339380  015.27180548
113  56.26335573  015.27142154
110 2 0.25 0.0000 Concrete
111  56.26547787  015.27066640
111  56.26551595  015.27104348
111  56.26695903  015.27054299
113  56.26692096  015.27015906
110 2 0.25 0.0000 Concrete
111  56.25773242  015.27522665
111  56.25765822  015.27503965
111  56.25679750  015.27597463
111  56.25672330  015.27612155
111  56.25654721  015.27649262
111  56.25639458  015.27652088
111  56.25574418  015.27575623
111  56.25572902  015.27565993
111  56.25563548  015.27556291
111  56.25563577  015.27546098
111  56.25548764  015.27545778
111  56.25548389  015.27575303
111  56.25555238  015.27574939
111  56.25567550  015.27588951
111  56.25571926  015.27585879
111  56.25636468  015.27661185
111  56.25640388  015.27689267
111  56.25557701  015.27947050
111  56.25566417  015.27957078
111  56.25594420  015.27865934
111  56.25607034  015.27856585
111  56.25615569  015.27863602
111  56.25579953  015.27967778
111  56.25593871  015.27981460
111  56.25627806  015.27876945
111  56.25634488  015.27891312
111  56.25635230  015.27912683
111  56.25609260  015.27991488
111  56.25635042  015.28017877
111  56.25730948  015.27759080
111  56.25714624  015.27740380
111  56.25779920  015.27658904
111  56.25781404  015.27677604
111  56.25780662  015.27696303
111  56.25788082  015.27700310
111  56.25913501  015.27556823
111  56.25911352  015.27531872
111  56.25916564  015.27512859
111  56.25951486  015.27467837
111  56.25930545  015.27402793
111  56.25926835  015.27381422
113  56.25934997  015.27351366
111  56.25745684  015.27676235
111  56.25723385  015.27622043
111  56.25723943  015.27595950
111  56.25731747  015.27564839
111  56.25753489  015.27537743
111  56.25769098  015.27531721
111  56.25779133  015.27534732
111  56.25795299  015.27575878
111  56.25799759  015.27608996
111  56.25794184  015.27629068
111  56.25786380  015.27638100
113  56.25781363  015.27630071
110 1 0.25 0.0000 Asphalt taxi & areas
111  56.27736068  015.26873018
111  56.27749944  015.26908296
111  56.27759738  015.26955332
111  56.27758922  015.27002368
111  56.27749944  015.27037646
111  56.27727090  015.26968561
111  56.27696891  015.26943573
111  56.27674229  015.26896063
111  56.27644654  015.26845091
111  56.27631595  015.26843621
111  56.27668796  015.26905383
111  56.27697707  015.26967091
111  56.27727090  015.27056754
111  56.27727906  015.27084682
111  56.27682199  015.27108200
111  56.27669956  015.27083212
111  56.27667508  015.27064104
111  56.27674962  015.26992710
111  56.27664311  015.26949949
111  56.27647919  015.26930344
111  56.27617720  015.26909766
111  56.27589295  015.26866179
111  56.27545894  015.26818633
111  56.27506717  015.26808343
111  56.27557321  015.26893597
111  56.27578542  015.26936224
111  56.27606293  015.27025887
111  56.27607925  015.27053814
111  56.27600580  015.27065574
111  56.27580175  015.27056754
111  56.27552424  015.26962681
111  56.27523857  015.26899476
111  56.27493919  015.26849341
111  56.27452032  015.26796584
111  56.27430811  015.26789235
111  56.27487553  015.26858417
111  56.27514879  015.26900946
111  56.27527122  015.26974441
111  56.27545894  015.27024417
111  56.27545894  015.27047935
111  56.27532835  015.27056754
111  56.27370412  015.27009718
111  56.27346742  015.26993549
111  56.27160649  015.26727500
111  56.27167995  015.26715741
111  56.27104332  015.26699572
111  56.27296954  015.26964151
111  56.27293589  015.26988953
111  56.27162327  015.26954513
111  56.27098373  015.26941908
111  56.27061440  015.26939065
111  56.26745557  015.26962125
111  56.26744664  015.26947996
111  56.26748795  015.26921278
111  56.26760058  015.26872685
111  56.26773977  015.26815458
111  56.26781970  015.26763158
111  56.26784334  015.26718032
111  56.26780860  015.26655652
111  56.26775506  015.26608644
111  56.26761215  015.26604116
111  56.26768172  015.26624785
111  56.26772418  015.26658871
111  56.26774668  015.26718429
111  56.26773940  015.26739465
111  56.26759211  015.26735821
111  56.26746081  015.26743747
111  56.26740971  015.26754855
111  56.26739479  015.26766483
111  56.26744609  015.26783028
111  56.26755096  015.26806581
111  56.26761002  015.26823581
111  56.26755917  015.26842371
111  56.26746286  015.26846275
111  56.26718558  015.26815555
111  56.26711669  015.26831350
111  56.26740642  015.26860937
111  56.26745659  015.26887274
111  56.26717142  015.26934903
111  56.26680718  015.26977092
111  56.26103506  015.27193953
111  56.26091380  015.27193565
111  56.26070193  015.27170984
111  56.26006894  015.27082707
111  56.25700178  015.26618952
111  56.25684596  015.26591044
111  56.25673466  015.26549638
111  56.25669756  015.26525596
111  56.25675692  015.26518918
111  56.25729858  015.26476177
111  56.25746182  015.26484191
111  56.25757312  015.26486862
111  56.25780314  015.26456142
111  56.25786992  015.26426757
111  56.25875289  015.26359974
111  56.25855255  015.26355967
111  56.25718728  015.26466827
111  56.25699436  015.26454806
111  56.25668272  015.26473506
111  56.25663078  015.26464156
111  56.25662707  015.26428117
111  56.25664611  015.26400699
111  56.25669180  015.26379451
111  56.25680310  015.26361804
111  56.25704210  015.26315019
111  56.25680603  015.26308165
111  56.25552419  015.26581159
111  56.25515678  015.26606022
111  56.25501740  015.26571124
111  56.25507465  015.26572002
111  56.25509510  015.26552126
111  56.25489962  015.26547879
111  56.25489577  015.26552878
111  56.25472469  015.26548317
111  56.25469686  015.26586864
111  56.25424200  015.26570212
111  56.25406969  015.26769998
111  56.25425721  015.26777296
111  56.25412037  015.26906838
111  56.25404435  015.26905926
111  56.25403422  015.26921434
111  56.25426227  015.26935118
111  56.25438391  015.26916873
111  56.25441431  015.26888593
111  56.25448526  015.26890417
111  56.25431736  015.27036676
111  56.25438966  015.27038926
111  56.25443735  015.27002023
111  56.25470962  015.27006145
111  56.25478898  015.27001403
111  56.25506421  015.26938651
111  56.25555365  015.26953342
111  56.25585015  015.26635592
111  56.25591392  015.26617197
111  56.25629459  015.26558610
111  56.25641325  015.26552586
111  56.25658769  015.26580422
111  56.25695246  015.26640226
111  56.25987854  015.27073794
111  56.25995932  015.27101515
111  56.26000371  015.27143687
111  56.26002244  015.27180313
111  56.25995310  015.27236663
111  56.25983382  015.27268778
111  56.25976190  015.27279682
111  56.25946079  015.27312808
111  56.25809948  015.27457038
111  56.25794146  015.27457038
111  56.25787233  015.27446371
111  56.25721064  015.27249043
111  56.25714150  015.27254376
111  56.25786245  015.27458816
111  56.25784270  015.27483704
111  56.25678300  015.27598583
111  56.25673578  015.27594940
111  56.25654016  015.27550012
111  56.25654016  015.27541512
111  56.25652667  015.27520870
111  56.25643224  015.27506298
111  56.25631756  015.27516013
111  56.25626360  015.27536655
111  56.25630407  015.27550012
111  56.25639176  015.27560940
111  56.25649969  015.27558512
111  56.25672903  015.27609511
111  56.25656040  015.27642296
111  56.25641874  015.27686010
111  56.25552835  015.27962862
111  56.25552835  015.27996861
111  56.25542717  015.28004147
111  56.25498871  015.27979862
111  56.25496848  015.27971362
111  56.25575992  015.27546369
111  56.25544066  015.27526941
111  56.25475937  015.27886869
111  56.25429393  015.27860864
111  56.25413879  015.27954362
111  56.25491362  015.27996891
111  56.25496173  015.27994433
111  56.25506291  015.27998076
111  56.25542042  015.28018718
111  56.25542717  015.28029646
111  56.25525178  015.28113431
111  56.25492800  015.28205715
111  56.25483357  015.28228786
111  56.25473239  015.28324713
111  56.25477286  015.28335641
111  56.25546089  015.28359926
111  56.25556882  015.28352641
111  56.25563627  015.28297999
111  56.25573672  015.28277741
111  56.25586928  015.28156104
111  56.25571446  015.28117458
111  56.25555864  015.28112115
111  56.25553638  015.28072045
111  56.25559574  015.28057352
111  56.25569220  015.28053345
111  56.25572188  015.28029302
111  56.25561800  015.28001253
111  56.25562451  015.27966423
111  56.25657878  015.28067903
111  56.25755703  015.27789481
111  56.25715980  015.27741284
111  56.25774583  015.27663825
111  56.25781144  015.27677304
111  56.25780977  015.27694884
111  56.25789050  015.27700376
111  56.25984653  015.27478351
111  56.25971297  015.27428925
111  56.26016559  015.27370148
111  56.26018043  015.27350111
111  56.26003945  015.27319386
111  56.25995041  015.27320722
111  56.25986137  015.27288662
111  56.26051656  015.27238701
111  56.26081870  015.27223612
111  56.26092367  015.27225051
111  56.26096338  015.27237546
111  56.26098779  015.27264873
111  56.26102009  015.27285083
111  56.26113179  015.27310098
111  56.26169538  015.27341186
111  56.26196164  015.27343549
111  56.26220072  015.27332616
111  56.26245142  015.27329646
111  56.26269382  015.27348033
111  56.26276659  015.27362533
111  56.26253877  015.27384246
111  56.26271150  015.27454451
111  56.26248011  015.27559465
111  56.26394560  015.27648842
111  56.26412764  015.27552421
111  56.26391471  015.27535117
111  56.26366098  015.27432147
111  56.26367619  015.27404347
111  56.26567978  015.27321819
111  56.26558492  015.27240972
111  56.26606148  015.27226613
111  56.26609306  015.27245725
111  56.26655644  015.27230068
111  56.26662106  015.27279497
111  56.26681619  015.27273269
111  56.26683454  015.27260141
111  56.26692316  015.27256793
111  56.26689856  015.27214330
111  56.26684937  015.27172910
111  56.26689072  015.27152498
111  56.26691462  015.27105163
111  56.26712783  015.27093593
111  56.26741420  015.26989101
111  56.27062152  015.26967770
111  56.27097143  015.26971083
111  56.27159060  015.26982460
111  56.27277887  015.27013078
111  56.27677882  015.27123425
111  56.27704726  015.27122330
111  56.27728039  015.27109551
111  56.27747804  015.27087645
111  56.27765035  015.27053873
111  56.27775678  015.27008234
111  56.27777705  015.26963509
111  56.27774664  015.26924260
113  56.27764528  015.26880447
111  56.26774619  015.26747081
111  56.26771158  015.26784480
111  56.26766438  015.26811113
111  56.26764435  015.26816264
111  56.26752134  015.26788447
111  56.26744696  015.26769387
111  56.26745268  015.26758053
111  56.26748701  015.26749296
113  56.26759572  015.26742599
111  56.26076857  015.27200500
111  56.26046471  015.27213443
111  56.26011138  015.27241730
111  56.26003935  015.27235212
111  56.26010086  015.27180925
111  56.26008755  015.27143647
113  56.26004645  015.27101872
111  56.25503280  015.26819909
111  56.25492549  015.26933436
111  56.25496292  015.26935103
111  56.25477602  015.26978590
111  56.25471242  015.26977111
111  56.25469941  015.26963896
111  56.25460359  015.26960190
111  56.25460873  015.26951522
111  56.25449776  015.26947757
111  56.25456437  015.26891667
111  56.25471403  015.26896123
113  56.25478974  015.26811915
111  56.25781862  015.26430464
111  56.25777598  015.26453168
111  56.25756105  015.26479709
111  56.25746691  015.26478750
113  56.25734257  015.26472674
111  56.25713605  015.26473313
111  56.25675113  015.26504618
111  56.25670228  015.26506729
112  56.25666125  015.26502508  56.25666125  015.26501804
111  56.25666907  015.26492659
111  56.25668079  015.26488438
111  56.25696606  015.26465926
113  56.25703640  015.26465926
111  56.25981731  015.27293855
111  56.25992030  015.27327846
111  56.25935387  015.27391709
111  56.25934529  015.27379348
113  56.25949405  015.27331966
111  56.26683885  015.27108337
111  56.26682658  015.27148085
111  56.26669167  015.27165751
111  56.26663648  015.27185626
111  56.26604227  015.27205389
111  56.26556273  015.27222614
111  56.26548976  015.27142565
113  56.26675300  015.27096192
111  56.26490622  015.27164915
111  56.26453930  015.27178626
111  56.26449776  015.27170524
111  56.26450122  015.27144970
111  56.26482660  015.27130012
113  56.26487506  015.27135621
111  56.26506423  015.27112822
111  56.26386217  015.27153546
111  56.26369463  015.27174662
111  56.26362343  015.27162596
111  56.26371557  015.27145250
111  56.26370720  015.27127151
111  56.26378678  015.27109052
111  56.26489670  015.27068328
111  56.26499303  015.27070591
111  56.26507680  015.27084165
113  56.26509355  015.27098494
111  56.26350451  015.27223466
111  56.26357823  015.27286510
111  56.26348608  015.27309737
111  56.26336169  015.27218489
111  56.26350912  015.27192774
113  56.26354137  015.27197751
111  56.26352294  015.27331304
111  56.26361508  015.27402643
111  56.26359205  015.27431677
111  56.26336169  015.27335452
113  56.26346765  015.27327986
111  56.25654382  015.26411996
111  56.25652190  015.26453268
111  56.25652539  015.26494934
111  56.25661753  015.26558797
111  56.25667282  015.26580361
111  56.25617984  015.26500740
113  56.25617063  015.26494934
111  56.25623974  015.26543868
111  56.25605545  015.26576214
111  56.25597252  015.26589484
111  56.25592645  015.26583678
111  56.25594948  015.26549673
111  56.25607849  015.26514839
111  56.25613838  015.26514839
113  56.25623974  015.26531427
111  56.27663180  015.26975123
111  56.27667861  015.26991986
111  56.27667081  015.27013064
111  56.27663180  015.27018217
113  56.27653297  015.26983086
111  56.27655378  015.26955449
111  56.27646275  015.26964349
111  56.27631452  015.26931560
113  56.27650696  015.26944675
111  56.27734698  015.27010254
111  56.27745100  015.27043980
111  56.27738859  015.27065527
111  56.27724555  015.27017280
113  56.27731577  015.27007912
111  56.27727416  015.26990580
111  56.27716233  015.26996670
111  56.27704270  015.26962475
113  56.27723515  015.26976528
111  56.27556846  015.26845671
111  56.27573524  015.26860407
111  56.27604363  015.26902349
111  56.27622929  015.26932955
111  56.27643383  015.26979430
111  56.27661320  015.27028173
111  56.27659432  015.27061612
111  56.27649048  015.27080883
111  56.27623558  015.27076349
111  56.27615692  015.27049710
111  56.27615692  015.27036674
111  56.27620097  015.27014003
111  56.27618524  015.26971495
111  56.27605307  015.26932388
111  56.27587685  015.26910284
111  56.27568804  015.26891580
113  56.27543945  015.26845105
111  56.27604048  015.26948824
111  56.27592720  015.26956192
111  56.27578245  015.26917085
113  56.27595552  015.26931821
111  56.27610657  015.26970362
111  56.27612859  015.27010036
111  56.27610971  015.27010036
113  56.27599958  015.26977730
111  56.27561654  015.27006917
111  56.27566627  015.27028352
111  56.27559700  015.27036670
111  56.27556502  015.27032831
111  56.27540693  015.26988361
113  56.27549575  015.26979723
111  56.27543891  015.26960207
111  56.27535542  015.26967246
111  56.27531812  015.26960527
111  56.27527371  015.26937813
111  56.27527194  015.26928535
113  56.27528792  015.26929175
111  56.25805334  015.27615018
111  56.25785265  015.27643118
111  56.25771328  015.27596953
113  56.25795857  015.27571864
111  56.25788052  015.27541757
111  56.25721155  015.27617025
111  56.25724500  015.27570860
111  56.25750701  015.27532725
111  56.25763523  015.27523693
113  56.25781920  015.27531721
111  56.26142319  015.27209115
111  56.26148025  015.27208519
111  56.26176671  015.27260253
111  56.26186807  015.27262078
111  56.26324655  015.27212807
111  56.26330736  015.27221932
111  56.26342392  015.27313173
111  56.26330229  015.27326860
111  56.26294247  015.27304962
111  56.26284111  015.27314086
111  56.26287307  015.27338323
111  56.26275122  015.27332016
111  56.26252581  015.27312067
111  56.26235447  015.27307132
111  56.26215533  015.27313370
111  56.26195619  015.27321048
111  56.26174148  015.27318743
111  56.26136072  015.27298178
113  56.26135039  015.27288598
111  56.26133339  015.27203270
111  56.26134442  015.27210735
111  56.26128000  015.27283570
111  56.26124228  015.27294650
111  56.26114988  015.27288765
111  56.26107509  015.27264794
111  56.26106250  015.27239448
111  56.26106360  015.27220465
111  56.26108346  015.27214111
113  56.26128265  015.27204579
111  56.25492771  015.26599136
111  56.25489939  015.26625193
111  56.25473575  015.26619528
111  56.25469799  015.26603668
113  56.25476722  015.26595171
111  56.26383667  015.27203832
111  56.26379375  015.27185063
111  56.26389799  015.27167398
111  56.26426593  015.27156357
111  56.26436404  015.27171814
113  56.26431499  015.27188375
111  56.26700282  015.26971210
111  56.26718628  015.26951264
111  56.26740436  015.26916982
113  56.26730397  015.26964977
130 Airport Boundary
111  56.27921454  015.26639888
111  56.26064508  015.25894134
111  56.25974656  015.25337065
111  56.25635214  015.25319095
111  56.25630223  015.25930074
111  56.25375641  015.26469174
111  56.25420568  015.27250868
111  56.25370650  015.28257186
111  56.25560338  015.28526736
111  56.25789960  015.27834892
111  56.26104443  015.27484477
111  56.26438892  015.27673162
111  56.26743392  015.27376657
111  56.27392324  015.27178988
111  56.28046248  015.27196958
113  56.28071207  015.26837558
120 Linear Feature 53
111  56.25613523  015.26505006 1 101
115  56.25643785  015.26549270
120 Linear Feature 52
111  56.25610922  015.26479895 1 101
112  56.25613523  015.26505006  56.25621325  015.26518626
111  56.25613523  015.26505006
112  56.25613523  015.26505006  56.25605012  015.26494366 1 101
115  56.25598865  015.26505857
120 Linear Feature 51
111  56.25575219  015.26638527 1 101
112  56.25587889  015.26610246  56.25599237  015.26595350 1 101
111  56.25631676  015.26546264 1 101
112  56.25644211  015.26549487  56.25651067  015.26560979 1 101
111  56.25678955  015.26607189 1 101
115  56.25691412  015.26619373
120 Linear Feature 54
111  56.27759171  015.27001383 4
115  56.27775505  015.27007417
120 Linear Feature 57
111  56.26102454  015.27203765 1 101
112  56.26098048  015.27221894  56.26098992  015.27234925
111  56.26098048  015.27221894
112  56.26098048  015.27221894  56.26096475  015.27210563 1 101
115  56.26087349  015.27209997
120 Linear Feature 56
111  56.26095851  015.27205573 1 101
112  56.26054030  015.27222575  56.26062949  015.27217557 1 101
111  56.26012208  015.27254150 1 101
111  56.25983440  015.27282444 1 101
115  56.25770269  015.27513347
120 Linear Feature 55
111  56.25990651  015.27068754 1 101
112  56.25998609  015.27092884  56.26000703  015.27108719 1 101
112  56.26004473  015.27141144  56.26004892  015.27154717 1 101
112  56.26004892  015.27180355  56.26004473  015.27193928 1 101
112  56.25998609  015.27242188  56.25994840  015.27264810 1 101
115  56.25983768  015.27282173
120 Linear Feature 50
111  56.25671191  015.26350901 1 101
112  56.25660334  015.26394304  56.25658614  015.26414811 1 101
112  56.25657800  015.26436269  56.25657370  015.26446716 1 101
112  56.25657723  015.26472760  56.25657938  015.26485529 1 101
112  56.25660807  015.26513327  56.25661989  015.26523967 1 101
112  56.25668949  015.26561252  56.25672023  015.26574446 1 101
112  56.25679693  015.26594640  56.25681820  015.26600173 1 101
111  56.25691714  015.26620530 1 101
111  56.25996252  015.27076979 1 101
112  56.26087432  015.27202392  56.26090742  015.27206223 1 101
111  56.26095976  015.27205493 1 101
111  56.26687372  015.26986593 1 101
111  56.26741582  015.26975562 1 101
112  56.27060458  015.26953256  56.27081400  015.26952501 1 101
111  56.27095862  015.26957555 1 101
111  56.27157517  015.26969272 1 101
111  56.27270582  015.26999233 1 101
112  56.27680176  015.27113153  56.27689374  015.27115362 1 101
112  56.27716379  015.27105591  56.27729870  015.27097860 1 101
112  56.27747353  015.27070182  56.27754098  015.27056929 1 101
112  56.27764969  015.27017546  56.27768035  015.27004293 1 101
112  56.27769200  015.26949004  56.27766134  015.26916975 1 101
112  56.27752015  015.26878483  56.27740273  015.26850039 1 101
115  56.27721055  015.26831706
120 Linear Feature 49
111  56.25591246  015.26501620 4
115  56.25603811  015.26520127
120 Linear Feature 48
111  56.25559474  015.26797423 1 101
112  56.25548946  015.26803143  56.25543355  015.26801595 1 101
112  56.25532853  015.26791009  56.25525700  015.26789135 1 101
115  56.25519978  015.26806950
120 Linear Feature 48
111  56.25561294  015.26781037 1 101
112  56.25548271  015.26788871  56.25538129  015.26786531 1 101
112  56.25533499  015.26778323  56.25530163  015.26770635 1 101
115  56.25529873  015.26760967
120 Linear Feature 48
111  56.25565448  015.26738042 1 101
112  56.25551891  015.26751642  56.25541749  015.26749301 1 101
111  56.25537092  015.26728265 1 101
116  56.25529329  015.26704758  56.25523310  015.26702116
120 Linear Feature 47
111  56.25572208  015.26668290 1 101
112  56.25564339  015.26693154  56.25559611  015.26691877 1 101
112  56.25560397  015.26692623  56.25554487  015.26690495 1 101
112  56.25546142  015.26669245  56.25540231  015.26666265 1 101
112  56.25532809  015.26672049  56.25529638  015.26675378 1 101
115  56.25528360  015.26677454
120 Linear Feature 46
111  56.25581554  015.26573576 1 101
112  56.25572554  015.26594139  56.25565631  015.26599124 1 101
115  56.25523747  015.26630280
120 Linear Feature 45
111  56.25727414  015.26284980 1 101
112  56.25694516  015.26301487  56.25683946  015.26322893 1 101
111  56.25596679  015.26511603 1 101
112  56.25582947  015.26563617  56.25579881  015.26585695 1 101
112  56.25551325  015.26879915  56.25548873  015.26901993 1 101
111  56.25531540  015.26893209 1 101
112  56.25520128  015.26864172  56.25520973  015.26848833 1 101
112  56.25523477  015.26838934  56.25525929  015.26823480 1 101
115  56.25519842  015.26816833
120 Linear Feature 44
111  56.25681038  015.26619626 4
115  56.25691084  015.26601946
120 Linear Feature 44
111  56.25689596  015.26603097 3
111  56.25683839  015.26591377 3
111  56.25676555  015.26570421 3
111  56.25669507  015.26537342 3
111  56.25665345  015.26510866 3
111  56.25662000  015.26466658 3
111  56.25662136  015.26428746 3
111  56.25663961  015.26402562 3
111  56.25669658  015.26376865 3
111  56.25696781  015.26319304 3
115  56.25702083  015.26314320
120 Linear Feature 44
111  56.25712324  015.26247043 3
111  56.25554343  015.26581829 3
111  56.25501726  015.26614495 3
111  56.25481188  015.26808287 3
111  56.25504658  015.26815921 3
111  56.25494020  015.26931786 3
111  56.25554121  015.26948718 3
111  56.25588332  015.26597757 3
111  56.25592638  015.26553578 3
111  56.25595517  015.26541110 3
111  56.25655597  015.26407185 3
111  56.25652465  015.26453519 3
111  56.25653915  015.26497600 3
111  56.25659559  015.26541814 3
111  56.25667325  015.26577827 3
115  56.25681319  015.26615003
120 Linear Feature 58
111  56.26098678  015.27223594 1 101
111  56.26102454  015.27261552 1 101
112  56.26112209  015.27296112  56.26118682  015.27300225 1 101
112  56.26177033  015.27331804  56.26184648  015.27335232 1 101
112  56.26199375  015.27331804  56.26208132  015.27331118 1 101
112  56.26227756  015.27320765  56.26234610  015.27317337 1 101
112  56.26254571  015.27325139  56.26265613  015.27332680 1 101
115  56.26287135  015.27354926
120 Linear Feature 62
111  56.27318199  015.26971527 1 101
112  56.27318812  015.26994717  56.27315746  015.27010177 1 101
115  56.27303482  015.27006864
120 Linear Feature 61
111  56.27129940  015.26706499 1 101
112  56.27318812  015.26971527  56.27351926  015.27019011 1 101
115  56.27375842  015.27028950
120 Linear Feature 60
111  56.26094811  015.27232209 5
115  56.26106331  015.27227344
21  56.25992789  015.26276954 2 8.6700 3.0 01  PAPI-4L
21  56.27402436  015.26819042 2 188.6800 3.0 19  PAPI-4L
14  56.26110587  015.27359654  98.43 0 Tower view
1300  56.25877874  015.25551465 135.63 misc props|helos Club area
15  56.26271051  015.27186330 258.93 Fighters
1300  56.25449061  015.27925688 333.28 misc helos Helicopters
15  56.25869482  015.27552213 -35.30 Military transports
15  56.25530164  015.26712103 -35.30 Civilian aircraft
18  56.26721827  015.26831053 1 BCN
19  56.25815027  015.26218439 1 WS
19  56.27726798  015.26914069 1 WS
19  56.25636222  015.26699617 1 WS
19  56.25471257  015.27853447 1 WS
53 12170 GND
54 11920 TWR
55 12844 CON
55 12845 CON
55 12990 CON
99
