I
1100 Generated by WorldEditor 1.7.21r1

1    422 0 0 ESGA Uddevalla Backamo
1302 city Uddevalla
1302 country Sweden
1302 datum_lat 58.177222222
1302 datum_lon 11.973611111
1302 faa_code 
1302 iata_code 
1302 icao_code ESGA
1302 region_code ES
1302 state Västra Götalands län
1302 transition_alt 
1302 transition_level 
100 20.00 15 0 0.25 0 0 0 06  58.17526153  011.96737221    0    0 0 0 0 0 24  58.17879901  011.97867283    0    0 0 0 0 0
110 4 0.25 58.0000 Taxiways
111  58.17917142  011.97117137
111  58.17916941  011.97106056
112  58.17792291  011.97202451  58.17788198  011.97205038
112  58.17725942  011.97242159  58.17719090  011.97247728
112  58.17561590  011.97425847  58.17560640  011.97431031
111  58.17605205  011.97554554
111  58.17608753  011.97551846
112  58.17570930  011.97427723  58.17579172  011.97418958
111  58.17570930  011.97427723
112  58.17570930  011.97427723  58.17583009  011.97413695
112  58.17727924  011.97249900  58.17738288  011.97241741
111  58.17727924  011.97249900
112  58.17727924  011.97249900  58.17740893  011.97239691
114  58.17781742  011.97216932  58.17783124  011.97218617
130 Airport Boundary
111  58.17470753  011.96704408
111  58.17596729  011.97216959
111  58.17594024  011.97283097
111  58.17545125  011.97366866
111  58.17715158  011.97914686
111  58.18009711  011.98020364
111  58.18086136  011.97959977
111  58.17922223  011.97092359
111  58.17808537  011.97171728
111  58.17715261  011.97114225
113  58.17543199  011.96624529
1300  58.17907763  011.97275385 153.98 misc props Ramp Start props-1
1301 A none 
1300  58.17848471  011.97237607  66.71 misc helos Ramp Start props-2
1301 A none 
1300  58.17828600  011.97255178  65.51 misc props Ramp Start props-3
1301 A none 
19  58.17736885  011.97304628 1 WS
19  58.17873983  011.97924196 1 WS
19  58.17549991  011.96703987 1 WS
99
