I
1100 Generated by WorldEditor 1.7.1r1

1    741 1 0 ESGJ Jonkoping
1302 city Jönköping
1302 country Sweden
1302 datum_lat 57.758333333
1302 datum_lon 14.069166667
1302 faa_code 
1302 iata_code JKG
1302 icao_code ESGJ
1302 region_code ES
1302 state Jönköpings län
1302 transition_alt 5000
1302 transition_level 
100 45.00 1 0 0.25 0 3 1 01  57.74822783  014.06295971    0   28 3 1 0 0 19  57.76702661  014.07443696    0   60 3 1 0 0
100 24.99 3 0 0.25 0 0 0 11  57.75367436  014.06808855    0    0 1 0 0 0 29  57.75173738  014.07620889    0    0 1 0 0 0
102 H1  57.75111329  014.07489547   7.53 15.00 15.00 2 0 0 0.00 1
110 1 0.00 0.0000 MAIN
111  57.75277746  014.06613025 1 102
112  57.75281394  014.06619861  57.75284407  014.06624616 1 102
112  57.75288689  014.06645718  57.75287494  014.06652602
111  57.75288689  014.06645718
112  57.75288689  014.06645718  57.75288202  014.06648206 1 102
112  57.75236030  014.06876271  57.75234808  014.06880651 1 102
111  57.75233746  014.06881248
112  57.75219993  014.06834293  57.75210963  014.06809939
111  57.75192020  014.06804160
112  57.75115481  014.06783520  57.75104909  014.06779805
111  57.75107111  014.06775058
112  57.75110746  014.06745545  57.75113168  014.06724494
112  57.75128586  014.06692916  57.75136406  014.06675993
111  57.75154467  014.06645035
112  57.75204341  014.06586486  57.75210651  014.06580634
111  57.75218936  014.06577409
111  57.75208994  014.06571437
112  57.75176172  014.06604402  57.75165465  014.06615271
111  57.75150488  014.06638442
112  57.75116136  014.06705566  57.75113651  014.06710463
111  57.75113778  014.06707835
111  57.75114925  014.06691353
112  57.75119132  014.06612524  57.75119068  014.06603447
112  57.75115563  014.06565705  57.75114415  014.06555791
112  57.75108998  014.06527604  57.75107214  014.06516736
111  57.75104282  014.06507181
111  57.75095487  014.06501925
112  57.75103199  014.06524618  57.75107277  014.06536443
112  57.75112128  014.06574904  57.75116886  014.06601652
111  57.75115168  014.06636572
112  57.75103394  014.06766905  57.75102884  014.06774071
111  57.75101546  014.06774668
112  57.75096511  014.06771204  57.75093261  014.06769055
112  57.75076485  014.06751272  57.75070776  014.06744853
112  57.74983376  014.06646076  57.74977540  014.06639059
112  57.74981835  014.06615325  57.74986240  014.06601910
112  57.75012120  014.06554443  57.75021591  014.06539997
112  57.75048196  014.06516818  57.75059362  014.06508506
112  57.75087812  014.06500766  57.75091177  014.06500193
111  57.75090795  014.06498186
112  57.75076799  014.06491307  57.75077487  014.06493027
112  57.75073664  014.06495607  57.75071293  014.06497040
112  57.75032228  014.06519655  57.75011676  014.06538142
112  57.74996612  014.06565907  57.74991259  014.06575653
112  57.74973975  014.06621371  57.74971145  014.06630400
111  57.74970457  014.06619365
112  57.74975734  014.06564330  57.74976652  014.06554871
112  57.74976958  014.06500410  57.74975428  014.06478912
112  57.74965180  014.06442223  57.74961203  014.06427318
111  57.74958909  014.06418289
111  57.74948355  014.06412413
112  57.74961662  014.06445376  57.74965027  014.06453688
112  57.74969080  014.06479629  57.74971298  014.06490235
111  57.74973210  014.06525348
112  57.74967168  014.06604889  57.74966327  014.06619364
111  57.74960821  014.06619651
112  57.74795194  014.06432505  57.74788566  014.06424861
111  57.74789203  014.06418890
111  57.74803734  014.06323946
111  57.74793218  014.06317139
112  57.74782103  014.06399843  57.74779883  014.06425102
111  57.74791776  014.06437583
111  57.74892055  014.06552043
111  57.74898663  014.06559473
112  57.74955889  014.06622464  57.74967651  014.06636085
111  57.74963158  014.06649953
112  57.74958136  014.06709142  57.74957739  014.06714095
111  57.74955096  014.06723506
111  57.74948621  014.06722268
111  57.74941617  014.06780714
112  57.74963554  014.06797059  57.74963026  014.06802012
111  57.74960647  014.06803746
111  57.74947828  014.06797059
111  57.74941749  014.06805974
111  57.74963951  014.06811918
112  57.74968180  014.06800526  57.74970426  014.06795821
112  57.74978620  014.06798050  57.74984170  014.06799783
111  57.74979941  014.06810185
112  57.74977430  014.06823558  57.74976505  014.06831235
112  57.74978091  014.06837179  57.74979413  014.06842875
112  57.74978488  014.06855257  57.74977959  014.06862934
111  57.74976241  014.06866154
112  57.74973598  014.06855010  57.74972937  014.06850552
111  57.74961704  014.06831235
111  57.74961175  014.06815385
111  57.74923644  014.06807213
111  57.74919679  014.06838665
111  57.74958929  014.06852285
111  57.74959457  014.06842875
112  57.74968973  014.06858229  57.74973598  014.06867888
112  57.74970690  014.06888938  57.74970294  014.06895872
112  57.74965527  014.06905839  57.74963462  014.06907846
112  57.74957191  014.06918308  57.74955126  014.06924041
111  57.74952296  014.06924757
111  57.74951608  014.06943102
111  57.74944495  014.07023790
111  57.74950460  014.07026227
112  57.74957191  014.06947258  57.74958720  014.06935936
112  57.74965527  014.06919311  57.74970727  014.06910569
111  57.74969351  014.06925761
111  57.74964609  014.06924757
111  57.74957191  014.07022930
111  57.75001777  014.07034253
111  57.75009272  014.06946255
111  57.75004531  014.06943962
112  57.75004837  014.06931206  57.75005219  014.06924900
111  57.75005143  014.06926477
112  57.75014702  014.06925044  57.75021662  014.06926907
111  57.75023497  014.06947401
112  57.75022885  014.06971622  57.75022656  014.06977499
111  57.75020744  014.06976495
112  57.75014320  014.07053745  57.75013632  014.07062201
111  57.75008584  014.07071255
112  57.75002252  014.07153291  57.75000692  014.07172209
111  57.74996745  014.07170317
112  57.74988486  014.07167737  57.74985641  014.07166361
111  57.74985824  014.07157418
111  57.74990046  014.07156042
111  57.75000233  014.07054573
111  57.74958476  014.07041158
112  57.74957283  014.07053885  57.74957007  014.07055261
112  57.74950950  014.07047693  57.74949310  014.07044475
111  57.74949005  014.07038815
111  57.74943454  014.07066155
112  57.74946309  014.07062292  57.74947102  014.07058428
112  57.74949005  014.07056348  57.74950115  014.07055457
111  57.74952335  014.07058130
111  57.74944948  014.07146900
112  57.74947551  014.07148094  57.74948507  014.07148592
112  57.74948560  014.07151379  57.74948348  014.07153668
111  57.74946117  014.07153369
112  57.74942718  014.07152175  57.74941124  014.07151478
111  57.74939978  014.07148409
111  57.74937009  014.07175797
112  57.74940206  014.07170662  57.74942718  014.07165527
111  57.74947057  014.07164671
112  57.74989304  014.07179221  57.74995927  014.07182216
112  57.74998896  014.07188635  57.75001636  014.07197622
111  57.74987934  014.07219875
111  57.74951853  014.07263952
111  57.74950254  014.07284921
112  57.75006467  014.07213516  57.75008991  014.07210650
112  57.75012967  014.07215093  57.75015874  014.07220539
111  57.75011119  014.07226248
111  57.74973058  014.07273798
111  57.74987648  014.07318375
111  57.74993925  014.07329692
112  57.74995137  014.07327216  57.74995247  014.07326390
112  57.74998881  014.07332788  57.74999212  014.07336915
111  57.74997670  014.07341456
112  57.74994696  014.07341249  57.74992934  014.07340217
111  57.74992604  014.07332788
111  57.74986327  014.07358998
112  57.74990181  014.07351981  57.74992714  014.07345996
112  57.75000846  014.07351164  57.75005230  014.07351678
111  57.75003038  014.07360408
111  57.74992256  014.07363050
111  57.74968506  014.07473458
112  57.74983415  014.07484090  57.74981653  014.07491726
111  57.74972071  014.07495647
112  57.74962160  014.07490694  57.74957424  014.07486360
111  57.74962270  014.07477280
111  57.74959627  014.07473152
111  57.74949605  014.07516285
112  57.74954781  014.07505966  57.74958305  014.07496266
111  57.74963481  014.07504933
111  57.74949935  014.07570768
111  57.74959296  014.07575928
111  57.74957755  014.07589343
111  57.74966014  014.07597804
111  57.75049348  014.07637922
111  57.75031666  014.07712560 1 102
112  57.75074570  014.07748247  57.75082371  014.07754840 1 102
112  57.75076405  014.07776195  57.75075029  014.07781928 1 102
111  57.75067457  014.07783074 1 106
111  57.75038166  014.07758423
112  57.75023406  014.07822201  57.75026924  014.07825211 1 106
111  57.75044973  014.07822631 1 106
111  57.75069064  014.07806149 1 106
112  57.75074843  014.07809756  57.75075394  014.07809412
112  57.75081543  014.07810272  57.75085214  014.07810960
111  57.75089711  014.07814916
112  57.75182770  014.07889905  57.75187358  014.07893860
111  57.75188460  014.07895924
111  57.75201859  014.07944943
111  57.75213055  014.07955434
111  57.75217735  014.07937891
112  57.75211311  014.07933247  57.75207181  014.07930667
111  57.75206722  014.07927915
112  57.75201124  014.07908996  57.75199381  014.07903148
111  57.75202226  014.07902804
111  57.75216909  014.07914500
111  57.75214523  014.07924475
111  57.75227463  014.07938407
111  57.75230217  014.07924991
111  57.75245268  014.07937891
111  57.75251692  014.07912952
111  57.75247654  014.07908136
111  57.75243340  014.07924647
111  57.75236457  014.07918800
111  57.75240862  014.07902116
111  57.75236641  014.07897300
111  57.75232144  014.07915360
111  57.75225169  014.07910716
111  57.75228381  014.07894893
111  57.75224435  014.07891453
112  57.75222141  014.07902288  57.75220856  014.07906588
111  57.75219846  014.07907276
112  57.75202042  014.07892829  57.75198555  014.07890249
111  57.75200206  014.07887153
112  57.75223701  014.07862902  57.75228565  014.07858430
111  57.75230125  014.07870470
111  57.75226362  014.07883541
111  57.75230675  014.07887669
111  57.75235081  014.07867718
111  57.75241964  014.07874253
111  57.75238017  014.07890249
111  57.75242790  014.07894377
111  57.75249581  014.07866858
111  57.75258667  014.07828331
111  57.75260282  014.07812121
111  57.75260741  014.07810573
112  57.75243212  014.07796641  57.75233025  014.07788729
111  57.75228712  014.07806789
112  57.75221461  014.07839296  57.75217607  014.07858215
111  57.75208338  014.07867847
112  57.75196136  014.07880979  57.75193268  014.07883766
111  57.75191197  014.07882174
112  57.75090477  014.07802800  57.75082680  014.07797104
111  57.75082866  014.07783242 1 102
111  57.75099009  014.07745221 1 102
112  57.75186238  014.07377298  57.75193243  014.07348073 1 102
111  57.75193243  014.07337671 1 102
111  57.75217131  014.07058619 1 102
112  57.75307337  014.06668022  57.75312844  014.06643254 1 102
113  57.75330905  014.06644906
111  57.75228418  014.06883537 1 106
112  57.75221018  014.06884775  57.75214146  014.06882546 1 106
111  57.75143998  014.06860568 1 106
111  57.75140800  014.06862484 1 106
111  57.75139610  014.06876106
111  57.75135646  014.06879325
112  57.75130624  014.06883040  57.75126792  014.06882050
112  57.75106572  014.06870905  57.75104722  014.06869914
112  57.75099568  014.06853073  57.75100625  014.06838956
111  57.75105779  014.06795120
112  57.75115823  014.06789919  57.75125073  014.06793386
111  57.75191986  014.06814811
112  57.75211901  014.06832182  57.75218968  014.06846113
112  57.75225484  014.06864516  57.75228237  014.06873632
114  57.75229154  014.06880168  57.75229154  014.06880512
111  57.75100763  014.06801568
111  57.75094339  014.06858324
112  57.75088373  014.06862795  57.75083234  014.06861247
112  57.75075708  014.06861419  57.75073139  014.06862623
112  57.75059189  014.06860215  57.75050287  014.06856947
111  57.75010457  014.06843875
111  57.75020552  014.06722627
112  57.75033768  014.06713512  57.75044322  014.06724863
111  57.75074515  014.06760291
112  57.75090759  014.06778005  57.75094706  014.06780757
114  57.75099478  014.06786605  57.75100671  014.06792108
111  57.75017707  014.06712480
111  57.75008714  014.06814638
111  57.74988799  014.06807930
112  57.74987606  014.06796923  57.74988890  014.06782821
111  57.74989533  014.06767170
112  57.74978887  014.06740685  57.74970903  014.06736901
111  57.74970168  014.06736729
111  57.74970994  014.06727614
111  57.74963561  014.06724862
112  57.74962276  014.06710244  57.74963561  014.06698205
111  57.74968058  014.06662260
112  57.74982007  014.06654349  57.74994305  014.06667592
111  57.75015229  014.06691670
114  57.75018901  014.06702333  57.75018258  014.06709040
111  57.74984852  014.06769062
111  57.74984485  014.06775253
111  57.74966865  014.06769922
111  57.74969710  014.06749972
114  57.74978245  014.06749800  57.74986229  014.06758743
111  57.75056447  014.06870377
111  57.75054333  014.06900096
111  57.75048650  014.06898362
112  57.75048650  014.06880284  57.75047461  014.06874835
112  57.75039003  014.06870625  57.75033716  014.06869387
112  57.75028959  014.06881522  57.75028034  014.06890685
111  57.75026712  014.06909012
112  57.75020501  014.06916689  57.75015479  014.06915203
111  57.74978608  014.06904802
112  57.74977419  014.06882760  57.74982573  014.06863691
112  57.74991163  014.06849574  57.74997638  014.06850317
112  57.75016008  014.06854775  57.75036227  014.06861214
111  57.75054068  014.06867158
114  57.75056005  014.06868482  57.75056435  014.06869634
111  57.75041759  014.06886050
111  57.75038547  014.06915574
112  57.75033882  014.06923600  57.75030441  014.06923027
112  57.75030517  014.06909698  57.75031205  014.06903105
111  57.75031970  014.06886766
114  57.75037629  014.06878597  57.75041453  014.06879457
111  57.75044283  014.06942805
111  57.75042754  014.06966883
111  57.75040688  014.06965593
112  57.75040765  014.06949971  57.75039312  014.06942805
111  57.75036941  014.06936499
114  57.75041453  014.06936929  57.75044283  014.06938935
111  57.75030058  014.06936785
112  57.75032658  014.06946818  57.75034570  014.06957424
111  57.75032964  014.06966309
111  57.75027917  014.06964160
112  57.75028375  014.06949541  57.75027228  014.06938935
114  57.75026846  014.06936069  57.75027534  014.06935066
112  57.74985318  014.06921307  57.74985242  014.06924460
112  57.74983636  014.06924317  57.74981953  014.06923887
111  57.74978129  014.06922884
112  57.74976370  014.06920160  57.74976906  014.06917724
114  57.74981112  014.06917007  57.74984248  014.06918154
111  57.74997325  014.06928903
111  57.74992048  014.06927040
112  57.74990672  014.06924460  57.74990901  014.06921450
112  57.74995872  014.06920160  57.75000155  014.06922024
112  57.75000843  014.06924603  57.75000461  014.06928330
114  57.74999390  014.06929046  57.74999084  014.06928760
111  57.74986196  014.07065654
111  57.74981306  014.07063425
112  57.74979192  014.07059710  57.74979456  014.07056986
112  57.74983685  014.07057481  57.74986592  014.07059215
114  57.74988575  014.07062682  57.74988178  014.07066892
112  57.74973377  014.07056491  57.74972980  014.07060205
111  57.74970073  014.07060453
111  57.74965183  014.07058224
112  57.74963201  014.07055500  57.74963597  014.07052776
114  57.74968619  014.07052281  57.74972980  014.07054014
111  57.74978795  014.07165705
111  57.74971659  014.07164219
112  57.74969808  014.07160257  57.74970337  014.07156047
112  57.74975491  014.07157533  57.74978927  014.07158771
114  57.74981702  014.07161495  57.74981438  014.07166200
112  57.74965183  014.07156294  57.74964919  014.07159018
112  57.74958443  014.07159266  57.74953818  014.07157532
112  57.74952100  014.07155304  57.74952232  014.07151589
114  57.74959104  014.07151836  57.74964390  014.07152332
111  57.75167674  014.07392866 1 102
111  57.75144988  014.07490075 1 102
111  57.75121397  014.07480168 1 106
111  57.75122875  014.07463461 1 106
111  57.75101487  014.07457672 1 106
111  57.75107544  014.07400502 1
112  57.75111288  014.07401328  57.75114592  014.07407313 1
111  57.75120278  014.07417613 1
112  57.75121570  014.07431311  57.75124734  014.07436996 1
112  57.75131862  014.07431104  57.75134645  014.07425682 1
112  57.75131242  014.07412716  57.75128529  014.07407913 1
112  57.75124704  014.07409208  57.75123052  014.07410240 1
112  57.75120980  014.07407932  57.75119107  014.07405249 1
111  57.75106993  014.07384610 1 106
111  57.75108205  014.07358812 1 106
111  57.75124944  014.07360463 1 106
111  57.75127037  014.07334458 1 106
111  57.75157983  014.07326203 1 106
111  57.75173621  014.07330537 1 102
112  57.75178577  014.07338173  57.75179568  014.07345190 1 102
111  57.75177916  014.07353652 1 102
111  57.75144327  014.07345603 1 102
113  57.75140582  014.07385436 1 102
111  57.75066577  014.07230086
111  57.75063722  014.07254753
111  57.75040252  014.07242568
113  57.75044375  014.07222656
111  57.75031847  014.06981342
111  57.75025979  014.07045237
111  57.75022966  014.07043156
113  57.75028992  014.06980153
111  57.75024234  014.07057124
111  57.75013609  014.07168865
111  57.75009803  014.07167082
111  57.75016940  014.07081790
112  57.75021221  014.07063662  57.75021697  014.07058907
113  57.75021856  014.07055935
111  57.75087272  014.07419839
111  57.75085290  014.07438908
111  57.75069431  014.07434450
111  57.75071282  014.07412656
113  57.75087669  014.07416124
111  57.75139540  014.07505757 1 102
111  57.75129760  014.07538944 1 102
112  57.75112844  014.07557271  57.75105444  014.07559252 1 106
111  57.75095532  014.07559995 1 106
112  57.75089057  014.07544640  57.75091303  014.07525570 1 106
111  57.75092889  014.07506253 1 106
111  57.75119164  014.07513068 1 106
113  57.75120455  014.07497713 1 102
111  57.75237590  014.07838257
111  57.75234562  014.07851296
112  57.75230101  014.07853884  57.75227074  014.07851296
111  57.75225427  014.07849106
112  57.75225481  014.07842835  57.75226437  014.07838257
111  57.75233553  014.07807600
112  57.75240989  014.07803021  57.75245716  014.07807003
111  57.75247999  014.07808595
111  57.75244335  014.07823028
111  57.75249964  014.07826213
111  57.75245025  014.07837062
113  57.75238333  014.07832882
111  57.75124031  014.06896407
111  57.75120603  014.06932879
111  57.75102478  014.06926555
113  57.75105937  014.06889540
111  57.75118693  014.06953200
111  57.75117731  014.06963442
111  57.75099576  014.06959120
111  57.75100346  014.06950158
112  57.75106930  014.06944093  57.75112733  014.06945766
114  57.75116192  014.06946812  57.75118759  014.06948067
111  57.75117236  014.06968710
111  57.75114590  014.06996857
111  57.75096731  014.06992212
113  57.75099223  014.06963229
111  57.75114188  014.07001131
111  57.75112079  014.07023566
111  57.75094551  014.07017565
113  57.75096375  014.06996354
111  57.75111685  014.07027766
111  57.75110390  014.07041545
111  57.75104587  014.07040290
111  57.75103583  014.07053465
111  57.75091796  014.07049612
113  57.75094055  014.07023338
111  57.75103136  014.07058484
112  57.75098896  014.07069567  57.75093986  014.07068521
111  57.75091754  014.07067267
112  57.75090638  014.07063084  57.75091085  014.07059948
113  57.75091365  014.07054635
111  57.75093575  014.06972510
111  57.75092616  014.06983154
112  57.75090303  014.06986336  57.75088183  014.06985290
111  57.75085505  014.06984454
112  57.75085124  014.06978063  57.75085682  014.06970953
111  57.75086063  014.06967724
112  57.75089969  014.06966260  57.75093428  014.06967515
113  57.75093874  014.06969188
111  57.75091027  014.07000782
111  57.75089603  014.07016578
111  57.75081852  014.07014092
111  57.75083021  014.07001215
114  57.75087737  014.06994074  57.75092424  014.06994910
111  57.75089221  014.07020816
111  57.75086779  014.07047901
111  57.75079020  014.07045269
113  57.75081350  014.07019618
111  57.75086171  014.07054647
111  57.75085505  014.07062038
112  57.75081488  014.07064966  57.75078921  014.07063920
111  57.75077917  014.07063084
112  57.75078029  014.07056183  57.75078698  014.07051791
111  57.75078571  014.07050216
111  57.75085282  014.07052001
114  57.75086398  014.07052837  57.75086509  014.07053255
111  57.75053860  014.07618959
111  57.75037015  014.07613702
112  57.75028040  014.07598138  57.75029647  014.07587093
111  57.75030987  014.07585336
111  57.75047865  014.07591863
111  57.75049874  014.07585587
113  57.75061126  014.07588349
110 1 0.00 0.0000 New Taxiway 2
112  57.76486884  014.07351964  57.76497453  014.07361721 1 102
111  57.76493124  014.07385297 1 102
112  57.76467030  014.07538952  57.76451700  014.07630373 1 102
111  57.76499688  014.07668463 1 102
112  57.76572812  014.07712540  57.76634927  014.07749788 1 102
111  57.76670440  014.07630553 1 102
111  57.76697113  014.07476702
112  57.76659341  014.07457230  57.76672129  014.07471358 1 102
111  57.76670026  014.07508740 1 102
112  57.76652129  014.07607955  57.76638427  014.07679452
111  57.76652129  014.07607955
112  57.76652129  014.07607955  57.76628515  014.07696052 1 102
111  57.76586467  014.07678053 1 102
112  57.76515759  014.07637294  57.76475584  014.07613014 1 102
111  57.76485231  014.07555039 1 102
113  57.76517719  014.07369213
110 3 0.50 200.0000 Grass area
111  57.75533992  014.06202132
111  57.75484536  014.06190946
111  57.75437638  014.06388707
111  57.75435932  014.06433450
111  57.75400119  014.06558093
113  57.75443607  014.06586856
110 3 0.50 200.0000 Grass area
111  57.75364828  014.06718854
111  57.75107980  014.07816421
111  57.75145338  014.07845901
113  57.75409292  014.06742439
110 3 0.00 0.0000 New Taxiway 66
111  57.74985319  014.06841110
111  57.74972625  014.06890796
111  57.74963947  014.07016969
111  57.74948682  014.07159402
111  57.75044832  014.07190849
111  57.75070747  014.07067910
111  57.75109621  014.07089765
114  57.75127114  014.06887869  57.75125448  014.06880063
110 4 0.00 0.0000 New Taxiway 2
111  57.75070591  014.07807181
111  57.75057789  014.07869197
112  57.75056781  014.07868630  57.75056075  014.07862958
112  57.75051535  014.07844430  57.75050223  014.07841405
112  57.75047802  014.07835734  57.75047600  014.07834410
111  57.75044910  014.07822647
112  57.75034817  014.07823355  57.75033650  014.07823355
111  57.75025887  014.07823285
111  57.75024330  014.07825656
111  57.75045007  014.07839696
112  57.75050213  014.07850090  57.75051283  014.07854740
112  57.75054786  014.07874160  57.75055516  014.07878810
112  57.75057948  014.07895768  57.75058824  014.07903427
111  57.75082086  014.08006765
112  57.75101063  014.08032733  57.75107992  014.08039507
111  57.75140224  014.08066038
112  57.75167335  014.08041200  57.75177577  014.07992652
111  57.75254639  014.07599149
112  57.75265726  014.07553672  57.75268446  014.07545048
111  57.75306284  014.07416556
111  57.75320927  014.07370817
112  57.75332781  014.07322138  57.75335570  014.07309396
111  57.75364200  014.07182664
112  57.75379837  014.07149577  57.75388714  014.07139934
111  57.75537440  014.07021127
111  57.75532762  014.07019504
111  57.75381226  014.07141102
112  57.75363768  014.07171130  57.75360136  014.07184365
111  57.75325385  014.07340616
112  57.75317315  014.07372002  57.75314793  014.07379565
111  57.75261775  014.07555311
112  57.75251384  014.07600120  57.75248761  014.07613165
111  57.75163286  014.08043463
112  57.75148396  014.08064562  57.75138469  014.08061839
112  57.75137622  014.08058663  57.75136169  014.08057075
111  57.75104330  014.08028489
112  57.75086171  014.08003533  57.75081450  014.07989921
112  57.75077576  014.07974493  57.75075397  014.07965419
111  57.75059902  014.07888737
112  57.75060144  014.07875806  57.75061839  014.07867412
113  57.75072803  014.07808620
110 4 0.00 0.0000 New Taxiway 3
111  57.76878261  014.07524479
111  57.76870997  014.07527695
112  57.76866255  014.07542827  57.76865448  014.07550204
112  57.76865348  014.07569686  57.76866558  014.07573658
111  57.76866255  014.07575171
111  57.76830644  014.07546042
111  57.76839219  014.07505753
111  57.76831047  014.07500268
111  57.76821867  014.07538854
112  57.76799572  014.07519561  57.76797554  014.07516724
112  57.76795335  014.07507267  57.76795032  014.07506321
111  57.76794830  014.07503295
112  57.76796142  014.07497998  57.76796949  014.07495540
112  57.76793922  014.07485515  57.76791703  014.07478327
112  57.76788475  014.07485136  57.76787163  014.07488541
112  57.76784641  014.07497809  57.76782825  014.07505375
112  57.76786255  014.07503673  57.76786356  014.07503862
111  57.76791905  014.07511428
112  57.76796646  014.07522020  57.76799975  014.07527695
111  57.76802699  014.07528451
111  57.76824994  014.07549636
112  57.76863027  014.07579144  57.76863935  014.07580279
112  57.76869080  014.07584630  57.76869585  014.07587656
111  57.76866558  014.07604112
111  57.76850820  014.07689797
111  57.76844868  014.07700390
112  57.76804213  014.07802152  57.76803405  014.07803665
111  57.76801892  014.07804043
112  57.76776571  014.07787587  57.76774654  014.07786453
112  57.76763960  014.07786074  57.76762043  014.07786074
111  57.76755486  014.07783426
112  57.76726331  014.07761485  57.76724616  014.07760161
112  57.76718966  014.07756189  57.76718159  014.07755433
111  57.76714326  014.07757324
111  57.76713922  014.07759783
111  57.76718865  014.07764133
112  57.76756305  014.07790321  57.76758414  014.07792015
111  57.76763234  014.07793145
112  57.76775411  014.07793550  57.76775556  014.07793550
112  57.76796330  014.07807985  57.76799526  014.07809347
112  57.76798073  014.07812616  57.76798219  014.07813978
111  57.76796475  014.07818335
111  57.76791972  014.07831954
111  57.76794877  014.07834678
112  57.76846013  014.07706119  57.76848337  014.07700944
111  57.76853131  014.07694134
112  57.76871871  014.07586274  57.76872307  014.07583551
111  57.76875648  014.07578920
112  57.76887270  014.07562850  57.76889449  014.07560126
111  57.76887706  014.07556041
113  57.76883348  014.07537792
110 4 0.00 0.0000 New Taxiway 4
111  57.76771649  014.07814519
111  57.76765940  014.07812805
111  57.76773068  014.07833764
112  57.76774974  014.07839465  57.76773839  014.07839389
111  57.76762286  014.07835497
111  57.76758176  014.07841491
112  57.76775298  014.07848131  57.76775622  014.07848283
112  57.76787647  014.07857518  57.76793225  014.07863075
112  57.76812227  014.07890202  57.76815365  014.07894778
112  57.76833669  014.07917330  57.76840294  014.07921906
111  57.76860515  014.07933999
111  57.76937831  014.07982496
111  57.76938699  014.07973550
111  57.76837207  014.07913655
112  57.76826796  014.07903441  57.76822196  014.07896859
111  57.76796289  014.07860542
112  57.76794715  014.07852598  57.76795926  014.07848739
112  57.76799557  014.07848285  57.76800647  014.07848285
111  57.76858756  014.07849647
112  57.76887447  014.07857364  57.76897131  014.07861677
111  57.76954029  014.07870983
111  57.76955119  014.07861450
111  57.76898947  014.07849873
112  57.76865898  014.07842610  57.76863477  014.07841929
112  57.76836723  014.07840113  57.76834180  014.07840113
111  57.76794231  014.07841701
111  57.76784062  014.07841928
114  57.76779825  014.07838296  57.76778735  014.07835573
110 4 0.00 0.0000 New Taxiway 6
111  57.75002327  014.06631644
111  57.75003199  014.06635456
111  57.75014094  014.06632461
112  57.75013078  014.06639811  57.75012787  014.06642262
112  57.75014530  014.06643895  57.75014676  014.06644167
112  57.75016709  014.06638178  57.75017581  014.06634639
112  57.75019615  014.06634367  57.75019905  014.06634911
111  57.75019905  014.06643350
112  57.75014094  014.06699431  57.75014240  014.06700248
112  57.75009301  014.06753061  57.75008865  014.06758506
111  57.74998986  014.06783824
111  57.74987655  014.06784913
111  57.74988672  014.06798526
111  57.74989398  014.06809960
111  57.75009446  014.06806965
111  57.75018743  014.06706509
111  57.75023973  014.06632188
111  57.75120979  014.06603916
112  57.75131995  014.06600740  57.75132722  014.06599832
112  57.75132843  014.06604143  57.75132843  014.06606412
111  57.75135506  014.06604597
112  57.75138411  014.06593253  57.75139501  014.06585993
113  57.75133932  014.06595976
130 Airport Boundary 1
111  57.76051123  014.06710140
111  57.76093673  014.06539912
111  57.76037213  014.06449431
111  57.75982389  014.06664133
111  57.75630535  014.06438696
111  57.75748365  014.06013892
111  57.75736909  014.05788459
111  57.75637899  014.05661175
111  57.75559346  014.05842133
111  57.75444788  014.06098222
111  57.75259860  014.06225494
111  57.74723601  014.05916737
111  57.74570650  014.06437568
111  57.74773322  014.06559126
111  57.74847667  014.06751677
111  57.74835397  014.07155338
111  57.74896085  014.07202614
111  57.74934367  014.07329905
111  57.74885683  014.07940611
111  57.75137368  014.08155200
111  57.75263211  014.08046581
111  57.75307044  014.07789629
111  57.75249071  014.07744588
111  57.75384812  014.07177610
111  57.75531864  014.07055736
111  57.76166733  014.07437304
111  57.77121158  014.08452519
113  57.77367187  014.07360447
120 Linear Feature 55
111  57.75300678  014.06649974 51
112  57.75286308  014.06582771  57.75266833  014.06571061 51
115  57.75241271  014.06553499
120 Linear Feature 54
111  57.75205201  014.07073877 51
112  57.75201234  014.07083780  57.75198631  014.07088490
111  57.75201234  014.07083780
112  57.75201234  014.07083780  57.75200545  014.07085026
112  57.75198910  014.07087311  57.75198050  014.07088384
111  57.75198910  014.07087311
112  57.75198910  014.07087311  57.75194966  014.07092233 51
112  57.75181968  014.07083173  57.75174690  014.07072115
111  57.75181968  014.07083173
112  57.75181968  014.07083173  57.75167104  014.07060588 51
115  57.75136038  014.07012489
120 Linear Feature 53
111  57.75136305  014.07096809 51
115  57.75132422  014.07105341
120 Linear Feature 52
111  57.75201184  014.07120253 51
112  57.75197344  014.07132290  57.75194528  014.07137680
111  57.75197344  014.07132290
112  57.75197344  014.07132290  57.75196655  014.07133609
112  57.75194944  014.07135905  57.75194029  014.07136957
111  57.75194944  014.07135905
112  57.75194944  014.07135905  57.75192935  014.07138216 51
112  57.75187085  014.07138850  57.75183815  014.07138093
111  57.75187085  014.07138850
112  57.75187085  014.07138850  57.75176238  014.07136340 51
111  57.75154242  014.07130449 51
115  57.75134347  014.07101137
120 Linear Feature 50
111  57.75141796  014.07162558 51
115  57.75136260  014.07161003
120 Linear Feature 49
111  57.75197558  014.07212182 51
112  57.75193968  014.07221237  57.75191583  014.07224732
111  57.75193968  014.07221237
112  57.75193968  014.07221237  57.75193384  014.07222093
112  57.75191841  014.07223466  57.75191115  014.07223975
111  57.75191841  014.07223466
112  57.75191841  014.07223466  57.75190968  014.07224078 51
112  57.75189079  014.07223908  57.75188003  014.07223668
111  57.75189079  014.07223908
112  57.75189079  014.07223908  57.75183455  014.07222653 51
111  57.75134698  014.07207980 51
112  57.75132690  014.07191919  57.75133627  014.07182132 51
111  57.75137377  014.07179371 51
115  57.75139118  014.07161805
120 Linear Feature 48
111  57.75164672  014.07256429 51
115  57.75159605  014.07255158
120 Linear Feature 47
111  57.75157679  014.07312974 51
115  57.75162162  014.07255807
120 Linear Feature 46
111  57.75128137  014.07246877 51
115  57.75123207  014.07245315
120 Linear Feature 45
111  57.75146295  014.07251220 51
111  57.75144072  014.07250641 51
115  57.75141667  014.07250042
120 Linear Feature 44
111  57.75139385  014.07307606 51
115  57.75144072  014.07250641
120 Linear Feature 43
111  57.75128003  014.07304344 51
112  57.75122379  014.07290541  57.75122915  014.07280504 51
111  57.75125868  014.07246164 51
111  57.75126396  014.07240101 51
115  57.75139251  014.07226048
120 Linear Feature 42
111  57.75190817  014.07295107 51
112  57.75186118  014.07309176  57.75182799  014.07315575
111  57.75186118  014.07309176
112  57.75186118  014.07309176  57.75185487  014.07310391
112  57.75184013  014.07312623  57.75183239  014.07313685
111  57.75184013  014.07312623
112  57.75184013  014.07312623  57.75181425  014.07316175 51
112  57.75173632  014.07317393  57.75169252  014.07316258
111  57.75173632  014.07317393
112  57.75173632  014.07317393  57.75161045  014.07314131 51
111  57.75157679  014.07312974 51
111  57.75139385  014.07307606 51
111  57.75128003  014.07304344 51
111  57.75116051  014.07301147 51
111  57.75106042  014.07293302 51
115  57.75048596  014.07274983
120 Linear Feature 41
111  57.75183796  014.07358717 51
112  57.75170314  014.07372903  57.75161342  014.07369891 51
115  57.75155454  014.07368085
120 Linear Feature 40
111  57.75151714  014.07492733 51
112  57.75150112  014.07495986  57.75148983  014.07497561
111  57.75150112  014.07495986
112  57.75150112  014.07495986  57.75149638  014.07496648
112  57.75147877  014.07498096  57.75147156  014.07498590
111  57.75147877  014.07498096
112  57.75147877  014.07498096  57.75146528  014.07499021 51
112  57.75142828  014.07498118  57.75140479  014.07497126
111  57.75142828  014.07498118
112  57.75142828  014.07498118  57.75136241  014.07495335 51
115  57.75120494  014.07487791
120 Linear Feature 39
111  57.75069174  014.07654944 51
112  57.75059461  014.07613809  57.75062370  014.07592987 51
111  57.75067782  014.07581934 51
112  57.75083149  014.07567252  57.75094643  014.07568297 51
111  57.75101450  014.07590046 51
111  57.75115399  014.07591927 51
112  57.75120867  014.07589209  57.75122317  014.07588163 51
115  57.75122317  014.07588163
120 Linear Feature 38
111  57.75113046  014.07654094 51
112  57.75089946  014.07671585  57.75075362  014.07660290 51
111  57.75069174  014.07654944 51
112  57.75043981  014.07676413  57.75036728  014.07707572 51
112  57.75053355  014.07726183  57.75056145  014.07728693 51
112  57.75073106  014.07725765  57.75080360  014.07716146 51
111  57.75082703  014.07703598 51
115  57.75095313  014.07699625
120 Linear Feature 37
111  57.75233992  014.06934862 51
111  57.75211468  014.07030512 51
112  57.75206165  014.07060024  57.75205522  014.07066950 51
111  57.75205201  014.07073877 51
111  57.75201184  014.07120253 51
111  57.75199416  014.07144645 51
112  57.75199255  014.07154450  57.75199255  014.07161846 51
111  57.75198897  014.07197228 51
111  57.75197558  014.07212182 51
111  57.75190817  014.07295107 51
111  57.75186864  014.07337805 51
112  57.75183796  014.07358717  57.75181843  014.07367082 51
111  57.75151714  014.07492733 51
111  57.75113046  014.07654094 51
111  57.75094968  014.07731386 51
112  57.75093426  014.07736019  57.75092470  014.07738113 51
111  57.75087279  014.07750613 51
112  57.75084514  014.07761819  57.75083691  014.07765041 51
111  57.75079581  014.07780308 51
112  57.75078161  014.07791864  57.75078235  014.07795646 51
112  57.75081898  014.07802509  57.75084476  014.07804821 51
115  57.75191601  014.07889987
120 Linear Feature 36
111  57.75138382  014.06917093 51
115  57.75140471  014.06925525
120 Linear Feature 35
111  57.75161398  014.06904971 51
115  57.75139497  014.06921577
120 Linear Feature 34
111  57.75391146  014.06646059 51
111  57.75337797  014.06613233 51
112  57.75300678  014.06649974  57.75289590  014.06699062 51
111  57.75233992  014.06934862 51
112  57.75230570  014.06937100  57.75228405  014.06938129
111  57.75230570  014.06937100
112  57.75230570  014.06937100  57.75229919  014.06937409
112  57.75228009  014.06938057  57.75227204  014.06938296
111  57.75228009  014.06938057
112  57.75228009  014.06938057  57.75224787  014.06939013 51
112  57.75215838  014.06935807  57.75210898  014.06932625
111  57.75215838  014.06935807
112  57.75215838  014.06935807  57.75205554  014.06929182 51
111  57.75201211  014.06916492 51
111  57.75161398  014.06904971 51
115  57.75146256  014.06900531
120 Linear Feature 33
111  57.76683704  014.07471660 51
112  57.76682589  014.07494883  57.76680357  014.07508482 51
111  57.76663395  014.07606603 51
112  57.76656123  014.07634883  57.76652374  014.07645427 51
112  57.76580128  014.07695138  57.76538811  014.07670776 51
111  57.76504491  014.07650787 51
112  57.76477834  014.07537723  57.76492495  014.07452769 51
111  57.76502491  014.07396550 51
112  57.76487655  014.07316891  57.76462433  014.07300840 51
115  57.76430963  014.07280553
120 Linear Feature 68
111  57.75059093  014.07188393 20
111  57.75113981  014.07206233 20
112  57.75115610  014.07203662  57.75115867  014.07200447 20
111  57.75121270  014.07140016 20
112  57.75120070  014.07135516  57.75119384  014.07133748 20
111  57.75115439  014.07117033 20
112  57.75115610  014.07110282  57.75115953  014.07105943 20
111  57.75121911  014.07029754 20
112  57.75117881  014.07023326  57.75116251  014.07020593 20
112  57.75113078  014.07013361  57.75113250  014.07011593 20
111  57.75117366  014.06968519 20
112  57.75120282  014.06959840  57.75120797  014.06955179 20
111  57.75126285  014.06896194 20
112  57.75124484  014.06894266  57.75122512  014.06893301 20
111  57.75064108  014.06874015 20
112  57.75059562  014.06886069  57.75058447  014.06898766 20
115  57.75057847  014.06910338
120 Linear Feature 67
111  57.75062009  014.06861161 20
111  57.75118097  014.06877073 20
112  57.75133363  014.06885431  57.75134735  014.06887359 20
112  57.75134735  014.06896842  57.75134135  014.06902467 20
111  57.75127531  014.06970614 20
112  57.75124529  014.06978971  57.75124015  014.06980578 20
112  57.75121528  014.06993597  57.75120756  014.07002919 20
112  57.75121528  014.07010151  57.75122728  014.07012562 20
111  57.75128903  014.07022366 20
112  57.75129418  014.07031528  57.75128732  014.07039724 20
111  57.75123414  014.07113978 20
112  57.75126073  014.07124747  57.75126931  014.07127961 20
112  57.75128646  014.07140498  57.75128131  014.07145801 20
111  57.75118355  014.07258468 20
112  57.75114495  014.07261040  57.75110979  014.07260075 20
111  57.75092883  014.07255735 20
111  57.75075902  014.07248824 20
112  57.75073501  014.07240306  57.75074187  014.07232270 20
111  57.75076160  014.07209447 20
112  57.75075216  014.07208322  57.75074530  014.07208001 20
115  57.75035337  014.07196268
21  57.75103169  014.06377394 2 18.0400 3.00 01  PAPI-4L
21  57.76399019  014.07352095 2 198.0500 3.00 19  PAPI-4L
14  57.75040717  014.07135153 150.92 0 ATC Tower
1300  57.75144971  014.06900004 -171.50 gate heavy|jets Terminal Gate 1
1301 E airline 
1300  57.75134706  014.07008974 -142.32 gate heavy|jets|turboprops Terminal Gate 2
1301 D airline 
1300  57.75108447  014.07591474   9.83 tie_down heavy|jets|turboprops Cargo Ramp
1301 C cargo 
1300  57.75045078  014.07795285 -51.51 tie_down turboprops|props|helos Ramp General Aviation
1301 B general_aviation 
1300  57.75234615  014.07862967 -184.78 tie_down jets|turboprops|props Ramp Club area
1301 B general_aviation 
19  57.75131080  014.06240541 1 WS
19  57.76390171  014.07402762 1 WS
19  57.75441346  014.06928517 1 WS
19  57.75203723  014.07792960 1 WS
54 11825 TWR
50 11460 LANDVETTER ATIS
1000 S wind
1001 ESGG 106 285 70
1002 ESGG 100
1003 ESGG 0.5
1101 19 left
1100 19  13300 arrivals|departures heavy|jets|turboprops|props|fighters 000000 000000 Arr,Dep Rwy 19
1000 N wind
1001 ESGG 286 105 70
1002 ESGG 100
1003 ESGG 0.5
1101 01 left
1100 01  13300 arrivals|departures heavy|jets|turboprops|props|fighters 000000 000000 Arr,Dep Rwy 01
1000 E wind LIGHT AIRCRAFT
1001 ESGG 021 201 30
1002 ESGG 1000
1003 ESGG 2.0
1101 11 left
1100 11  13300 arrivals|departures turboprops|props 000000 000000 Arr,Dep Rwy 11
1000 W wind LIGHT AIRCRAFT
1001 ESGG 202 020 30
1002 ESGG 1000
1003 ESGG 2.0
1101 11 left
1100 29  13300 arrivals|departures turboprops|props 000000 000000 Arr,Dep Rwy 29
1000 S wind CATCHALL
1001 ESGG 106 285 300
1002 ESGG 0
1003 ESGG 0.0
1101 19 left
1100 19  13300 arrivals|departures heavy|jets|turboprops|props|helos|fighters 000000 000000 Arr,Dep Rwy 19
1000 N wind catchall
1001 ESGG 285 106 300
1002 ESGG 0
1003 ESGG 0.0
1101 01 left
1100 01  13300 arrivals|departures heavy|jets|turboprops|props|helos|fighters 000000 000000 Arr,Dep Rwy 01
1200 
1201  57.75089522  014.07089630 both 0 _stop
1201  57.75065749  014.07127624 both 1 _stop
1201  57.75054017  014.07194548 both 2 _stop
1201  57.75091683  014.07271694 both 3 _stop
1201  57.75080672  014.07203035 both 4 _stop
1201  57.75077275  014.07242186 both 5 _stop
1201  57.75093433  014.07248551 both 6 _stop
1201  57.75081775  014.07244252 both 7 _stop
1201  57.75115045  014.07254144 both 8 _stop
1201  57.75124616  014.07138810 both 9 _stop
1201  57.75118132  014.07214992 both 10 _stop
1201  57.75119059  014.07115281 both 11 _stop
1201  57.75126077  014.07027295 both 12 _stop
1201  57.75120191  014.07100430 both 13 _stop
1201  57.75116383  014.07011519 both 14 _stop
1201  57.75118338  014.06981432 both 15 _stop
1201  57.75123484  014.06968201 both 16 _stop
1201  57.75131388  014.06889009 both 17 _stop
1201  57.75097858  014.06875933 both 18 _stop
1201  57.75060809  014.06865132 both 19 _stop
1201  57.75071839  014.07329518 both 20 N_stop
1201  57.75058938  014.07446799 both 21 N_stop
1201  57.75089271  014.07452026 both 22 N_stop
1201  57.75055663  014.06920099 both 23 _start
1201  57.75234882  014.06930928 both 24 A_stop
1201  57.75307067  014.06621638 both 25 A_stop
1201  57.75279474  014.06743105 both 26 A_stop
1201  57.75370414  014.06804053 both 27 _stop
1201  57.75381650  014.06803689 both 28 _stop
1201  57.75389981  014.06775247 both 29 _stop
1201  57.75379778  014.06745837 both 30 _stop
1201  57.75361437  014.06763628 both 31 _stop
1201  57.75173754  014.07620835 both 32 N_stop
1201  57.75367427  014.06808914 both 33 N_start
1201  57.75365377  014.06817487 both 34 N_start
1201  57.76698157  014.07441909 both 35 N_stop
1201  57.74824473  014.06297020 both 36 N_start
1201  57.75292390  014.06582638 both 37 N_start
1201  57.75336909  014.06610166 both 38 N_start
1201  57.75361615  014.06624696 both 39 N_start
1201  57.75472392  014.06692282 both 40 N_start
1201  57.76490415  014.07314191 both 41 N_start
1201  57.76684951  014.07432875 both 42 N_start
1201  57.76505965  014.07364165 both 43 B_stop
1201  57.76475258  014.07552574 both 44 B_stop
1201  57.76488074  014.07476570 both 45 B_stop
1201  57.76476329  014.07607679 both 46 B_stop
1201  57.76498745  014.07646307 both 47 B_stop
1201  57.76581345  014.07696924 both 48 B_stop
1201  57.76609682  014.07698371 both 49 B_stop
1201  57.76666471  014.07589807 both 50 B_stop
1201  57.76645276  014.07663799 both 51 B_stop
1201  57.76681157  014.07503798 both 52 B_stop
1201  57.75219749  014.07911836 both 53 _stop
1201  57.75222829  014.07855622 both 54 _stop
1201  57.75193101  014.07890756 both 55 _stop
1201  57.75087150  014.07751172 both 56 _stop
1201  57.75076746  014.07797900 both 57 _stop
1201  57.75124552  014.07836643 both 58 _stop
1201  57.75158469  014.07863491 both 59 _stop
1201  57.75093794  014.07811623 both 60 _stop
1201  57.75057544  014.07790736 both 61 _stop
1201  57.75095493  014.07729161 both 62 _stop
1201  57.75109839  014.07668454 both 63 _stop
1201  57.75186430  014.07350168 both 64 _stop
1201  57.75189669  014.07312008 both 65 _stop
1201  57.75198694  014.07199696 both 66 _stop
1201  57.75200830  014.07131400 both 67 _stop
1201  57.75207257  014.07045218 both 68 _stop
1202 25 26 twoway taxiway_E A
1204 departure 01,19
1204 arrival 01,19
1202 26 24 twoway taxiway_E A
1202 25 37 twoway taxiway_E A
1204 departure 01,19
1204 arrival 01,19
1202 38 25 twoway taxiway_E A
1204 departure 01,19
1204 arrival 01,19
1202 27 33 twoway taxiway_B 
1204 departure 01,11,19,29
1204 arrival 01,11,19,29
1202 28 27 twoway taxiway_B 
1204 departure 01,11,19,29
1204 arrival 01,11,19,29
1202 29 28 twoway taxiway_B 
1204 departure 01,11,19,29
1204 arrival 01,11,19,29
1202 30 29 twoway taxiway_B 
1204 departure 01,11,19,29
1204 arrival 01,11,19,29
1202 31 30 twoway taxiway_B 
1204 departure 01,11,19,29
1204 arrival 01,11,19,29
1202 34 31 twoway taxiway_B 
1204 departure 01,11,19,29
1204 arrival 01,11,19,29
1202 33 34 twoway runway 11/29
1204 departure 01,11,19,29
1204 arrival 01,11,19,29
1204 ils 11,29
1202 34 32 twoway runway 11/29
1204 departure 11,29
1204 arrival 11,29
1204 ils 11,29
1202 36 37 twoway runway 01/19
1204 departure 01,19
1204 arrival 01,19
1204 ils 01,19
1202 37 38 twoway runway 01/19
1204 departure 01,19
1204 arrival 01,19
1204 ils 01,19
1202 38 39 twoway runway 01/19
1204 departure 01,19
1204 arrival 01,19
1204 ils 01,19
1202 39 40 twoway runway 01/19
1204 departure 01,11,19,29
1204 arrival 01,11,19,29
1204 ils 01,19
1202 40 41 twoway runway 01/19
1204 departure 01,19
1204 arrival 01,19
1204 ils 01,19
1202 41 42 twoway runway 01/19
1204 departure 01,19
1204 arrival 01,19
1204 ils 01,19
1202 42 35 twoway runway 01/19
1204 departure 01,19
1204 arrival 01,19
1204 ils 01,19
1202 43 41 twoway taxiway_E B
1204 departure 01,19
1204 arrival 01,19
1202 44 45 twoway taxiway_E B
1202 45 43 twoway taxiway_E B
1204 departure 01,19
1204 arrival 01,19
1202 46 44 twoway taxiway_E B
1202 47 46 twoway taxiway_E B
1202 48 47 twoway taxiway_E B
1202 49 48 twoway taxiway_E B
1202 50 51 twoway taxiway_E B
1202 51 49 twoway taxiway_E B
1202 52 50 twoway taxiway_E B
1204 departure 01,19
1204 arrival 01,19
1202 42 52 twoway taxiway_E B
1204 departure 01,19
1204 arrival 01,19
1202 55 53 twoway taxiway_B 
1202 55 54 twoway taxiway_B 
1202 58 59 twoway taxiway_B 
1204 departure 11,29
1204 arrival 11,29
1202 59 55 twoway taxiway_B 
1202 57 56 twoway taxiway_B 
1202 58 60 twoway taxiway_B 
1204 departure 11,29
1204 arrival 11,29
1202 60 57 twoway taxiway_B 
1202 32 58 twoway taxiway_B 
1204 departure 11,29
1204 arrival 11,29
1202 57 61 twoway taxiway_B 
1202 62 56 twoway taxiway_B 
1202 63 62 twoway taxiway_B 
1202 64 63 twoway taxiway_B 
1202 65 64 twoway taxiway_B 
1202 66 65 twoway taxiway_C 
1202 67 66 twoway taxiway_C 
1202 68 67 twoway taxiway_E 
1202 24 68 twoway taxiway_E 
1206 0 13 twoway  
1206 1 0 twoway  
1206 2 1 twoway  
1206 4 2 twoway  
1206 10 4 twoway  
1206 6 3 twoway  
1206 5 4 twoway  
1206 6 7 twoway  
1206 7 5 twoway  
1206 8 6 twoway  
1206 9 10 twoway  
1206 10 8 twoway  
1206 11 9 twoway  
1206 12 13 twoway  
1206 13 11 twoway  
1206 14 12 twoway  
1206 15 14 twoway  
1206 16 15 twoway  
1206 17 16 twoway  
1206 18 17 twoway  
1206 19 18 twoway  
1206 23 19 twoway  
1206 20 7 twoway  N
1206 21 20 twoway  N
1206 22 21 twoway  N
1206 8 22 twoway  N
1400  57.75057936  14.07146070  130.60 baggage_train 3 New Service Truck 14
1400  57.75088168  14.07261603  98.97 baggage_loader 0 New Service Truck 13
1400  57.75116965  14.07152541  98.97 fuel_liners 0 New Service Truck 142
1400  57.75091688  14.07383837  97.59 fuel_jets 0 New Service Truck 141
1400  57.75083574  14.07228554  98.75 fuel_props 0 New Service Truck 12
1400  57.75065353  14.06890343  99.90 crew_limo 0 New Service Truck 146
1400  57.75047339  14.06939891  102.01 crew_car 0 New Service Truck 145
1400  57.75050245  14.06907766  96.71 crew_car 0 New Service Truck 144
1400  57.75072907  14.06881359  12.72 food 0 New Service Truck 143
1400  57.75090984  14.07228554  100.49 gpu 0 New Service Truck 11
1400  57.75126106  14.06998042  43.02 pushback 0 New Service Truck 9
1401  57.75095510  14.07186597  189.46 baggage_train|crew_car|crew_ferrari|crew_limo|fuel_jets|fuel_liners|fuel_props|food|gpu|pushback New Service Truck Destination 8
1401  57.75095757  14.07176645  194.74 baggage_train|crew_car|crew_ferrari|crew_limo|fuel_jets|fuel_liners|fuel_props|food|gpu|pushback New Service Truck Destination 7
99
