I
1100 Generated by WorldEditor 1.7.21r1

1    200 1 0 ESGL Lidkoping
1302 city Lidköping
1302 country Sweden
1302 datum_lat 58.465277778
1302 datum_lon 13.174444444
1302 faa_code 
1302 iata_code LDK
1302 icao_code ESGL
1302 region_code ES
1302 state Västra Götalands län
1302 transition_alt 5000
1302 transition_level 
100 45.00 1 0 0.25 0 3 1 06  58.46109200  013.15839700   60    0 3 10 0 0 24  58.46969900  013.18946700    0    0 3 3 0 0
100 50.00 3 0 0.25 1 0 1 06R  58.45997267  013.15830153    0    0 0 0 0 0 24L  58.46391493  013.17257990    0    0 0 0 0 0
110 1 0.00 0.0000 Taxi area main
111  58.46348608  013.15514025 1 102
112  58.46342197  013.15496534  58.46338721  013.15500364
111  58.46342197  013.15496534
112  58.46342197  013.15496534  58.46336534  013.15502773 1 102
111  58.46314606  013.15533652 1 102
112  58.46290993  013.15456954  58.46286931  013.15442336 1 102
112  58.46298261  013.15420219  58.46303756  013.15415195 1 102
111  58.46320705  013.15426200 1 102
111  58.46330556  013.15450447 1 102
112  58.46340592  013.15448363  58.46347282  013.15442424 1 102
111  58.46348904  013.15419226
112  58.46340012  013.15384412  58.46342291  013.15379865
111  58.46340012  013.15384412
112  58.46340012  013.15384412  58.46348434  013.15363878
111  58.46357113  013.15377289
111  58.46365593  013.15366028
111  58.46366665  013.15336980
111  58.46345092  013.15265700 1 102
111  58.46334142  013.15277877 1 102
111  58.46348519  013.15329586 1 102
111  58.46327885  013.15354745 1 102
112  58.46319893  013.15317190  58.46325601  013.15312415
111  58.46319893  013.15317190
112  58.46319893  013.15317190  58.46320012  013.15317190 1 102
111  58.46308841  013.15277038
111  58.46199960  013.15402738 1 102
111  58.46219802  013.15476003 1 102
111  58.46222314  013.15513513 1 102
112  58.46217976  013.15651406  58.46217976  013.15668758 1 102
111  58.46209855  013.15677053 1 102
112  58.46155212  013.15732962  58.46125505  013.15769191 1 102
111  58.46117885  013.15833746 1 102
111  58.46123273  013.15940415 1 102
111  58.46143668  013.15921289 1 102
112  58.46141744  013.15798435  58.46149938  013.15768081 1 102
111  58.46164063  013.15755767 1 102
111  58.46175438  013.15743705
111  58.46229584  013.15686289 1 102
111  58.46332093  013.15577590 1 102
112  58.46364394  013.15655112  58.46369874  013.15666898 1 102
111  58.46385219  013.15667721
111  58.46416665  013.15631999
113  58.46376459  013.15485366 1 102
111  58.46263761  013.15623532 1 102
111  58.46234476  013.15653915 1 102
111  58.46230160  013.15641700 1 102
111  58.46232945  013.15525428 1 102
113  58.46234632  013.15525853 1 102
112  58.46310993  013.15349430  58.46314303  013.15349551
111  58.46310993  013.15349430
112  58.46310993  013.15349430  58.46315267  013.15362782 1 102
112  58.46309958  013.15385760  58.46306253  013.15390221 1 102
111  58.46285574  013.15415677 1 102
111  58.46277448  013.15411968 1 102
111  58.46265493  013.15372067 1 102
113  58.46287220  013.15350016 1 102
110 1 0.00 0.0000 Narrow taxiway/road
111  58.46229584  013.15686289
111  58.46175438  013.15743705 1 102
112  58.46236089  013.15730437  58.46251143  013.15742946
111  58.46236089  013.15730437
112  58.46236089  013.15730437  58.46252892  013.15740271 1 102
112  58.46271933  013.15770548  58.46289071  013.15797292 1 102
111  58.46299462  013.15842707 1 102
112  58.46332780  013.15978414  58.46336278  013.16018542 1 102
112  58.46334043  013.16085621  58.46332644  013.16113042 1 102
112  58.46328273  013.16312337  58.46330022  013.16351127 1 102
112  58.46346459  013.16409011  58.46353562  013.16439209 1 102
111  58.46438920  013.16750197 1 102
111  58.46605184  013.17360159 1 102
111  58.46685426  013.17644572 1 102
112  58.46683150  013.17667171  58.46675415  013.17675095 1 102
112  58.46657064  013.17692432  58.46650295  013.17697979 1 102
111  58.46643243  013.17682981
111  58.46656638  013.17731861 1 102
112  58.46659604  013.17713446  58.46664301  013.17708164 1 102
112  58.46689519  013.17686518  58.46694353  013.17683085 1 102
111  58.46699936  013.17698916 1 102
111  58.46774206  013.17966354 1 102
111  58.46831672  013.18175327 1 102
111  58.46897026  013.18429541 1 102
112  58.46923507  013.18504952  58.46939846  013.18530805 1 102
111  58.46980974  013.18558814 1 102
112  58.47046863  013.18604632  58.47069627  013.18623285 1 102
112  58.47077315  013.18706397  58.47077878  013.18731173 1 102
112  58.47063911  013.18809208  58.47051778  013.18833170 1 102
112  58.47021206  013.18851384  58.47004512  013.18855943 1 102
112  58.46979325  013.18846201  58.46972418  013.18841798 1 102
111  58.46956880  013.18818871 42
111  58.46969143  013.18861520 1 102
112  58.47014489  013.18886978  58.47025309  013.18888739 1 102
112  58.47063555  013.18867981  58.47074951  013.18852572 1 102
111  58.47081201  013.18841493 1 102
112  58.47111677  013.18828206  58.47120934  013.18828169 1 102
112  58.47116947  013.18891800  58.47115862  013.18909353 1 102
112  58.47095344  013.18950931  58.47081259  013.18981094 1 102
112  58.47064190  013.19000436  58.47057686  013.19004683 1 102
112  58.47013077  013.18992886  58.46996739  013.18972419
111  58.47013077  013.18992886
112  58.47013077  013.18992886  58.47004626  013.18982114 1 102
111  58.46988043  013.18929029
111  58.46952186  013.18964871 1 102
112  58.46997148  013.19010754  58.47009543  013.19024758 1 102
112  58.47061540  013.19040666  58.47088642  013.19041660 1 102
112  58.47121246  013.18973390  58.47132514  013.18939996
111  58.47121246  013.18973390
112  58.47121246  013.18973390  58.47130824  013.18949691 1 102
112  58.47133200  013.18891105  58.47133281  013.18860753 1 102
112  58.47118075  013.18766922  58.47108854  013.18725439 1 102
112  58.47085135  013.18650232  58.47082602  013.18640987 1 102
111  58.47072808  013.18624699 1 102
111  58.47065163  013.18609886 1 102
111  58.47056148  013.18595337 1 102
111  58.47043176  013.18583628 1 102
111  58.46989518  013.18548175 1 102
111  58.46955015  013.18521462 1 102
112  58.46928014  013.18486962  58.46916183  013.18465418 1 102
111  58.46895901  013.18384624 1 102
111  58.46695894  013.17644827 1 102
112  58.46337840  013.16334258  58.46331548  013.16278352 1 102
112  58.46342914  013.16024090  58.46342215  013.15997338 1 102
112  58.46334754  013.15945198  58.46328457  013.15908414 1 102
112  58.46296724  013.15806281  58.46275315  013.15735193 1 102
114  58.46235877  013.15713651  58.46227314  013.15709722 1 102
112  58.47111301  013.18767307  58.47121201  013.18799224
112  58.47096452  013.18805828  58.47091848  013.18786457
111  58.47085747  013.18766426
112  58.47088510  013.18743313  58.47088970  013.18737810
111  58.47090582  013.18714037
114  58.47102208  013.18735389  58.47106812  013.18748596
110 3 0.50 62.0000 Grass area 06R/24L
111  58.45951262  013.15849601
111  58.46357433  013.17303368
111  58.46424293  013.17236072
111  58.46353597  013.16978926
111  58.46391381  013.16938628
111  58.46387227  013.16924427
111  58.46349297  013.16963286
111  58.46089992  013.16020097
111  58.46126433  013.15981205
111  58.46122934  013.15969489
111  58.46086298  013.16006660
113  58.46022292  013.15783698
130 Airport Boundary
111  58.46134087  013.15367533
111  58.46214509  013.15624375
111  58.46209642  013.15662303
111  58.46038658  013.15841849
111  58.46022292  013.15783698
111  58.45951262  013.15849601
111  58.46293932  013.17076740
111  58.46251404  013.17122481
111  58.46720586  013.18737610
111  58.46960671  013.19291172
111  58.47067793  013.19476403
111  58.47147897  013.19400354
111  58.47191242  013.19174172
111  58.47211347  013.18959545
111  58.47082463  013.18520221
111  58.46955373  013.18264544
111  58.46932193  013.18233890
111  58.46346401  013.15843956
111  58.46523696  013.15645208
111  58.46715317  013.15625307
111  58.46699872  013.15543004
111  58.46586561  013.15314858
111  58.46510791  013.15169778
111  58.46394789  013.15302311
113  58.46350422  013.15155641
21  58.46254636  013.16201858 2 62.1100 3.00 06  PAPI-4L
21  58.46800179  013.18525669 2 242.1300 3.00 24  PAPI-4L
1300  58.46255631  013.15421159  59.77 misc turboprops|props|helos Ramp Start long row-1
1301 B none 
1300  58.46228396  013.15448062  59.77 misc props|helos Ramp Start long row-2
1301 B none 
1300  58.46387576  013.15624833 151.08 misc props|helos Ramp Start small hangars-1
1301 B none 
1300  58.46371334  013.15533385 -187.06 misc props|helos Ramp Start  small hangars-2
1301 A none 
19  58.46244432  013.15604048 1 WS
19  58.46002337  013.15966543 1 WS
19  58.46344744  013.17189491 1 WS
54 12445 AFIS
99
