I
1100 Generated by WorldEditor 1.7.21r1

1     59 1 0 ESGP Goteborg Save
1302 city Gothenburg
1302 country Sweden
1302 datum_lat 57.775555556
1302 datum_lon 11.870555556
1302 faa_code 
1302 iata_code GSE
1302 icao_code ESGP
1302 region_code ES
1302 state Västra Götalands län
1302 transition_alt 5000
1302 transition_level 
100 40.00 1 0 0.25 0 3 1 01  57.76596295  011.86878578   55    0 2 0 0 0 19  57.78415572  011.87177112   57    0 3 1 0 0
100 30.00 1 0 0.25 0 0 1 04  57.77590539  011.87241038    0  137 2 0 0 0 22  57.78148410  011.88257087    0  216 2 0 0 0
102 H2  57.78031927  011.88266517 224.03 75.00 50.00 15 0 0 0.00 1
102 H1  57.77947576  011.88163808 209.02 75.00 50.00 15 0 0 0.00 1
110 1 0.25 0.0000 Taxiway NE
111  57.78362920  011.87202246 1 102
112  57.78386616  011.87234127  57.78389388  011.87250951
111  57.78386616  011.87234127
112  57.78386616  011.87234127  57.78389062  011.87242386 1 102
112  57.78386461  011.87267154  57.78385320  011.87273272 1 102
112  57.78379386  011.87290699  57.78376614  011.87297428 1 102
112  57.78362062  011.87316925  57.78356028  011.87324267 1 102
112  57.78331320  011.87335183  57.78315665  011.87336713 1 102
112  57.78156805  011.87340542  57.78145226  011.87340847 1 102
112  57.78116175  011.87352534  57.78107695  011.87356204 1 102
111  57.78097012  011.87363184 1 102
112  57.78107499  011.87329211  57.78111576  011.87309942 1 102
112  57.78113478  011.87262936  57.78113804  011.87240914 1 102
112  57.78108419  011.87195273  57.78104994  011.87170804 1 102
111  57.78097530  011.87158720 1 102
111  57.78085889  011.87156368 1 102
112  57.78100892  011.87194065  57.78103664  011.87210582 1 102
112  57.78106742  011.87263422  57.78106416  011.87280856 1 102
112  57.78101519  011.87320969  57.78098584  011.87337791 1 102
112  57.78085630  011.87363882  57.78079596  011.87377339 1 102
112  57.78050460  011.87416393  57.78041001  011.87430769 1 102
112  57.78013680  011.87489836  57.78007483  011.87506964 1 102
112  57.77986601  011.87603239  57.77982850  011.87624343 1 102
111  57.77944360  011.87851454 1 102
111  57.77950958  011.87864213 1 102
112  57.77987253  011.87644555  57.77994754  011.87593783 1 102
112  57.78010882  011.87528365  57.78017405  011.87504814 1 102
111  57.78020253  011.87497663 1 102
112  57.78042983  011.87450021  57.78058149  011.87424328
111  57.78042983  011.87450021
112  57.78042983  011.87450021  57.78057334  011.87422493 1 102
112  57.78083078  011.87391944  57.78090742  011.87382463 1 102
112  57.78116036  011.87368087  57.78125168  011.87362582 1 102
112  57.78155852  011.87356778  57.78168572  011.87356778 1 102
112  57.78334200  011.87350229  57.78352464  011.87349005 1 102
112  57.78380668  011.87310371  57.78391105  011.87291712
111  57.78380668  011.87310371
112  57.78380668  011.87310371  57.78391268  011.87294771 1 102
112  57.78405067  011.87238167  57.78408981  011.87224403 1 102
113  57.78413974  011.87210442 1 102
110 2 0.00 0.0000 Main taxiway 
112  57.78121902  011.87077897  57.78122480  011.87065976 1 102
111  57.78123591  011.87051501 1 102
112  57.78124154  011.87008212  57.78123576  011.86990874 1 102
111  57.78112220  011.86950029 1 102
112  57.78086612  011.86851437  57.78081989  011.86837891 1 102
112  57.78063241  011.86814970  57.78055440  011.86810094 1 102
112  57.78034558  011.86803385  57.78020402  011.86801217 1 102
111  57.77319483  011.86684669 1 102
112  57.77280822  011.86681220  57.77272417  011.86681220 1 102
112  57.77248734  011.86704375  57.77239280  011.86715210 1 102
112  57.77223776  011.86762224  57.77221937  011.86770596 1 102
111  57.77217997  011.86805506 1 102
112  57.77213079  011.86930072  57.77212444  011.86941394 1 102
111  57.77200131  011.86943795 1 102
111  57.77236725  011.86950129 1 102
112  57.77227942  011.86929158  57.77228052  011.86915969 1 102
112  57.77232221  011.86815289  57.77233009  011.86806917 1 102
112  57.77238976  011.86765391  57.77242391  011.86757511 1 102
112  57.77258681  011.86726332  57.77263934  011.86718452 1 102
112  57.77283563  011.86712508  57.77291705  011.86712016 1 102
111  57.77320627  011.86717556 1 102
111  57.78029366  011.86827785 1 102
112  57.78049360  011.86833578  57.78058893  011.86837371 1 102
112  57.78069123  011.86850528  57.78075190  011.86860281 1 102
111  57.78079761  011.86877328 1 102
111  57.78100515  011.86960566 1 102
111  57.78110177  011.87003629 1 102
111  57.78110177  011.87044808 1 102
111  57.78105110  011.87071204 1 102
111  57.78092161  011.87090210 1 102
113  57.78136637  011.87098657 1 102
110 2 0.00 0.0000 Main concourse
111  57.77506400  011.86350029
111  57.77453798  011.86428374
111  57.77452442  011.86546234
111  57.77462973  011.86547934
112  57.77457882  011.86690756  57.77457183  011.86699934
111  57.77447002  011.86707759
111  57.77473580  011.86711159
111  57.77469850  011.86702052
111  57.77473154  011.86619468
112  57.77700876  011.86658451  57.77706459  011.86660196
112  57.77711339  011.86677892  57.77710408  011.86691853
112  57.77708129  011.86733263  57.77707199  011.86742861
111  57.77699062  011.86748565
111  57.77815857  011.86768501
112  57.77807457  011.86747257  57.77808034  011.86735879
112  57.77809021  011.86704358  57.77809888  011.86695147
112  57.77822990  011.86687430  57.77828479  011.86689598
112  57.77947496  011.86707759  57.77955568  011.86709441
112  57.77961993  011.86732962  57.77962173  011.86741710
112  57.77961256  011.86764649  57.77960718  011.86777433
111  57.77944776  011.86789371
111  57.77988845  011.86796191
112  57.77974707  011.86764859  57.77975065  011.86748037
112  57.77979240  011.86644849  57.77980496  011.86634419
111  57.77985606  011.86623419
112  57.78003711  011.86612544  57.78011066  011.86614226
111  57.78098725  011.86628537
113  57.78105880  011.86437453
112  57.77691061  011.86420859  57.77699265  011.86431115
111  57.77702683  011.86431115
111  57.77701589  011.86470087
111  57.77720866  011.86475984
112  57.77719772  011.86496752  57.77719635  011.86501624
111  57.77715944  011.86502393
112  57.77693796  011.86498291  57.77692019  011.86497778
111  57.77692565  011.86493932
111  57.77693522  011.86470600
111  57.77678620  011.86468549
111  57.77677937  011.86494701
111  57.77657839  011.86492906
112  57.77652234  011.86491368  57.77648132  011.86489317
111  57.77647859  011.86478548
111  57.77650457  011.86391630
113  57.77683405  011.86395220
110 2 0.00 0.0000 Taxiway Center
111  57.77764393  011.86785623 1 102
111  57.77693206  011.86773408 1 102
112  57.77702624  011.86788332  57.77703779  011.86795917 1 102
111  57.77701645  011.86807436 1 102
111  57.77691810  011.86923479 1 102
111  57.77680643  011.86985427 1 102
111  57.77670873  011.87006367 1 102
111  57.77651331  011.87017710 1 102
111  57.77735081  011.87033415 1 102
111  57.77721588  011.87014220 1 102
112  57.77713213  011.86989789  57.77711479  011.86970827 1 102
112  57.77713213  011.86914754  57.77713213  011.86911264 1 102
111  57.77716470  011.86871129 1 102
111  57.77724845  011.86816161 1 102
111  57.77729963  011.86803073 1 102
113  57.77740199  011.86793475 1 102
110 1 0.50 0.0000 Annex asphalt area
111  57.78300463  011.86456973
111  57.78254936  011.86451647
111  57.78254707  011.86461440
111  57.78105850  011.86438640
111  57.78105312  011.86449535
111  57.78247672  011.86472381
111  57.78243602  011.86612811
111  57.78289637  011.86616698
113  57.78295829  011.86609307
110 2 0.00 0.0000 Tower access
111  57.78011300  011.87526700
111  57.78035833  011.87583024
111  57.78044293  011.87567952
113  57.78018914  011.87502901
110 1 0.25 0.0000 Taxiway small acf
111  57.77457638  011.87763063
111  57.77437195  011.87721276
111  57.77224237  011.87234239
112  57.77213534  011.87206216  57.77211202  011.87194780
111  57.77211547  011.87179517
112  57.77218662  011.87030143  57.77219559  011.87022742
111  57.77228810  011.87015400
111  57.77209628  011.87012620
111  57.77202026  011.87174637
112  57.77202944  011.87213004  57.77205994  011.87224777
111  57.77214912  011.87245276
111  57.77421320  011.87714523
111  57.77439226  011.87752687
112  57.77455447  011.87781784  57.77466477  011.87795082
111  57.77746495  011.88103817
113  57.77752122  011.88087399
110 2 0.25 0.0000 Helo area concrete
111  57.77942299  011.87915900
111  57.77934897  011.87902914
112  57.77913409  011.88035013  57.77909951  011.88054859
112  57.77894786  011.88068292  57.77883167  011.88068551
112  57.77820489  011.88070657  57.77816547  011.88070527
112  57.77782187  011.88100587  57.77774649  011.88106424
112  57.77760322  011.88098607  57.77755273  011.88092511
111  57.77752204  011.88087401
111  57.77746568  011.88104782
111  57.77757473  011.88118709
111  57.77739779  011.88134769
112  57.77701940  011.88162659  57.77692074  011.88170801
111  57.77680138  011.88238860
111  57.77694598  011.88300026
111  57.77748942  011.88255250
111  57.77772154  011.88292473
111  57.77777842  011.88280891
112  57.77766184  011.88258366  57.77763027  011.88252075
112  57.77767171  011.88240903  57.77770328  011.88237572
112  57.77830279  011.88189411  57.77836988  011.88185340
111  57.77846307  011.88189470
111  57.77851528  011.88248517
111  57.77863227  011.88243144
111  57.77858618  011.88187619
112  57.77899892  011.88184563  57.77906798  011.88184563
111  57.77959794  011.88240011
111  57.77960272  011.88257026
111  57.77966241  011.88263295
111  57.77970351  011.88252626
112  57.77980089  011.88255235  57.77983246  011.88260416
111  57.78033319  011.88347453
111  57.78039688  011.88374811
111  57.78053580  011.88397319
111  57.78115395  011.88347173
111  57.78113005  011.88331430
111  57.78029380  011.88179575
111  57.78011919  011.88156289
112  57.77927768  011.88078832  57.77921198  011.88072217
114  57.77922384  011.88039861  57.77925634  011.88020275
110 1 0.50 0.0000 Taxiway out of use
111  57.76732658  011.86933741
111  57.76685060  011.86926064
112  57.76692737  011.86980060  57.76697343  011.86998292
112  57.76711162  011.87030655  57.76717816  011.87046008
112  57.76733681  011.87061360  57.76743406  011.87072875
111  57.76766949  011.87077090
112  57.77095599  011.87128491  57.77105572  011.87130260
112  57.77119386  011.87141673  57.77122081  011.87144200
111  57.77204666  011.87218149
111  57.77201745  011.87203369
111  57.77201621  011.87190822
112  57.77116985  011.87122034  57.77113346  011.87118749
112  57.77098937  011.87113196  57.77088964  011.87111427
112  57.76770729  011.87059653  57.76750768  011.87055815
112  57.76735570  011.87042497  57.76726357  011.87034820
111  57.76722619  011.87023190
112  57.76715515  011.87003999  57.76714492  011.86995363
114  57.76714430  011.86964657  57.76715454  011.86946425
110 1 0.50 0.0000 Taxiway out of use
111  57.78278578  011.88528338
111  57.78094840  011.88192380
111  57.78090234  011.88209657
111  57.78126572  011.88271090
111  57.78128107  011.88299886
111  57.78120430  011.88317164
111  57.78106100  011.88321963
111  57.78078974  011.88376677
111  57.78106612  011.88369957
111  57.78121966  011.88377636
112  57.78165981  011.88428510  57.78182870  011.88456347
111  57.78230468  011.88540816
111  57.78254523  011.88556174
113  57.78271413  011.88538896
111  57.78249917  011.88500501
112  57.78254011  011.88526418  57.78248381  011.88537936
111  57.78238657  011.88526418
112  57.78169564  011.88406433  57.78154721  011.88382436
111  57.78124525  011.88353639
111  57.78138855  011.88340201
113  57.78148580  011.88319084
110 1 0.50 0.0000 Taxiway out of use
111  57.78029216  011.87151094
111  57.77980237  011.87142648
111  57.77437357  011.87722254
113  57.77457062  011.87763427
110 1 0.50 0.0000 Taxiway out of use
111  57.77703377  011.87093605
111  57.77671343  011.87088238
111  57.77602482  011.87924326
113  57.77626758  011.87950199
110 1 0.50 0.0000 Taxiway out of use
111  57.77352986  011.87557737
112  57.77350406  011.87565499  57.77348178  011.87567796
111  57.77337120  011.87563043
111  57.77307971  011.87554316
111  57.77312755  011.87565623
111  57.77349915  011.87576930
113  57.77366293  011.87587486
110 1 0.50 0.0000 Access road out of use
111  57.77253184  011.87329334
111  57.77238342  011.87292867
111  57.77236806  011.87319738
111  57.77177949  011.87410907
111  57.77112438  011.87474245
111  57.77098619  011.87498237
111  57.77096060  011.87546220
111  57.77095037  011.87605720
111  57.77102202  011.87606680
111  57.77104249  011.87509753
111  57.77112950  011.87490559
111  57.77179996  011.87426261
113  57.77238854  011.87334133
110 2 0.50 0.0000 Concrete area out of use
111  57.77204726  011.87216268
111  57.77177042  011.87193308
111  57.77186740  011.87371776
111  57.77182504  011.87428882
111  57.77271905  011.87630368
111  57.77313154  011.87566131
111  57.77243520  011.87407375
113  57.77239919  011.87298173
110 1 0.50 0.0000 Old runway out of use
111  57.77162235  011.86512361
111  57.77492730  011.87097603
111  57.77511059  011.87062310
113  57.77188291  011.86468558
110 2 0.00 0.0000 Taxiway out of use
111  57.77149040  011.86522070
111  57.77136097  011.86545061
111  57.77127242  011.86593597
111  57.77129285  011.86633193
111  57.77139503  011.86660016
112  57.77207625  011.86813289  57.77208987  011.86815844
111  57.77217843  011.86847776
111  57.77219886  011.86813289
111  57.77213755  011.86799239
111  57.77147678  011.86654907
111  57.77138141  011.86629361
111  57.77135416  011.86592320
111  57.77144272  011.86552724
111  57.77159259  011.86536120
111  57.77183782  011.86550170
113  57.77161302  011.86513129
130 Airport Boundary
111  57.78300778  011.87038898
111  57.78322894  011.86395044
111  57.77463563  011.86293700
111  57.77331870  011.86605832
111  57.77196308  011.86382802
111  57.77000952  011.86742789
111  57.76551963  011.86708814
111  57.76555670  011.86910563
111  57.76713754  011.87111092
111  57.77051378  011.87181044
111  57.77072291  011.87644167
111  57.77346987  011.87711681
111  57.77628886  011.88074811
111  57.77689702  011.88379401
111  57.77938069  011.88311416
111  57.78236482  011.88674018
111  57.78327358  011.88489834
111  57.77986343  011.87872811
111  57.78439645  011.87331343
113  57.78446555  011.87058806
21  57.76820975  011.86849693 2 4.9900 3.00 01  PAPI-4L
21  57.78127440  011.87206008 2 185.0000 3.00 19  PAPI-4L
20  57.77210436  011.86864371 95.0000 0 2 {@R}19-01{@L}A2
20  57.77210323  011.86866080 275.0000 0 2 {@L}A2
20  57.77237721  011.86863698 95.0000 0 2 {@L}A2{@R}19-01
20  57.77237607  011.86865620 275.0000 0 2 {@L}A2
20  57.77685674  011.86895859 93.4800 0 2 {@R}19-01{@L}A
20  57.77685332  011.86897995 275.0000 0 2 {@L}A
20  57.77721039  011.86901925 95.0000 0 2 {@L}A{@R}19-01
20  57.77720811  011.86903421 275.0000 0 2 {@L}A
20  57.77128890  011.86912220 5.0000 0 2 {@Y}{^l}A
20  57.77248980  011.86934910 185.0000 0 2 {@Y}A{^r}
20  57.76676727  011.86938714 95.0000 0 3 {@R}{no-entry}
20  57.78112876  011.86939621 60.0000 0 2 {@L}A1{@R}19-01
20  57.78112924  011.86939949 240.0000 0 2 {@L}A1
20  57.78095205  011.86952620 60.0000 0 2 {@R}19-01{@L}A1
20  57.78095371  011.86953260 240.0000 0 2 {@L}A1
20  57.77578090  011.86978740 5.0000 0 2 {@Y}{^l}A
20  57.77237300  011.87053867 95.0000 0 3 {@R}{no-entry}
20  57.77735712  011.87021100 185.0000 0 2 {@Y}A{^r}
20  57.78028310  011.87070190 5.0000 0 2 {@Y}{^l}A
20  57.78156110  011.87092500 185.0000 0 2 {@Y}A{^r}
20  57.77169149  011.87198248 185.0000 0 3 {@R}{no-entry}
14  57.78061842  011.88341533  19.69 0 Helo viewpoint
1300  57.77723342  011.86533432 229.13 misc heavy Ramp Ryan Air
1301 E none 
1300  57.77816799  011.86546539 237.13 misc jets|turboprops|props Ramp regional
1301 C none 
1300  57.77918230  011.86544547 272.86 misc heavy|jets Ramp charter
1301 E none 
1300  57.77852717  011.86653155 324.63 misc jets|turboprops|props Ramp GA
1301 C none 
1300  57.77872032  011.88148959 286.36 misc props Ramp small acf
1301 B none 
1300  57.77846007  011.88152989 286.36 misc props Ramp small acf
1301 B none 
1300  57.77946535  011.88164980   0.00 misc helos Ramp Helo-1
1301 B none 
1300  57.78032115  011.88265699   0.00 misc helos Ramp Helo-2
1301 B none 
19  57.77972038  011.88078325 0 WS Helo-1
19  57.78086102  011.88230620 0 WS Helo-2
19  57.76595300  011.86748600 0 WS
19  57.78406500  011.87316000 0 WS
19  57.77625300  011.87166300 0 WS
54 11905 AFIS
53 12467 TWR
55 12467 GOTEBORG CON
99
