A
1000 Generated by WorldEditor

17    345 0 0 ESHJ [H] Jönköping Ryhov hospital
102 H1  57.76476747  014.19451708 184.91 23.00 23.00 15 0 0 0.25 1
110 2 0.00 0.0000 Concrete marking
111  57.76475900  014.19431606
111  57.76475852  014.19433947
112  57.76480048  014.19434913  57.76482744  014.19436580
111  57.76483808  014.19438799
111  57.76484423  014.19436828
114  57.76480482  014.19432675  57.76477593  014.19431006
110 2 0.00 0.0000 Concrete marking
111  57.76466181  014.19446084
111  57.76467323  014.19447041
112  57.76469364  014.19440101  57.76471194  014.19436030
111  57.76472689  014.19435007
111  57.76471943  014.19433203
114  57.76468418  014.19438512  57.76466515  014.19442915
110 2 0.00 0.0000 Concrete marking
111  57.76470376  014.19469044
111  57.76471258  014.19467383
112  57.76468519  014.19461344  57.76467137  014.19456694
111  57.76467157  014.19453710
111  57.76465992  014.19454380
114  57.76467392  014.19462439  57.76468914  014.19467336
110 2 0.00 0.0000 Concrete marking
111  57.76483604  014.19468041
111  57.76482998  014.19465991
112  57.76479143  014.19469242  57.76476376  014.19470437
111  57.76474853  014.19469572
111  57.76474872  014.19471855
114  57.76479390  014.19471577  57.76482322  014.19470199
110 2 0.00 0.0000 Concrete marking
111  57.76486873  014.19444197
111  57.76485652  014.19444695
112  57.76486203  014.19452552  57.76486017  014.19457865
111  57.76485137  014.19460350
111  57.76486309  014.19460973
114  57.76487467  014.19452780  57.76487607  014.19447119
110 2 0.25 0.0000 Concrete center
112  57.76481217  014.19444005  57.76480285  014.19441767
112  57.76477059  014.19440229  57.76475338  014.19440089
112  57.76472685  014.19443306  57.76471539  014.19444984
112  57.76470822  014.19450717  57.76470678  014.19453654
112  57.76472184  014.19459248  57.76473044  014.19461625
112  57.76476127  014.19463164  57.76477847  014.19463583
112  57.76480356  014.19460786  57.76481432  014.19459388
114  57.76482722  014.19452955  57.76482937  014.19449179
110 1 0.25 0.0000 Asphalt
112  57.76487609  014.19433296  57.76485316  014.19428005
112  57.76477378  014.19424367  57.76473144  014.19424036
112  57.76466617  014.19431643  57.76463795  014.19435611
112  57.76462031  014.19449170  57.76461678  014.19456115
112  57.76465382  014.19469344  57.76467499  014.19474966
112  57.76475085  014.19478604  57.76479318  014.19479596
112  57.76485492  014.19472982  57.76488138  014.19469674
114  57.76491314  014.19454462  57.76491843  014.19445532
110 3 0.25 5.0000 Grass area
112  57.76492830  014.19426404  57.76493684  014.19414800
112  57.76477462  014.19397993  57.76470204  014.19396792
111  57.76465508  014.19395992
111  57.76455476  014.19420402
111  57.76463044  014.19482061
112  57.76478181  014.19507557  57.76479688  014.19510165
112  57.76486452  014.19509987  57.76487379  014.19510422
113  57.76488250  014.19507602
14  57.76517383  014.19499241   0.00 0 Viewpoint
1300  57.76477031  014.19451775 183.95 misc helos Helipad
18  57.76486548  014.19481418 3 BCN
19  57.76486344  014.19501481 1 WS
99
