I
1000 Generated by WorldEditor

17    118 0 0 ESHK Karolinska Universitetssjukhuset Solna Stockholm
102 H72  59.35110779  018.03516821  87.91 23.40 27.20 15 0 0 0.00 0
110 3 0.00 0.0000 New Taxiway 1
111  59.35174906  018.03428815
112  59.35145754  018.03290226  59.35127920  018.03219587
111  59.35110085  018.03159711
112  59.35049724  018.03216897  59.35038749  018.03270717
112  59.35080591  018.03434868  59.35088479  018.03459087
112  59.35120717  018.03463124  59.35132378  018.03449669
114  59.35140267  018.03428141  59.35150556  018.03421413
130 Airport Boundary 11
111  59.35041543  018.03181328
111  59.35051593  018.03391601
111  59.35082114  018.03514260
111  59.35113752  018.03564638
111  59.35183727  018.03444899
111  59.35150973  018.03219294
113  59.35100352  018.03155774
1300  59.35111118  018.03516489 270.00 tie_down helos Rooftop helipad start
99
