A
1000 Generated by WorldEditor

17    490 0 0 ESHO [H] Skövde Lasarettet 
102 H1  58.42538302  013.84801532  23.12 15.00 15.00 15 0 0 0.25 1
110 2 0.25 0.0000 New Taxiway 11
111  58.42539076  013.84783353
111  58.42537579  013.84783222
111  58.42537579  013.84796604
113  58.42539008  013.84796604
110 2 0.25 0.0000 New Taxiway 11
111  58.42537753  013.84807202
111  58.42536365  013.84806123
111  58.42534019  013.84818732
113  58.42535365  013.84819645
110 2 0.25 0.0000 New Taxiway 10
111  58.42541745  013.84806912
111  58.42542825  013.84802614
111  58.42534804  013.84796015
113  58.42533875  013.84800425
110 2 0.25 0.0000 New Taxiway 10
111  58.42541034  013.84794638
111  58.42538734  013.84792784
111  58.42535668  013.84808401
113  58.42538019  013.84809963
110 1 0.25 23.1200 Asphalt outlined
112  58.42542136  013.84783027  58.42536662  013.84779325 3
112  58.42528550  013.84793881  58.42526400  013.84804422 3
112  58.42534647  013.84820276  58.42540237  013.84823561 3
114  58.42548062  013.84808826  58.42550196  013.84798181 3
110 1 0.25 0.0000 Asphalt
112  58.42543799  013.84777709  58.42538406  013.84773211
112  58.42526080  013.84791952  58.42523640  013.84804446
112  58.42533784  013.84825935  58.42540846  013.84830433
114  58.42550733  013.84811193  58.42553430  013.84796950
110 1 0.25 0.0000 Access road asphalt
111  58.42536574  013.84822476
111  58.42536910  013.84838488
111  58.42538363  013.84849376
111  58.42541828  013.84856848
111  58.42569215  013.84880913
111  58.42569096  013.84874173
111  58.42543733  013.84851175
111  58.42541588  013.84846594
111  58.42540389  013.84837977
113  58.42540216  013.84822819
110 3 0.25 0.0000 Grass area
111  58.42538545  013.84736448
112  58.42533010  013.84745509  58.42531428  013.84751046
111  58.42511132  013.84838637
111  58.42511132  013.84901561
111  58.42555679  013.84900554
111  58.42568436  013.84892148
111  58.42568485  013.84856723
111  58.42572965  013.84830945
111  58.42573075  013.84820817
111  58.42567566  013.84820263
113  58.42568146  013.84727227
110 1 0.00 0.0000 Hospital area asphalt
111  58.42639584  013.84752729
111  58.42639819  013.84726579
111  58.42568615  013.84727015
111  58.42568680  013.84818746
111  58.42573839  013.84818746
111  58.42573839  013.84831112
111  58.42569409  013.84857550
111  58.42568831  013.84891727
112  58.42548638  013.84902465  58.42541146  013.84901971
111  58.42428490  013.84901053
111  58.42407791  013.84899449
111  58.42398302  013.84890333
111  58.42404049  013.84936863
111  58.42406054  013.85028867
111  58.42408598  013.84997009
111  58.42415948  013.84965419
111  58.42427726  013.84939379
111  58.42444491  013.84927346
111  58.42480847  013.84925936
111  58.42488009  013.84929744
111  58.42491848  013.84942080
111  58.42491848  013.84973241
111  58.42465773  013.84973241
111  58.42465773  013.85145411
111  58.42495207  013.85146251
111  58.42494837  013.85216261
111  58.42462142  013.85216262
111  58.42452489  013.85220602
111  58.42446579  013.85242460
111  58.42437457  013.85442572
111  58.42440576  013.85442809
111  58.42449915  013.85242444
111  58.42453728  013.85228677
111  58.42462408  013.85223578
111  58.42494797  013.85223897
111  58.42815842  013.85226469
111  58.42815617  013.84900632
111  58.42811744  013.84900561
111  58.42804995  013.84886164
112  58.42805173  013.84794268  58.42805432  013.84782428
112  58.42796140  013.84772689  58.42789165  013.84771702
111  58.42695066  013.84771826
111  58.42677220  013.84760218
111  58.42654276  013.84759480
111  58.42653398  013.84751894
111  58.42646766  013.84741822
111  58.42642683  013.84743721
111  58.42642487  013.84752714
113  58.42641025  013.84755374
111  58.42811152  013.84911123
111  58.42811016  013.85141661
111  58.42753573  013.85141760
111  58.42753521  013.84975441
112  58.42800373  013.84975531  58.42802697  013.84975531
112  58.42805304  013.84961447  58.42805562  013.84954047
113  58.42805457  013.84911147
111  58.42811141  013.85162538
111  58.42810366  013.85216808
111  58.42753363  013.85216882
111  58.42753363  013.85190842
111  58.42791766  013.85190660
111  58.42801324  013.85160564
114  58.42806491  013.85154644  58.42810882  013.85155630
111  58.42799740  013.84909312
112  58.42799740  013.84938293  58.42799740  013.84933359
112  58.42797094  013.84944021  58.42795027  013.84944021
111  58.42703933  013.84943010
113  58.42703756  013.84909986
112  58.42800369  013.84795733  58.42800627  013.84807574
112  58.42800627  013.84886019  58.42800627  013.84893419
112  58.42793653  013.84899833  58.42788486  013.84899833
111  58.42740179  013.84899833
111  58.42722871  013.84850497
111  58.42708405  013.84845070
111  58.42708405  013.84781425
114  58.42793911  013.84782412  58.42798303  013.84782412
111  58.42568508  013.85214372
111  58.42499229  013.85213475
111  58.42499464  013.85156213
113  58.42568273  013.85158062
111  58.42498760  013.84937201
111  58.42507449  013.84924643
112  58.42564750  013.84925540  58.42569212  013.84925988
112  58.42573909  013.84939443  58.42573909  013.84947516
111  58.42573675  013.84958729
111  58.42512972  013.84959336
111  58.42512923  013.84978911
113  58.42498995  013.84978911
111  58.42568766  013.84896746
111  58.42566160  013.84907151
111  58.42556531  013.84909842
111  58.42549016  013.84908945
111  58.42401710  013.84907984
111  58.42401137  013.84905280
114  58.42548832  013.84907083  58.42555031  013.84908069
111  58.42578053  013.85213115
111  58.42578691  013.85067342
111  58.42635129  013.85066686
113  58.42634441  013.85216398
111  58.42702375  013.84783444
111  58.42701917  013.84842873
111  58.42692416  013.84844652
111  58.42692306  013.85015917
111  58.42596202  013.85016791
111  58.42596259  013.85012468
111  58.42582438  013.85012903
111  58.42582436  013.84972205
111  58.42592335  013.84971820
111  58.42592151  013.84963951
111  58.42582494  013.84963951
111  58.42582771  013.84911950
111  58.42583124  013.84863211
111  58.42578748  013.84863106
111  58.42579113  013.84855637
111  58.42580631  013.84852672
111  58.42580504  013.84827935
111  58.42583754  013.84823289
111  58.42595867  013.84823076
111  58.42595902  013.84808786
111  58.42583281  013.84808919
111  58.42581075  013.84801793
111  58.42580765  013.84783441
111  58.42585676  013.84772082
111  58.42673543  013.84771208
113  58.42689103  013.84781696
111  58.42738554  013.85218291
111  58.42649566  013.85217255
111  58.42649566  013.85196531
113  58.42738511  013.85196199
1300  58.42538409  013.84801321 204.06 misc helos Helipad
18  58.42556821  013.84817720 3 BCN
19  58.42566516  013.84824669 1 WS
99
