A
1000 Generated by WorldEditor

1     78 0 0 ESKA Lunda
100 25.00 1 0 0.25 0 0 0 05  60.12771616  018.09242317    0  100 1 0 0 0 23  60.13804384  018.11801885 1140   60 1 0 0 0
110 1 0.25 0.0000 Taxiway system
111  60.12754947  018.09143878
111  60.12757632  018.09106143
111  60.12761212  018.09075596
111  60.12768820  018.09038759
111  60.12784035  018.08993836
111  60.12792985  018.08965984
111  60.12800593  018.08927351
111  60.12803278  018.08875241
111  60.12799250  018.08834810
111  60.12796565  018.08797075
111  60.12801040  018.08783598
111  60.12814018  018.08774614
111  60.12823863  018.08775512
111  60.12835324  018.08790984
111  60.12844449  018.08817588
111  60.12850167  018.08859314
111  60.12852056  018.08915206
111  60.12845465  018.09088957
111  60.12844930  018.09129026
111  60.12848592  018.09180180
111  60.12854915  018.09217379
111  60.12866893  018.09260881
111  60.13760840  018.11467495
111  60.13761452  018.11485296
111  60.13760229  018.11501870
111  60.13732109  018.11547294
111  60.13723550  018.11546680
111  60.13710102  018.11536244
111  60.13742807  018.11614816
111  60.13740056  018.11586579
111  60.13744029  018.11563253
111  60.13769399  018.11526423
111  60.13777957  018.11526423
111  60.13786821  018.11535631
111  60.13801454  018.11563031
111  60.13836030  018.11607413
111  60.13880533  018.11633826
111  60.13909388  018.11646900
111  60.13935348  018.11658373
111  60.13986037  018.11672789
111  60.13995022  018.11670238
111  60.14008410  018.11695097
111  60.14019778  018.11734162
111  60.14023819  018.11758006
111  60.14024577  018.11786924
111  60.14014978  018.11800622
111  60.14004874  018.11795549
111  60.13964709  018.11766123
111  60.13943363  018.11761557
111  60.13912293  018.11775564
111  60.13891993  018.11797415
111  60.13867961  018.11810261
111  60.13852055  018.11813541
111  60.13828301  018.11803666
111  60.13812387  018.11790475
111  60.13831838  018.11892449
111  60.13835374  018.11901073
111  60.13868682  018.11960975
111  60.13888927  018.11989349
111  60.13897768  018.12002032
111  60.13899789  018.12011672
111  60.13898779  018.12022833
111  60.13895747  018.12031965
111  60.13889180  018.12035009
111  60.13881854  018.12029936
111  60.13876802  018.12019282
111  60.13877812  018.12014716
111  60.13873013  018.11994423
111  60.13867455  018.12001525
111  60.13846994  018.11951807
111  60.13836637  018.11930499
111  60.13811124  018.11881795
111  60.13807840  018.11870634
111  60.13808345  018.11862009
111  60.13812892  018.11851862
111  60.13809103  018.11844760
111  60.13804556  018.11852877
111  60.13798746  018.11865053
111  60.13799251  018.11876214
111  60.13809356  018.11896508
111  60.13814408  018.11911728
111  60.13807587  018.11926440
111  60.13810619  018.11932021
111  60.13818702  018.11917816
111  60.13829817  018.11936079
111  60.13829312  018.11939123
111  60.13820218  018.11941660
111  60.13822996  018.11951299
111  60.13831838  018.11952821
111  60.13837900  018.11953329
111  60.13868409  018.12025790
111  60.13872107  018.12039160
111  60.13872477  018.12053273
111  60.13876175  018.12062186
111  60.13883942  018.12068128
111  60.13890969  018.12068871
111  60.13898366  018.12059958
111  60.13899475  018.12050301
111  60.13906132  018.12036189
111  60.13907982  018.12022076
111  60.13906502  018.11996821
111  60.13894667  018.11975281
111  60.13875805  018.11952997
111  60.13849177  018.11906945
111  60.13836232  018.11883918
111  60.13838451  018.11880947
111  60.13866559  018.11914372
111  60.13956431  018.11978252
111  60.13967521  018.11988661
111  60.14004146  018.12039411
111  60.14028923  018.12055741
111  60.14057765  018.12053759
111  60.14074787  018.12039233
111  60.14086093  018.12015155
111  60.14092516  018.11988536
111  60.14094826  018.11953231
111  60.14092095  018.11920530
111  60.14083598  018.11887783
111  60.14070509  018.11861032
111  60.14059486  018.11845811
111  60.14046576  018.11837591
111  60.14056404  018.11808644
111  60.14049197  018.11794171
111  60.14035438  018.11829696
111  60.14032162  018.11824433
111  60.14032817  018.11806013
111  60.14032162  018.11770488
111  60.14027575  018.11725752
111  60.14011851  018.11674438
111  60.14000440  018.11645844
111  60.13952883  018.11627071
111  60.13938644  018.11637949
111  60.13924101  018.11633103
111  60.13883607  018.11613978
111  60.13840844  018.11587599
111  60.13808882  018.11546810
111  60.13789914  018.11509970
111  60.13821188  018.11463918
111  60.13799806  018.11408240
111  60.13769635  018.11457757
111  60.12872489  018.09244422
111  60.12857458  018.09175241
111  60.12854697  018.09127059
111  60.12854697  018.09083574
111  60.12859884  018.08921776
111  60.12858214  018.08857007
111  60.12852307  018.08806603
111  60.12842020  018.08775453
111  60.12832616  018.08759164
111  60.12817848  018.08748293
111  60.12808988  018.08750270
111  60.12798650  018.08733468
111  60.12817848  018.08711726
111  60.12813910  018.08692948
111  60.12792743  018.08709749
111  60.12778960  018.08656381
111  60.12780437  018.08647486
111  60.12761238  018.08615860
111  60.12747061  018.08596885
111  60.12732384  018.08593996
111  60.12721218  018.08599454
111  60.12708074  018.08592141
111  60.12700198  018.08599059
111  60.12671155  018.08687018
111  60.12679572  018.08720028
111  60.12683904  018.08799882
111  60.12692617  018.08852461
111  60.12701183  018.08896539
111  60.12701183  018.08928164
111  60.12703644  018.08996357
111  60.12706713  018.09032986
111  60.12717050  018.09096237
111  60.12727388  018.09146641
111  60.12740679  018.09193092
113  60.12763815  018.09254367
111  60.12788063  018.08830318
111  60.12792538  018.08868053
111  60.12791643  018.08907585
111  60.12783140  018.08960594
111  60.12768820  018.09001024
111  60.12752262  018.09052236
111  60.12745997  018.09098057
111  60.12745549  018.09122315
111  60.12733019  018.09058525
111  60.12733019  018.09027079
111  60.12748234  018.08958797
113  60.12771505  018.08868951
111  60.12780455  018.08783598
111  60.12726754  018.08996532
111  60.12722726  018.08970477
111  60.12722279  018.08920163
111  60.12726306  018.08822232
111  60.12741521  018.08790786
111  60.12760764  018.08771918
113  60.12778217  018.08761137
111  60.12727438  018.08738945
111  60.12739096  018.08680168
111  60.12748941  018.08658084
111  60.12759538  018.08650007
111  60.12767593  018.08654931
112  60.12771952  018.08681175  60.12772847  018.08684768
111  60.12775532  018.08709925
111  60.12773295  018.08741371
111  60.12741521  018.08773715
113  60.12723174  018.08803364
111  60.12691848  018.08795889
111  60.12687820  018.08718011
111  60.12686478  018.08692854
111  60.12697218  018.08658713
111  60.12713328  018.08629064
111  60.12731229  018.08611994
111  60.12745030  018.08611994
111  60.12745102  018.08624617
111  60.12727201  018.08668596
111  60.12713328  018.08735980
111  60.12705273  018.08802466
113  60.12702047  018.08844361
111  60.13999772  018.11811605
111  60.13905998  018.11869696
111  60.13888912  018.11873781
111  60.13873452  018.11868879
111  60.13841720  018.11825576
111  60.13856883  018.11828770
111  60.13873711  018.11823868
111  60.13893387  018.11809235
111  60.13915318  018.11788215
111  60.13943020  018.11777371
113  60.13963694  018.11782273
111  60.14017876  018.11841100
111  60.14018689  018.11867245
111  60.14010146  018.11895024
111  60.13993873  018.11917084
111  60.13978414  018.11930974
111  60.13960513  018.11929340
111  60.13899082  018.11891756
111  60.13996314  018.11828844
111  60.14005264  018.11826393
113  60.14015842  018.11831295
111  60.14040251  018.11853355
111  60.14052049  018.11856623
111  60.14062627  018.11868062
111  60.14070209  018.11885145
111  60.14070615  018.11908914
111  60.14059779  018.11933425
111  60.14041065  018.11940778
111  60.14014214  018.11947315
111  60.13988584  018.11942412
111  60.13999975  018.11928523
111  60.14011773  018.11914633
111  60.14021944  018.11891756
113  60.14032928  018.11859891
111  60.14079713  018.11902377
111  60.14086223  018.11927037
111  60.14087354  018.11952857
111  60.14086260  018.11973608
111  60.14080157  018.12002502
111  60.14069543  018.12021665
111  60.14056118  018.12036372
111  60.14030211  018.12038651
111  60.14008112  018.12020848
111  60.13975973  018.11978362
111  60.13966209  018.11959570
111  60.13986550  018.11960387
111  60.14014621  018.11960387
111  60.14040177  018.11955039
111  60.14061406  018.11948132
113  60.14071577  018.11933425
99
