I
1130 Generated by WorldEditor 2.0.0r4

1    140 1 0 ESKN Stockholm Skavsta
1302 city Stockholm / Nyköping
1302 country Sweden
1302 datum_lat 58.788611111
1302 datum_lon 16.903611111
1302 faa_code 
1302 iata_code NYO
1302 icao_code ESKN
1302 region_code ES
1302 state Södermanlands län
1302 transition_alt 5000
1302 transition_level 
100 45.00 1 1 0.00 0 3 0 08  58.78670686  016.88023695  128    0 2 7 0 0 26  58.78977200  016.92977894    0    0 3 3 0 0
100 39.93 1 0 0.00 0 1 0 16  58.80139114  016.90393734    0    0 2 0 0 0 34  58.78396354  016.91500650    0    0 2 0 0 0
110 2 0.00 345.0000 Cargo concrete apron
111  58.78402850  016.91771594
111  58.78423419  016.91758988
111  58.78418689  016.91725664
111  58.78394566  016.91739242
111  58.78386867  016.91744320
111  58.78280050  016.91810926
111  58.78300758  016.91966223
111  58.78424948  016.91943040
111  58.78421910  016.91912370
111  58.78417437  016.91915053
111  58.78404876  016.91813787
113  58.78409046  016.91810723
110 2 0.00 0.0000 Concrete apron 1
111  58.78490180  016.91891861
111  58.78461931  016.91915817
111  58.78475127  016.91974708
113  58.78503292  016.91950522
110 2 0.00 0.0000 Concrete apron 2
111  58.78514738  016.91960222
111  58.78477065  016.91992654
111  58.78481290  016.92008324
111  58.78473570  016.92014935
111  58.78478316  016.92035532
111  58.78494233  016.92024039
111  58.78498554  016.92044909
113  58.78527349  016.92021927
110 2 0.00 0.0000 Concrete apron 3
111  58.78557315  016.92124090
111  58.78554060  016.92126147
111  58.78552497  016.92116644
111  58.78538044  016.92127402
111  58.78545790  016.92169233
113  58.78562991  016.92156684
110 2 0.00 0.0000 Concrete apron 4
111  58.78576599  016.92188565
111  58.78554883  016.92201437
111  58.78560430  016.92234031
113  58.78582275  016.92221159
110 2 0.00 0.0000 Concrete apron 5
111  58.78588759  016.92256767
111  58.78567574  016.92270152
111  58.78573121  016.92302746
113  58.78594436  016.92289361
110 2 0.00 0.0000 Concrete apron 6
111  58.78599746  016.92327675
111  58.78578561  016.92341059
111  58.78584108  016.92373653
113  58.78605422  016.92360269
110 1 0.00 0.0000 Taxiways west 1
111  58.78663748  016.88239641
111  58.78650005  016.88019687
112  58.78623855  016.87907010  58.78621838  016.87897767
111  58.78594216  016.87739534
111  58.78571737  016.87600970
111  58.78567073  016.87605645
112  58.78570650  016.87644981  58.78568381  016.87660061
111  58.78570650  016.87644981
112  58.78570650  016.87644981  58.78569390  016.87656656
112  58.78548128  016.87692753  58.78542171  016.87721765
112  58.78541644  016.87753609  58.78542905  016.87757987
112  58.78554885  016.87789681  58.78553120  016.87799410
111  58.78554885  016.87789681
112  58.78554885  016.87789681  58.78549842  016.87814977
112  58.78482371  016.87875452  58.78452918  016.87886704
111  58.78482371  016.87875452
112  58.78482371  016.87875452  58.78474886  016.87877326
112  58.78374569  016.87913263  58.78338991  016.87947632
112  58.78270390  016.88187874  58.78257932  016.88316399
112  58.78325413  016.88545166  58.78327971  016.88572308
112  58.78333758  016.88686573  58.78333967  016.88713107
111  58.78333758  016.88686573
111  58.78382845  016.90489547
111  58.78406469  016.91458295
111  58.78432250  016.91441057
112  58.78411981  016.91415060  58.78411161  016.91386630
111  58.78411981  016.91415060
112  58.78411981  016.91415060  58.78411998  016.91415037
112  58.78395447  016.90675713  58.78385094  016.90277712
111  58.78395447  016.90675713
112  58.78395447  016.90675713  58.78379765  016.90072818
111  58.78357647  016.89326331
112  58.78357647  016.89326331  58.78357096  016.89294429
112  58.78390377  016.89172264  58.78425609  016.89123890
111  58.78581777  016.88932531
112  58.78581777  016.88932531  58.78609772  016.88900587
112  58.78698066  016.88961290  58.78734691  016.89043162
111  58.78698066  016.88961290
111  58.78696910  016.88939366
112  58.78696910  016.88939366  58.78654925  016.88846291
112  58.78576457  016.88922800  58.78557159  016.88944491
112  58.78385818  016.89160564  58.78374675  016.89174739
111  58.78356288  016.89231351
112  58.78339773  016.88659184  58.78338433  016.88622991
111  58.78339773  016.88659184
112  58.78339773  016.88659184  58.78338880  016.88602309
112  58.78327504  016.88509389  58.78321781  016.88482655
112  58.78285849  016.88197678  58.78296815  016.88068470
112  58.78381210  016.87926914  58.78410405  016.87898467
112  58.78487319  016.87890859  58.78491011  016.87890059
112  58.78512392  016.87886458  58.78519956  016.87884512
112  58.78563302  016.87911836  58.78567084  016.87916214
112  58.78567538  016.87949597  58.78564233  016.87973804
112  58.78574455  016.87995232  58.78579245  016.88006421
111  58.78636230  016.88098998
113  58.78642348  016.88187133
112  58.78640120  016.88021545  58.78640974  016.88037472
111  58.78640120  016.88021545
112  58.78640120  016.88021545  58.78640547  016.88030881
111  58.78644300  016.88089044
112  58.78579943  016.87982221  58.78555389  016.87941527
111  58.78579943  016.87982221
112  58.78579943  016.87982221  58.78575002  016.87974610
112  58.78590269  016.87933908  58.78597385  016.87934732
111  58.78590269  016.87933908
114  58.78590269  016.87933908  58.78601370  016.87941048
112  58.78586877  016.87743486  58.78588016  016.87744859
112  58.78597037  016.87807104  58.78596752  016.87814519
112  58.78577797  016.87904089  58.78575235  016.87904638
111  58.78577797  016.87904089
112  58.78577797  016.87904089  58.78574381  016.87901618
112  58.78517112  016.87873339  58.78505157  016.87873064
111  58.78517112  016.87873339
112  58.78517112  016.87873339  58.78528782  016.87863453
112  58.78570228  016.87762719  58.78580332  016.87708072
111  58.78570228  016.87762719
114  58.78570228  016.87762719  58.78572631  016.87750456
112  58.78586604  016.87732573  58.78585978  016.87736199
112  58.78575282  016.87744227  58.78575485  016.87743721
114  58.78581303  016.87714047  58.78583808  016.87716463
111  58.78598934  016.87823528
111  58.78632373  016.87980970
112  58.78583887  016.87912219  58.78575633  016.87906727
111  58.78583887  016.87912219
114  58.78583887  016.87912219  58.78587347  016.87894810
112  58.78573546  016.87701683  58.78572919  016.87713463
112  58.78562838  016.87757559  58.78560490  016.87764809
112  58.78551704  016.87756801  58.78544972  016.87744416
111  58.78551704  016.87756801
112  58.78551704  016.87756801  58.78546695  016.87751364
112  58.78558908  016.87685613  58.78571589  016.87653594
111  58.78558908  016.87685613
114  58.78558908  016.87685613  58.78574407  016.87650876
110 1 0.00 0.0000 Taxiway west 2
111  58.79142128  016.90990784
112  58.79130261  016.90970246  58.79131093  016.90952048
111  58.79130261  016.90970246
111  58.79162139  016.90526948
112  58.79174704  016.90505631  58.79176923  016.90497602
112  58.79174416  016.90477016  58.79173307  016.90469523
112  58.79161963  016.90461743  58.79155461  016.90458021
111  58.79161963  016.90461743
111  58.79153584  016.90328831
112  58.79162204  016.90306858  58.79164114  016.90297030
112  58.79156599  016.90266588  58.79152461  016.90261059
111  58.79142529  016.90260333
112  58.79128311  016.90276337  58.79124491  016.90284322
112  58.79128780  016.90316531  58.79132281  016.90325131
111  58.79139662  016.90331674
112  58.79149453  016.90516595  58.79149264  016.90567682
112  58.79116509  016.90974480  58.79115122  016.90996431
113  58.79107527  016.91012696
110 1 0.00 0.0000 Taxiway west 3
111  58.80136407  016.89927891
112  58.80063656  016.89920916  58.80041331  016.89930218
112  58.80027882  016.89996265  58.80022524  016.90012410
111  58.80027882  016.89996265
112  58.80027882  016.89996265  58.80022134  016.90008751
111  58.80005567  016.90110316
111  58.79994112  016.90103372
111  58.79955935  016.90324016
112  58.79950430  016.90287721  58.79951076  016.90281976
111  58.79950430  016.90287721
111  58.79957479  016.90245194
111  58.79950059  016.90240043
112  58.79943418  016.90285745  58.79943289  016.90290739
112  58.79948862  016.90340665  58.79948862  016.90358397
111  58.79948862  016.90340665
112  58.79948862  016.90340665  58.79948086  016.90359896
112  58.79924919  016.90445955  58.79915856  016.90472124
111  58.79886881  016.90517836
111  58.79919131  016.90496980
112  58.79938676  016.90446122  58.79950797  016.90411245
112  58.79995368  016.90143455  58.79997889  016.90130906
112  58.80014393  016.90106801  58.80022965  016.90099014
111  58.80014393  016.90106801
112  58.80048589  016.89960165  58.80064774  016.89921956
111  58.80048589  016.89960165
112  58.80048589  016.89960165  58.80077079  016.89899329
113  58.80132319  016.89946611
110 1 0.00 0.0000 Taxiway west 4
111  58.80133699  016.90360976
112  58.80133699  016.90360976  58.80183871  016.90283592
112  58.80199339  016.90084781  58.80194095  016.90029975
112  58.80159240  016.89951209  58.80134804  016.89920085
111  58.80159240  016.89951209
111  58.80136407  016.89927891
111  58.80132319  016.89946611
111  58.80123419  016.89994594
111  58.80113595  016.90050682
111  58.80106505  016.90059337
111  58.80095393  016.90053199
111  58.80088418  016.90099122
111  58.80058031  016.90260340
112  58.80058031  016.90260340  58.80056454  016.90258530
112  58.80056085  016.90207267  58.80057212  016.90184793
111  58.80056085  016.90207267
111  58.80049481  016.90202956
112  58.80047815  016.90229827  58.80047496  016.90238741
112  58.80051557  016.90285857  58.80052061  016.90309704
112  58.80013692  016.90436962  58.79996800  016.90472489
111  58.80013692  016.90436962
111  58.80030804  016.90425534
112  58.80030804  016.90425534  58.80040889  016.90395846
112  58.80059914  016.90303933  58.80070504  016.90250398
111  58.80059914  016.90303933
112  58.80059914  016.90303933  58.80063696  016.90283006
111  58.80094502  016.90105680
112  58.80094502  016.90105680  58.80105091  016.90098866
112  58.80116980  016.90069030  58.80122275  016.90052969
112  58.80131463  016.90000571  58.80133093  016.89990672
112  58.80162994  016.89974703  58.80188317  016.90016671
112  58.80192991  016.90090305  58.80195486  016.90126422
112  58.80117304  016.90370866  58.80040658  016.90510062
113  58.80117304  016.90370866
110 1 0.00 0.0000 Taxiway east
111  58.80103086  016.90452590
112  58.80117014  016.90475738  58.80120652  016.90491758
112  58.80094842  016.90556633  58.80075743  016.90583108
111  58.80094842  016.90556633
112  58.80094842  016.90556633  58.80091868  016.90559353
111  58.79934009  016.90746572
112  58.79934009  016.90746572  58.79945907  016.90708797
112  58.79958842  016.90626512  58.79961472  016.90598437
112  58.79956474  016.90543322  58.79954908  016.90534558
111  58.79956474  016.90543322
111  58.79930653  016.90560176
112  58.79930653  016.90560176  58.79936759  016.90563198
112  58.79950332  016.90589339  58.79950912  016.90611131
111  58.79950332  016.90589339
112  58.79950332  016.90589339  58.79951428  016.90607470
112  58.79894081  016.90794295  58.79841186  016.90864651
111  58.79894081  016.90794295
112  58.79894081  016.90794295  58.79890794  016.90798828
111  58.79586668  016.91115213
112  58.79586668  016.91115213  58.79577744  016.91121256
112  58.79562594  016.91106674  58.79556802  016.91084012
111  58.79562594  016.91106674
111  58.79518348  016.90854987
112  58.79518348  016.90854987  58.79518817  016.90843505
112  58.79522414  016.90820834  58.79524774  016.90815340
111  58.79522414  016.90820834
111  58.79500738  016.90835731
112  58.79500738  016.90835731  58.79506573  016.90842475
112  58.79513283  016.90861360  58.79515325  016.90874783
111  58.79513283  016.90861360
111  58.79556314  016.91124501
112  58.79556314  016.91124501  58.79559445  016.91150487
112  58.79537833  016.91217579  58.79526718  016.91241449
111  58.79537833  016.91217579
111  58.79183379  016.92248573
112  58.79183379  016.92248573  58.79176215  016.92256415
112  58.79173029  016.92254273  58.79172066  016.92252622
111  58.79173029  016.92254273
112  58.79155050  016.92229425  58.79154087  016.92227774
112  58.79153076  016.92213725  58.79150510  016.92210217
111  58.79153076  016.92213725
112  58.79153076  016.92213725  58.79145595  016.92209288
112  58.79141167  016.92221137  58.79139411  016.92224431
111  58.79141167  016.92221137
112  58.79141167  016.92221137  58.79137934  016.92227939
112  58.79153343  016.92239826  58.79162407  016.92233952
111  58.79153343  016.92239826
112  58.79153343  016.92239826  58.79165853  016.92250763
112  58.79169962  016.92289042  58.79162288  016.92312408
111  58.79169962  016.92289042
112  58.79169962  016.92289042  58.79164773  016.92307359
112  58.79126330  016.92397622  58.79112109  016.92419908
111  58.79126330  016.92397622
112  58.79126330  016.92397622  58.79125047  016.92400304
111  58.78972707  016.92423506
111  58.78973220  016.92438218
112  58.79128588  016.92409515  58.79136743  016.92402126
111  58.79128588  016.92409515
112  58.79128588  016.92409515  58.79139067  016.92413023
112  58.79144962  016.92443026  58.79145282  016.92446741
112  58.79148034  016.92461214  58.79149745  016.92464928
112  58.79159157  016.92461603  58.79163434  016.92455000
112  58.79161480  016.92435614  58.79158569  016.92425145
112  58.79151961  016.92428729  58.79150464  016.92426666
112  58.79139597  016.92397011  58.79140773  016.92391440
112  58.79166614  016.92335173  58.79168655  016.92330108
111  58.79326585  016.91880049
111  58.79465423  016.91465423
112  58.79465423  016.91465423  58.79477626  016.91425974
112  58.79588601  016.91132272  58.79627682  016.91077502
111  58.79588601  016.91132272
112  58.79588601  016.91132272  58.79604770  016.91114609
111  58.79780772  016.90938012
111  58.79790311  016.90975725
111  58.79781007  016.90987142
111  58.79784953  016.91003768
111  58.79801647  016.90984433
111  58.79787884  016.90929186
111  58.79821449  016.90894339
111  58.79830586  016.90926216
111  58.79842023  016.90911273
111  58.79834422  016.90880313
111  58.79856390  016.90857476
112  58.79856390  016.90857476  58.79866722  016.90846900
112  58.79869331  016.90859818  58.79872618  016.90868279
111  58.79894403  016.90933592
111  58.79932021  016.90881906
112  58.79906372  016.90803321  58.79907625  016.90799393
111  58.80087871  016.90584396
112  58.80087871  016.90584396  58.80103551  016.90565439
112  58.80121548  016.90515662  58.80128512  016.90478567
112  58.80127329  016.90437435  58.80134126  016.90433041
113  58.80127329  016.90437435
111  58.79917523  016.90865908
111  58.79895257  016.90892340
112  58.79890154  016.90890739  58.79888792  016.90886634
112  58.79875287  016.90841479  58.79875444  016.90834830
112  58.79896196  016.90818990  58.79899170  016.90815629
114  58.79903260  016.90821899  58.79903573  016.90822201
110 1 0.00 313.7800 Main apron
111  58.78957211  016.92982376
111  58.78947812  016.92833923
112  58.78947812  016.92833923  58.78948492  016.92948011
112  58.78872075  016.92916620  58.78859252  016.92900675
112  58.78810864  016.92803694  58.78790091  016.92735665
112  58.78797529  016.92641299  58.78799397  016.92587569
111  58.78797529  016.92641299
112  58.78797529  016.92641299  58.78802889  016.92606823
112  58.78810058  016.92592222  58.78813630  016.92586836
112  58.78892202  016.92557172  58.78900123  016.92553516
111  58.78928668  016.92522798
111  58.78922252  016.92402964
112  58.78912625  016.92427199  58.78905194  016.92446979 102
112  58.78889055  016.92483297  58.78884210  016.92485709
111  58.78889055  016.92483297 102
111  58.78745306  016.92534514
112  58.78745306  016.92534514  58.78729064  016.92538432 102
112  58.78711589  016.92507985  58.78707529  016.92495233 102
112  58.78660121  016.92314886  58.78656913  016.92302706
111  58.78660121  016.92314886
112  58.78660121  016.92314886  58.78653706  016.92290526 102
112  58.78648426  016.92228344  58.78645015  016.92178857
111  58.78648426  016.92228344
112  58.78648426  016.92228344  58.78646645  016.92203898 102
112  58.78623540  016.92102734  58.78609271  016.92052064 102
112  58.78579813  016.91995766  58.78571014  016.91980813 102
111  58.78551551  016.91933280
111  58.78588885  016.91889674
111  58.78598165  016.91833802
111  58.78553098  016.91674034
111  58.78490700  016.91742150 102
111  58.78454601  016.91624751 102
112  58.78443207  016.91569866  58.78440006  016.91550204 102
112  58.78451254  016.91501495  58.78461863  016.91493411
111  58.78451254  016.91501495
111  58.78401671  016.91533255 102
112  58.78407346  016.91602347  58.78412376  016.91632031 102
112  58.78420074  016.91657975  58.78423168  016.91680883 102
112  58.78394929  016.91737870  58.78387352  016.91742621
111  58.78394929  016.91737870
111  58.78280050  016.91810926
111  58.78300758  016.91966223
111  58.78424948  016.91943040
111  58.78434008  016.91942137
111  58.78446991  016.91977705
111  58.78460492  016.91969329
111  58.78472331  016.92042286
111  58.78481082  016.92037789
111  58.78486456  016.92068966
111  58.78508375  016.92055516
111  58.78531910  016.92189169
111  58.78540863  016.92197888
111  58.78554174  016.92268338
111  58.78521694  016.92288120
111  58.78520562  016.92278446
111  58.78511851  016.92284033
111  58.78515055  016.92302681
111  58.78541033  016.92464421
111  58.78544366  016.92483995
111  58.78547668  016.92483514
111  58.78551084  016.92503152
111  58.78579143  016.92492878
111  58.78583078  016.92492362
111  58.78587267  016.92495228
111  58.78672018  016.92637103 1
112  58.78628351  016.92745819  58.78622883  016.92754545
111  58.78628351  016.92745819
112  58.78628351  016.92745819  58.78623896  016.92752071 1
111  58.78598867  016.92761919 1
111  58.78505695  016.92788866 1
111  58.78500950  016.92705626 1
111  58.78498614  016.92706217
111  58.78429195  016.92724844
111  58.78430158  016.92746885
111  58.78363060  016.92765922
111  58.78356745  016.92788006
111  58.78358557  016.92838746 1
111  58.78349637  016.92870318 1
111  58.78350931  016.92947496
111  58.78382672  016.92943994
111  58.78384066  016.92997772
111  58.78384268  016.93004212
111  58.78419027  016.93000108
111  58.78417539  016.92945814
111  58.78502535  016.92938533
111  58.78500576  016.92881791 1
111  58.78626184  016.92855879 1
112  58.78625686  016.92824620  58.78626065  016.92820965
111  58.78625686  016.92824620
112  58.78625686  016.92824620  58.78627498  016.92818976 1
112  58.78630636  016.92815944  58.78634235  016.92814847
111  58.78630636  016.92815944
112  58.78630636  016.92815944  58.78631321  016.92815735 1
112  58.78635639  016.92827106  58.78637149  016.92830598
111  58.78635639  016.92827106
112  58.78635639  016.92827106  58.78640592  016.92843346 1
112  58.78652936  016.92888753  58.78653243  016.92892601
111  58.78652936  016.92888753
112  58.78652936  016.92888753  58.78653315  016.92893504 1
111  58.78655130  016.93024518 1
111  58.78689252  016.93023011
111  58.78688111  016.92946515
111  58.78688938  016.92946466
111  58.78688729  016.92936754
111  58.78688588  016.92927244
111  58.78686150  016.92927394
111  58.78685777  016.92860761 1
112  58.78685606  016.92854121  58.78685468  016.92852126
111  58.78685606  016.92854121
112  58.78685606  016.92854121  58.78682612  016.92854359 1
112  58.78656769  016.92849543  58.78654632  016.92848745
111  58.78656769  016.92849543
112  58.78656769  016.92849543  58.78654873  016.92846896 1
112  58.78645406  016.92810226  58.78641864  016.92794893
111  58.78645406  016.92810226
112  58.78645406  016.92810226  58.78644180  016.92804919 1
112  58.78642099  016.92794513  58.78641164  016.92789803
111  58.78642099  016.92794513
112  58.78642099  016.92794513  58.78638463  016.92776195 1
112  58.78658079  016.92736551  58.78658458  016.92734906
111  58.78658079  016.92736551 1
111  58.78703376  016.92624689
112  58.78731044  016.92621751  58.78742031  016.92622848
112  58.78756848  016.92677060  58.78759310  016.92714709
111  58.78756848  016.92677060
112  58.78756848  016.92677060  58.78758174  016.92697895
112  58.78790745  016.92860264  58.78800053  016.92885321
112  58.78866865  016.92980139  58.78895573  016.93003718
112  58.78948093  016.92992516  58.78963858  016.92989395
111  58.78948093  016.92992516
111  58.79014657  016.92977283
112  58.79005995  016.92940974  58.79004353  016.92937452
111  58.78994870  016.92932677
113  58.78997396  016.92973214
112  58.78556153  016.91897009  58.78559076  016.91907436
111  58.78546797  016.91920307 102
111  58.78532581  016.91876509
112  58.78546584  016.91868145  58.78548600  016.91875482
113  58.78546584  016.91868145
111  58.78526690  016.91857283 102
111  58.78515537  016.91820494
111  58.78522169  016.91811617
113  58.78533431  016.91847879
111  58.79133903  016.90356711
111  58.79121461  016.90336779
111  58.79119031  016.90303722
111  58.79128620  016.90284070
111  58.79143809  016.90280247
111  58.79154547  016.90295540
111  58.79156911  016.90329949
113  58.79148431  016.90354163
130 Airport Boundary
111  58.78530622  016.87690321
111  58.78535081  016.87772471
111  58.78373096  016.87870189
111  58.78237471  016.88041030
111  58.78257735  016.88932310
111  58.78306324  016.88968456
111  58.78337978  016.89259034
111  58.78372467  016.90473163
111  58.78199006  016.90561406
111  58.78151166  016.90671754
111  58.78117175  016.91031412
111  58.78071196  016.91184529
111  58.78072603  016.91889783
111  58.78001006  016.91894301
111  58.78000329  016.92631067
111  58.78135368  016.92632113
111  58.78139090  016.92864794
111  58.78342918  016.92860166
111  58.78346990  016.93084746
111  58.78543163  016.93061671
111  58.78540753  016.92976946
111  58.78603050  016.93086887
111  58.78885343  016.93067639
111  58.78917907  016.93129642
111  58.78923830  016.93241877
111  58.78946212  016.93425160
111  58.78969078  016.93460264
111  58.79030669  016.93450154
111  58.79051882  016.93377795
111  58.79048643  016.93196110
111  58.79121703  016.93049738
111  58.79233413  016.92869448
111  58.79215341  016.92799949
111  58.79277351  016.92694902
111  58.79296868  016.92736434
111  58.79390828  016.92415986
111  58.79409158  016.92316324
111  58.79431830  016.92110609
111  58.79440492  016.91912937
111  58.79451358  016.91779030
111  58.79475131  016.91652890
111  58.79509810  016.91548496
111  58.79555036  016.91436464
111  58.79691810  016.91206261
111  58.79863506  016.90973839
111  58.79891527  016.90983895
111  58.79938518  016.90928948
111  58.79942871  016.90944200
111  58.79987614  016.90962671
111  58.80040477  016.90804419
111  58.80160446  016.90608686
111  58.80276995  016.90497202
111  58.80455788  016.90371126
111  58.80407931  016.90086171
111  58.80394083  016.90043931
111  58.80365404  016.90005299
111  58.80277312  016.89894514
111  58.80099531  016.89726174
111  58.79938122  016.89812830
111  58.79877303  016.90011836
111  58.79764517  016.90183258
111  58.79686510  016.90241311
111  58.79674396  016.90288585
111  58.79126700  016.89935859
111  58.78849882  016.89183811
111  58.78887159  016.88898960
111  58.78884617  016.88862377
111  58.78835755  016.88719885
111  58.78815781  016.88521954
111  58.78853201  016.88031222
111  58.78888281  016.87984307
111  58.78895970  016.87834664
111  58.78862178  016.87767231
111  58.78820009  016.87614800
111  58.78797515  016.87534754
111  58.78753872  016.87552202
111  58.78663858  016.87690338
111  58.78596216  016.87723443
111  58.78577709  016.87600037
113  58.78566520  016.87610987
120 Linear Feature 3
112  58.78608287  016.92773797  58.78626553  016.92772839 1
116  58.78635357  016.92804780  58.78639030  016.92815506
120 Linear Feature 4
111  58.80094484  016.90557788 4
115  58.80098375  016.90570709
120 Linear Feature 3
111  58.79944532  016.90664811 4
115  58.79951954  016.90669207
120 Linear Feature 2
112  58.79923481  016.90531369  58.79931525  016.90525575 1
112  58.79951988  016.90563780  58.79958728  016.90593348
111  58.79951988  016.90563780
112  58.79951988  016.90563780  58.79961383  016.90617397 1
116  58.79904454  016.90793388  58.79864832  016.90845428
120 Linear Feature 1
112  58.80094056  016.90422572  58.80112695  016.90410900 1
112  58.80121288  016.90479332  58.80119647  016.90501082 1
112  58.80095266  016.90562920  58.80073004  016.90590123
111  58.80095266  016.90562920 1
111  58.79905749  016.90791960 1
115  58.79777874  016.90928218
120 Linear Feature 30
112  58.78637657  016.92755060  58.78628102  016.92771430 1
112  58.78608287  016.92773797  58.78605035  016.92774623
111  58.78608287  016.92773797 1
112  58.78450495  016.92808314  58.78444561  016.92810336
111  58.78450495  016.92808314
112  58.78450495  016.92808314  58.78444315  016.92809646 1
112  58.78430475  016.92836249  58.78425792  016.92844883
111  58.78430475  016.92836249
112  58.78430475  016.92836249  58.78421027  016.92854996 1
112  58.78396559  016.92857728  58.78385211  016.92862243
111  58.78396559  016.92857728 1
111  58.78385558  016.92859981
112  58.78385558  016.92859981  58.78380644  016.92861445 1
112  58.78364963  016.92920002  58.78365754  016.92966326
111  58.78364963  016.92920002 1
115  58.78365905  016.92944853
120 Linear Feature 24
111  58.78874014  016.92923808 4
115  58.78868509  016.92959021
120 Linear Feature 23
111  58.78849921  016.92497539 4
115  58.78854951  016.92553974
120 Linear Feature 22
111  58.78420674  016.91655466 4
115  58.78453801  016.91618429
120 Linear Feature 8
111  58.78703376  016.92624689 1 102
112  58.78713792  016.92606371  58.78718011  016.92603549 1 102
111  58.78735649  016.92597790
112  58.78735649  016.92597790  58.78751421  016.92593258 1 102
112  58.78763258  016.92644217  58.78765272  016.92653930
111  58.78763258  016.92644217
112  58.78763258  016.92644217  58.78766279  016.92658463 1 102
112  58.78774637  016.92762784  58.78781084  016.92810608 1 102
112  58.78821164  016.92909905  58.78852028  016.92963430
111  58.78821164  016.92909905
112  58.78821164  016.92909905  58.78840855  016.92944053 1 102
112  58.78893379  016.92973217  58.78924107  016.92985930
111  58.78893379  016.92973217
112  58.78893379  016.92973217  58.78930666  016.92981905 1 102
116  58.78956919  016.92964653  58.78972217  016.92951400
120 Linear Feature 7
112  58.78950423  016.92872542  58.78949048  016.92900849 1 102
112  58.78924201  016.92934023  58.78904031  016.92950231 1 102
112  58.78806517  016.92812750  58.78778033  016.92718864
111  58.78806517  016.92812750
112  58.78806517  016.92812750  58.78795603  016.92769949 1 102
112  58.78789530  016.92655952  58.78791556  016.92603926
111  58.78789530  016.92655952
112  58.78789530  016.92655952  58.78791089  016.92615900 1 102
112  58.78805146  016.92574773  58.78810799  016.92569734
111  58.78805146  016.92574773
112  58.78805146  016.92574773  58.78818142  016.92563190 1 102
112  58.78892522  016.92539428  58.78903509  016.92535503 1 102
115  58.78917532  016.92513658
120 Linear Feature 5
111  58.78774953  016.92638002 1
112  58.78749653  016.92571546  58.78725929  016.92570572
111  58.78749653  016.92571546 1
116  58.78705258  016.92595577  58.78699471  016.92607365
120 Linear Feature 4
111  58.78968955  016.92850710 1
112  58.78968150  016.92907364  58.78964030  016.92933253 1
112  58.78922997  016.92956749  58.78903909  016.92959704 1
112  58.78820602  016.92881433  58.78787360  016.92816214
111  58.78820602  016.92881433
112  58.78820602  016.92881433  58.78808004  016.92857124 1
112  58.78779318  016.92694847  58.78774165  016.92569079
111  58.78779318  016.92694847
112  58.78779318  016.92694847  58.78779318  016.92692261 1
112  58.78774953  016.92638002  58.78774506  016.92615594 1
116  58.78795221  016.92556147  58.78809514  016.92541495
120 Linear Feature 3
111  58.78677567  016.93017612 1
111  58.78677149  016.92980403 1
112  58.78676019  016.92942306  58.78674583  016.92931683 1
112  58.78660313  016.92880461  58.78659882  016.92878705 1
111  58.78635357  016.92804780
112  58.78635357  016.92804780  58.78631197  016.92790866 1
112  58.78637657  016.92755060  58.78642176  016.92745467
111  58.78637657  016.92755060 1
112  58.78679781  016.92655311  58.78685491  016.92643181 1
111  58.78705258  016.92595577
112  58.78705258  016.92595577  58.78712562  016.92579889 1
116  58.78710464  016.92536675  58.78707136  016.92524902
120 Linear Feature 2
111  58.78465509  016.91456906 1
111  58.78453349  016.91464812
112  58.78453349  016.91464812  58.78429943  016.91481500 1
112  58.78431603  016.91576226  58.78437740  016.91598443
111  58.78431603  016.91576226 1
111  58.78447330  016.91630873 1
111  58.78484790  016.91750164 1
111  58.78493773  016.91780608 1
111  58.78523882  016.91877736 1
111  58.78552144  016.91962108 1
111  58.78592618  016.92043538 1
111  58.78611967  016.92092722 1
111  58.78623351  016.92133719 1
111  58.78635727  016.92204744 1
111  58.78640993  016.92240566 1
112  58.78648746  016.92306790  58.78653325  016.92332494 1
111  58.78662842  016.92374816 1
111  58.78673047  016.92411699 1
111  58.78691179  016.92470620 1
111  58.78710464  016.92536675
112  58.78710464  016.92536675  58.78721003  016.92563433 1
112  58.78750296  016.92571546  58.78759726  016.92568335
111  58.78750296  016.92571546 1
111  58.78795221  016.92556147 1
111  58.78889101  016.92521613
112  58.78889101  016.92521613  58.78912397  016.92502347 1
112  58.78933125  016.92451837  58.78943148  016.92427197 1
116  58.78939905  016.92378226  58.78938912  016.92362218
120 Linear Feature 17
111  58.78461555  016.91888618 1
115  58.78493773  016.91780608
120 Linear Feature 16
111  58.78472538  016.91938121 1
115  58.78523882  016.91877736
120 Linear Feature 15
111  58.78495327  016.92010515 1
115  58.78552144  016.91962108
120 Linear Feature 14
111  58.78550388  016.92126474 1
115  58.78592618  016.92043538
120 Linear Feature 12
111  58.78558069  016.92211460 1
115  58.78623009  016.92134597
120 Linear Feature 11
111  58.78571358  016.92286957 1
115  58.78640993  016.92240566
120 Linear Feature 10
111  58.78579185  016.92350483 1
115  58.78648746  016.92306790
120 Linear Feature 20
112  58.78484790  016.91750164  58.78470497  016.91703666 1
116  58.78431610  016.91734624  58.78412784  016.91751716
120 Linear Feature 19
112  58.78447330  016.91630873  58.78456189  016.91677878 1
112  58.78431610  016.91734624  58.78421643  016.91747443
111  58.78431610  016.91734624 1
111  58.78389837  016.91783703 1
115  58.78396850  016.91926143
120 Linear Feature 18
111  58.78631084  016.92470211 1
115  58.78691179  016.92470620
120 Linear Feature 9
111  58.78590739  016.92419757 1
115  58.78662842  016.92374816
120 Linear Feature 20
111  58.78430475  016.92836249 1
115  58.78434625  016.92937117
120 Linear Feature 19
111  58.78396559  016.92857728 1
115  58.78400603  016.92982012
120 Linear Feature 25
111  58.78350931  016.92947496 1
111  58.78365905  016.92944853 1
111  58.78382672  016.92943994 1
115  58.78384066  016.92997772
120 Linear Feature 17
111  58.78392151  016.92983590 1
111  58.78400603  016.92982012 1
111  58.78413805  016.92980726 1
111  58.78412998  016.92938262 1
111  58.78434625  016.92937117 1
115  58.78501962  016.92929455
120 Linear Feature 15
111  58.78359728  016.92864874 1
115  58.78385558  016.92859981
120 Linear Feature 28
111  58.78644577  016.92807597 1
115  58.78633803  016.92820706
21  58.78752015  016.88738157 2 83.0500 3.00 08  PAPI-4L
21  58.79874013  016.90638183 2 161.8200 3.00 16  PAPI-4L
21  58.78900210  016.92404952 2 263.1000 3.00 26  PAPI-4L
21  58.78640197  016.91272089 2 341.8300 3.00 34  PAPI-4L
20  58.80030634  016.90551918 336.4900 0 3 {@Y}G{^r}
20  58.80088752  016.90538748 148.8400 0 3 {@L}G
20  58.79923430  016.90682210 103.3100 0 3 {@L}F
20  58.79843526  016.90644148 336.5700 0 3 {@Y}F{^r}
20  58.79769078  016.90977043 150.4500 0 3 {no-entry}
20  58.79757194  016.90928950 148.6400 0 3 {no-entry}
20  58.78676374  016.88951755 221.4300 0 3 {no-entry}
20  58.78690252  016.88907557 217.2900 0 3 {no-entry}
20  58.79999513  016.90739397 327.1200 0 3 {@R}34-16{@L}F{@@}F
20  58.80102923  016.90585755 329.5200 0 3 {@R}16{@L}G{@@}G
20  58.79092794  016.90894540 97.0700 0 3 {@R}16-34{@L}E
20  58.78968041  016.91100416 163.8500 0 3 {@R}26-08
20  58.78978118  016.91198149 164.0900 0 3 {@R}26-08
20  58.79151263  016.90982035 159.2000 0 3 {@Y}E{^r}
20  58.79071495  016.91029648 342.4900 0 3 {@Y,^l}E
20  58.78915626  016.91352019 263.9200 0 3 {@R}34-16
20  58.78835550  016.91380438 266.1100 0 3 {@R}34-16
20  58.78818304  016.91079745 85.3600 0 3 {@R}16-34
20  58.78899166  016.91054830 84.2000 0 3 {@R}16-34
20  58.78635123  016.92131039 330.5600 0 3 {@Y,^l}34-26{^r}
20  58.78641035  016.92684258 127.8200 0 3 {@Y}APRON_4{^u}
20  58.78679793  016.92736795 126.0300 0 3 {@Y,^u}APRON_4
20  58.78889789  016.92318710 92.3100 0 3 {@Y}B{^r}
20  58.78923760  016.92757571 83.6900 0 3 {@Y}A{^r}
20  58.78809543  016.92710668 51.4800 0 3 {@L}A
20  58.78747121  016.92512088 357.4100 0 3 {@L}B{@Y,^u}BA{^r}
20  58.78880875  016.92891972 21.7600 0 3 {@L}A{@R}26{@@,@L}A
20  58.78855685  016.93013592 33.5100 0 3 {@R}26{@L}A{@@}A
20  58.78818533  016.92607070 353.1000 0 3 {@R}26{@L}B{@@}B
20  58.78749860  016.91354676 339.4700 0 3 {@R}08-26
20  58.78737221  016.91232739 341.0900 0 3 {@R}08-26
20  58.78396001  016.91433140 272.3600 0 3 {no-entry}
20  58.78419524  016.91420656 271.2500 0 3 {no-entry}
20  58.78410528  016.91673120 250.7000 0 3 {@L}C{@R}34{@@,@L}C
20  58.78459144  016.91623186 250.7000 0 3 {@R}34{@L}C{@@}C
20  58.78847956  016.92468800 349.2400 0 3 {@L}B{@R}26{@@,@L}B
14  58.78575062  016.91871497  82.02 0 Tower viewpoint
15  58.78673697  016.92989920 -100.93 Apron 5
1300  58.79920812  016.90869413 -98.30 misc props ESKN Aero Club Parachute Club
1301 A none 
15  58.78364963  016.92920002  89.43 ESKN Coast Guard
15  58.78460388  016.91889293 119.62 Ramp 10
1300  58.78394994  016.91886723  84.56 misc turboprops|props|helos Ramp 11
1301 C none 
15  58.78354007  016.91892133 344.90 Ramp 12
15  58.78631084  016.92470211 -175.97 Ramp 3
15  58.78606306  016.92410271 -200.14 Ramp 4
15  58.78593278  016.92341314 158.56 Ramp 5
15  58.78582993  016.92280001 160.73 Ramp 6
15  58.78558069  016.92211460 146.43 Ramp 7
15  58.78495327  016.92010515 -200.50 Ramp 8
15  58.78550388  016.92126474 -223.59 Ramp 8A
15  58.78472538  016.91938121 -212.57 Ramp 9
1050 126275 ATIS
1055 132950 OSTGOTA APP
1054 127700 TWR ATC freq.
99
