I
1100 Generated by WorldEditor 1.7.21r1

1     19 0 0 ESMH Hoganas
1302 city Höganäs
1302 country Sweden
1302 datum_lat 56.184722222
1302 datum_lon 12.575833333
1302 faa_code 
1302 iata_code 
1302 icao_code ESMH
1302 region_code ES
1302 state Skåne län
1302 transition_alt 
1302 transition_level 
100 49.99 3 0 0.00 0 0 0 06  56.18418962  012.57320768    0    0 0 0 0 0 24  56.18631006  012.57961225    0    0 0 0 0 0
100 49.99 3 0 0.00 0 1 0 14  56.18687103  012.57072968    0    0 0 0 0 0 32  56.18202806  012.58023575    0    0 0 0 0 0
110 3 0.25 110.0000 Taxiway grass
112  56.18559671  012.57865726  56.18561671  012.57857187
111  56.18573688  012.57859601
111  56.18550425  012.57788141
112  56.18548593  012.57847864  56.18546843  012.57859998
111  56.18525122  012.58043264
113  56.18528954  012.58045953
110 3 0.50 170.0000 Grass area main
111  56.18799290  012.56964086
112  56.18777838  012.56929645  56.18767626  012.56917535
112  56.18729373  012.56950407  56.18718041  012.56961512
112  56.18718037  012.56980031  56.18714946  012.56987435
112  56.18694334  012.56992992  56.18690214  012.56991141
112  56.18669601  012.56978180  56.18663420  012.56976329
112  56.18639716  012.56992992  56.18634565  012.56996694
112  56.18585097  012.57070755  56.18577886  012.57080009
111  56.18481013  012.57292935
111  56.18474830  012.57285529
112  56.18410939  012.57080022  56.18399607  012.57043005
112  56.18367653  012.57048537  56.18353231  012.57054089
112  56.18286241  012.57080012  56.18279030  012.57081863
112  56.18270785  012.57126300  56.18273875  012.57139256
112  56.18386203  012.57454016  56.18387233  012.57461420
112  56.18384142  012.57485492  56.18377961  012.57500299
112  56.18124446  012.58007615  56.18120326  012.58018720
112  56.18127537  012.58039090  56.18134749  012.58052046
112  56.18190399  012.58111295  56.18201731  012.58124251
112  56.18215134  012.58109440  56.18222345  012.58090931
111  56.18252233  012.57998357
111  56.18275732  012.58010304
111  56.18344431  012.57871138
111  56.18372982  012.57812017
112  56.18409544  012.57737944  56.18413877  012.57730808
112  56.18423972  012.57735903  56.18429027  012.57742391
112  56.18503482  012.57806450  56.18515693  012.57818988
112  56.18513990  012.57865049  56.18507593  012.57889080
112  56.18474107  012.58009466  56.18470136  012.58022441
112  56.18454219  012.58020939  56.18445914  012.58015100
112  56.18429742  012.58000478  56.18423603  012.57993990
112  56.18415913  012.58006909  56.18414469  012.58014046
111  56.18400032  012.58081972
111  56.18474223  012.58131518
112  56.18480370  012.58132529  56.18482115  012.58129707
111  56.18480370  012.58132529
112  56.18480370  012.58132529  56.18478799  012.58144915
111  56.18486966  012.58152472
111  56.18625942  012.58247577
111  56.18638907  012.58241391
111  56.18654032  012.58249752
111  56.18670320  012.58243481
112  56.18726920  012.58077211  56.18732071  012.58062404
112  56.18727098  012.58037353  56.18724008  012.58022546
111  56.18542640  012.57473040
111  56.18669569  012.57229210
113  56.18800649  012.56980485
130 Airport Boundary
111  56.18655109  012.56907808
111  56.18479475  012.57286079
111  56.18389725  012.57008996
111  56.18244319  012.57068555
111  56.18382692  012.57470845
111  56.18108138  012.58024921
111  56.18209584  012.58143924
111  56.18259568  012.58018762
111  56.18658317  012.58293263
111  56.18740366  012.58053380
111  56.18552392  012.57479020
111  56.18819909  012.56953475
113  56.18819883  012.56912161
120 Linear Feature 7
111  56.18541437  012.58137528
111  56.18516109  012.58120565
111  56.18514904  012.58107514
111  56.18527261  012.58044445
115  56.18559174  012.57824974
14  56.18543035  012.58154144  26.25 0 Tower Viewpoint
1300  56.18515902  012.58098876 -76.53 tie_down props|helos Hangars
1301 A general_aviation 
1300  56.18534777  012.58060426 -73.01 tie_down props|helos Taxiway
1301 A general_aviation 
19  56.18469876  012.57698154 0 WS
54 12355 RDO Hoganas Traffic
99
