A
1000 Generated by WorldEditor

1    507 0 0 ESMP Anderstorp
100 30.00 1 0 0.25 0 0 0 04  57.26042500  013.59507800    0    5 2 0 0 0 22  57.26791100  013.60380000    0    5 2 0 0 0
110 1 0.25 0.0000 Racecourse main
111  57.26739902  013.60330923 1
111  57.26192822  013.59712339 1
112  57.26137482  013.59670403  57.26100808  013.59647801 1
112  57.26057343  013.59733185  57.26051231  013.59775877 1
112  57.26081042  013.59872429  57.26116357  013.59917632 1
112  57.26265458  013.60090371  57.26275663  013.60105810 1
112  57.26279891  013.60131954  57.26279427  013.60145677 1
112  57.26265320  013.60166501  57.26260682  013.60173362 1
112  57.26229406  013.60205590  57.26201111  013.60232179 1
112  57.26178648  013.60328201  57.26178184  013.60351359 1
112  57.26235396  013.60510068  57.26295234  013.60548665 1
112  57.26355482  013.60385619  57.26374328  013.60283429 1
112  57.26383323  013.60227499  57.26392194  013.60176529 1
112  57.26442770  013.60185711  57.26465898  013.60205631 1
112  57.26774544  013.60572393  57.26811296  013.60622196 1
112  57.26787301  013.60713437  57.26777479  013.60743318 1
112  57.26709463  013.60729438  57.26678414  013.60683151 1
112  57.26512586  013.60431584  57.26481854  013.60382958 1
112  57.26422299  013.60470609  57.26411527  013.60513377 1
112  57.26447818  013.60630406  57.26483619  013.60673759 1
112  57.26758313  013.60997383  57.26781526  013.61024306 1
112  57.26823420  013.60971435  57.26839945  013.60921229 1
112  57.26914346  013.60697425  57.26920520  013.60676874 1
112  57.26907050  013.60632036  57.26889145  013.60601209 1
113  57.26794869  013.60429643 1
111  57.26786083  013.60438922 1
112  57.26901226  013.60645653  57.26909488  013.60660933 1
112  57.26905955  013.60691795  57.26899266  013.60712169 1
112  57.26818420  013.60954397  57.26802092  013.61002420 1
112  57.26765513  013.60980307  57.26745644  013.60957387 1
112  57.26454344  013.60614963  57.26425196  013.60578640 1
112  57.26432117  013.60479101  57.26446691  013.60422859 1
112  57.26507806  013.60442447  57.26521746  013.60466467 1
112  57.26703448  013.60742712  57.26735130  013.60792514 1
112  57.26794856  013.60724327  57.26812598  013.60679211 1
112  57.26778900  013.60557216  57.26741832  013.60506242 1
112  57.26447674  013.60169757  57.26415674  013.60132848 1
112  57.26374448  013.60220773  57.26366527  013.60264713 1
112  57.26346646  013.60381468  57.26329020  013.60474958 1
112  57.26239506  013.60492267  57.26185698  013.60459674 1
112  57.26190437  013.60332064  57.26190901  013.60319199 1
112  57.26233737  013.60222812  57.26257858  013.60200511 1
112  57.26270175  013.60187456  57.26293832  013.60162583 1
112  57.26290876  013.60132856  57.26291804  013.60118275 1
112  57.26272092  013.60074747  57.26260031  013.60060166 1
112  57.26086454  013.59858513  57.26063363  013.59827121 1
112  57.26066669  013.59737291  57.26074139  013.59689576 1
112  57.26132626  013.59688828  57.26147567  013.59700129 1
111  57.26181589  013.59730368 1
111  57.26344325  013.59889326 1
113  57.26651115  013.60247686 1
110 1 0.25 0.0000 Taxiway
111  57.26816627  013.60493618 1
111  57.26791186  013.60447214 1
112  57.26779685  013.60466549  57.26764351  013.60462682 1
112  57.26721833  013.60448503  57.26716257  013.60445925 1
112  57.26708939  013.60450437  57.26704757  013.60457526 1
111  57.26692559  013.60454304 1
111  57.26712772  013.60476861 1
114  57.26719045  013.60464616  57.26728106  013.60467838 1
110 1 0.25 0.0000 Taxiway
111  57.26587436  013.60173922 1
111  57.26570185  013.60152655 1
111  57.26571718  013.60174631 1
111  57.26543350  013.60253318 1
111  57.26523415  013.60258989 1
111  57.26548717  013.60287345 1
111  57.26547183  013.60276712 1
113  57.26579385  013.60179593 1
110 1 0.25 0.0000 Taxiway
111  57.26078982  013.59579911 1
111  57.26071841  013.59570668 1
112  57.26071841  013.59577710  57.26071035  013.59580443 1
112  57.26059701  013.59605438  57.26057686  013.59608916 1
112  57.26026999  013.59660851  57.26024849  013.59667807 1
112  57.26003019  013.59745149  57.26001138  013.59754838 1
112  57.26007073  013.59769755  57.26009895  013.59774226 1
111  57.26063764  013.59877089 1
111  57.26069005  013.59863176 1
112  57.26053381  013.59844303  57.26050995  013.59840061 1
112  57.26010374  013.59762318  57.26008761  013.59758592
111  57.26010374  013.59762318
112  57.26010374  013.59762318  57.26008761  013.59758592 1
112  57.26008293  013.59745423  57.26010174  013.59737473 1
112  57.26031425  013.59664658  57.26033978  013.59657454 1
112  57.26062924  013.59610113  57.26065342  013.59606138 1
114  57.26075001  013.59583945  57.26076076  013.59581461 1
110 1 0.25 0.0000 Taxi area
111  57.26213549  013.59761249 1
111  57.26191322  013.59740320 1
112  57.26193009  013.59754355  57.26190810  013.59761583 1
112  57.26159273  013.59851820  57.26145104  013.59891120 1
111  57.26102345  013.59878330 1
111  57.26236443  013.60035053 1
112  57.26230673  013.59992330  57.26230917  013.59981714
111  57.26230673  013.59992330
112  57.26230673  013.59992330  57.26225665  013.59986909 1
111  57.26154635  013.59907180 1
112  57.26157165  013.59888467  57.26161562  013.59875818 1
111  57.26166020  013.59861956 1
114  57.26199334  013.59764492  57.26202510  013.59756135 1
110 1 0.25 0.0000 Asphalt area
111  57.26063739  013.59854058
111  57.26047922  013.59862548
111  57.25951485  013.59721041
111  57.25884132  013.59678589
111  57.25843313  013.59789908
111  57.25877335  013.59869435
111  57.26031685  013.60005382
112  57.26055055  013.60066609  57.26056075  013.60114722
112  57.26099599  013.60216047  57.26107763  013.60218877
111  57.26124295  013.60222273
111  57.26148430  013.60148592
111  57.26161900  013.60158970
111  57.26142256  013.60216047
111  57.26167513  013.60246142
111  57.26222518  013.60138215
113  57.26245530  013.60066609
130 Airport Boundary
111  57.25969936  013.58992316
111  57.25728445  013.59811436
111  57.25923045  013.60461531
111  57.26813982  013.61202639
113  57.27050783  013.60665227
120 Linear Feature 16
111  57.26541577  013.60268538
115  57.26541852  013.60288225
120 Linear Feature 14
111  57.26749213  013.60329201
111  57.26762796  013.60355573
111  57.26771625  013.60404550
111  57.26807619  013.60466085
111  57.26804903  013.60481155
111  57.26794037  013.60477387
111  57.26715936  013.60457294
111  57.26700315  013.60472364
115  57.26531816  013.60276321
120 Linear Feature 13
111  57.26576510  013.60174074
111  57.26541721  013.60268426
111  57.26531516  013.60276146
111  57.26437547  013.60171501
111  57.26414233  013.60164776
111  57.26392307  013.60183244
111  57.26381572  013.60213658
111  57.26375363  013.60244501
111  57.26347652  013.60404487
111  57.26335504  013.60443051
111  57.26321188  013.60473145
111  57.26297068  013.60503164
111  57.26260423  013.60511741
111  57.26222850  013.60489441
111  57.26202904  013.60455991
111  57.26188060  013.60391664
111  57.26185741  013.60314472
111  57.26215451  013.60232227
111  57.26247435  013.60198683
111  57.26280833  013.60157514
111  57.26283616  013.60127494
111  57.26271091  013.60083752
111  57.26132976  013.59925009
115  57.26088075  013.59951992
120 Linear Feature 12
111  57.26603414  013.60161208
111  57.26593850  013.60151209
111  57.26576510  013.60174932
111  57.26576510  013.60132045
115  57.26569089  013.60120894
120 Linear Feature 10
111  57.26073404  013.60005313
111  57.26088957  013.59949929
111  57.26089533  013.59900403
111  57.26052091  013.59849280
111  57.26007735  013.59766205
111  57.26004855  013.59751826
111  57.26006871  013.59742241
111  57.26028473  013.59662893
111  57.26059867  013.59609640
111  57.26078589  013.59568635
111  57.26090685  013.59563842
115  57.26099614  013.59574493
1300  57.26801255  013.60468893 260.27 hangar turboprops|props NE taxi
1300  57.26556253  013.60238351 301.93 hangar turboprops|props Center taxi
1300  57.26151562  013.59945118 208.37 hangar turboprops|props Near taxi on racecourse
1300  57.26079158  013.59987666 291.25 hangar turboprops|props Hangar
19  57.26041248  013.59418225 1 WS S
19  57.26761120  013.60293333 1 WS N
54 12342 RDO
99
