I
1130 Generated by WorldEditor 2.1.0r1

1     17 1 0 ESMQ Kalmar
1302 city 
1302 country Sweden
1302 datum_lat 56.685555556
1302 datum_lon 16.2875
1302 faa_code 
1302 gui_label 3D
1302 iata_code KLR
1302 icao_code ESMQ
1302 region_code ES
1302 state Kalmar län
1302 transition_alt 5000
1302 transition_level 
100 45.11 1 0 0.25 1 3 0 16  56.69680086  016.27671741    0    0 3 3 0 0 34  56.68055388  016.29229197    0    0 3 0 0 0
100 39.93 1 0 0.25 0 0 0 05  56.68064512  016.27760778    0    0 2 0 0 0 23  56.68458633  016.28556284    0    0 2 0 0 0
110 2 0.00 302.0000 New Taxiway 20
111  56.67802821  016.28864122
111  56.67795311  016.28885969
111  56.67818189  016.28914432
113  56.67825956  016.28892340
110 2 0.00 302.0000 New Taxiway 7
111  56.67794941  016.28938586
111  56.67788919  016.28955324
111  56.67798705  016.28965308
113  56.67804782  016.28949059
110 1 0.00 268.0000 New Taxiway 12
111  56.68045100  016.28189905
111  56.68042932  016.28215405
112  56.68073124  016.28208923  56.68088684  016.28209354
111  56.68073124  016.28208923
112  56.68073124  016.28208923  56.68080043  016.28209585
112  56.68240433  016.28219067  56.68256211  016.28221188
111  56.68271926  016.28225696
111  56.68249900  016.28181356
112  56.68241746  016.28193694  56.68230416  016.28195429
114  56.68216120  016.28199285  56.68209630  016.28198897
110 1 0.10 340.0000 New Taxiway 3
111  56.68321020  016.28228698
112  56.68323585  016.28224687  56.68327809  016.28224387
111  56.68323585  016.28224687
112  56.68323585  016.28224687  56.68326022  016.28224651
112  56.68603617  016.28239416  56.68614151  016.28240015
111  56.68603617  016.28239416
112  56.68603617  016.28239416  56.68614152  016.28240015
112  56.68674203  016.28245542  56.68684638  016.28246469
111  56.68674203  016.28245542
112  56.68674203  016.28245542  56.68682734  016.28259917
112  56.68749331  016.28500023  56.68751635  016.28498524
111  56.68749331  016.28500023
112  56.68749331  016.28500023  56.68751669  016.28498502
112  56.68757333  016.28493162  56.68758282  016.28492137
111  56.68757333  016.28493162
112  56.68757333  016.28493162  56.68758249  016.28492173
112  56.68690533  016.28244661  56.68686885  016.28231052
111  56.68690533  016.28244661
112  56.68690533  016.28244661  56.68702677  016.28228294
111  56.68782697  016.28172775
112  56.68936021  016.28060918  56.69008016  016.28006080
111  56.68936021  016.28060918
112  56.68936021  016.28060918  56.68964908  016.28038915
112  56.69013649  016.28002527  56.69034117  016.27985514
111  56.69013649  016.28002527
112  56.69013649  016.28002527  56.69036253  016.27982621
112  56.69050461  016.27966285  56.69051617  016.27965363
111  56.69050461  016.27966285
112  56.69050461  016.27966285  56.69055387  016.27962359
112  56.69059980  016.27971009  56.69061211  016.27975494
111  56.69059980  016.27971009
112  56.69059980  016.27971009  56.69061206  016.27975475
112  56.69114470  016.28158219  56.69116415  016.28165304
111  56.69114470  016.28158219
112  56.69114470  016.28158219  56.69116427  016.28165346
111  56.69113818  016.28171857
111  56.69130586  016.28155833
112  56.69122397  016.28149224  56.69119988  016.28140452
111  56.69122397  016.28149224
112  56.69122397  016.28149224  56.69120003  016.28140507
112  56.69068961  016.27965206  56.69067325  016.27960369
111  56.69068961  016.27965206
112  56.69068961  016.27965206  56.69067316  016.27960342
112  56.69075025  016.27945263  56.69081991  016.27937801
111  56.69075025  016.27945263
112  56.69075025  016.27945263  56.69081976  016.27937817
112  56.69215174  016.27816095  56.69240010  016.27791180
111  56.69215174  016.27816095
112  56.69215174  016.27816095  56.69240018  016.27791172
112  56.69301705  016.27792200  56.69336624  016.27800199
111  56.69301705  016.27792200
112  56.69301705  016.27792200  56.69336632  016.27800200
112  56.69371982  016.27861030  56.69379507  016.27876864
111  56.69371982  016.27861030
112  56.69371982  016.27861030  56.69379508  016.27876865
112  56.69385691  016.27891950  56.69390698  016.27903431
111  56.69385691  016.27891950
112  56.69385691  016.27891950  56.69392369  016.27891308
111  56.69392601  016.27883993
112  56.69390481  016.27879320  56.69389768  016.27875096
111  56.69390481  016.27879320
112  56.69390481  016.27879320  56.69389771  016.27875117
111  56.69392410  016.27861973
112  56.69386659  016.27855945  56.69384408  016.27861384
111  56.69386659  016.27855945
112  56.69386659  016.27855945  56.69371555  016.27830927
112  56.69306210  016.27777212  56.69276815  016.27772136
111  56.69306210  016.27777212
112  56.69306210  016.27777212  56.69290547  016.27773820
112  56.69259231  016.27772911  56.69246798  016.27772911
111  56.69259231  016.27772911
112  56.69259231  016.27772911  56.69270321  016.27761836
111  56.69316428  016.27720650
112  56.69522155  016.27527439  56.69564738  016.27492196
111  56.69522155  016.27527439
112  56.69522155  016.27527439  56.69529320  016.27523503
112  56.69530796  016.27548221  56.69530407  016.27552062
111  56.69530796  016.27548221
112  56.69530796  016.27548221  56.69528042  016.27575418
112  56.69492467  016.27777258  56.69488992  016.27801909
111  56.69492467  016.27777258
112  56.69492467  016.27777258  56.69491560  016.27801701
111  56.69497952  016.27789856
112  56.69537317  016.27558296  56.69540977  016.27537634
111  56.69537317  016.27558296
112  56.69537317  016.27558296  56.69540976  016.27537639
112  56.69552844  016.27512662  56.69559310  016.27537560
111  56.69552844  016.27512662
112  56.69552844  016.27512662  56.69543508  016.27593336
112  56.69512592  016.27773590  56.69506794  016.27805809
111  56.69512592  016.27773590
112  56.69512592  016.27773590  56.69510308  016.27783319
111  56.69519474  016.27777484
112  56.69564263  016.27510614  56.69568838  016.27486286
111  56.69564263  016.27510614
112  56.69564263  016.27510614  56.69568840  016.27486275
111  56.69575082  016.27474838
112  56.69619303  016.27440006  56.69629681  016.27435956
112  56.69654504  016.27444254  56.69667360  016.27451807
111  56.69654504  016.27444254
112  56.69654504  016.27444254  56.69667446  016.27451857
112  56.69687359  016.27486587  56.69693785  016.27504977
111  56.69687359  016.27486587
112  56.69687359  016.27486587  56.69700168  016.27523246
112  56.69701838  016.27553661  56.69702673  016.27572642
111  56.69701838  016.27553661
112  56.69701838  016.27553661  56.69702215  016.27575141
112  56.69693408  016.27616504  56.69686614  016.27630004
111  56.69693408  016.27616504
112  56.69693408  016.27616504  56.69685378  016.27624861
111  56.69670378  016.27639502
111  56.69689238  016.27704746
111  56.69718232  016.27678225
112  56.69704986  016.27628796  56.69700148  016.27609780
111  56.69704986  016.27628796
112  56.69704986  016.27628796  56.69713633  016.27602512
112  56.69702905  016.27497662  56.69690770  016.27460477
111  56.69702905  016.27497662
112  56.69702905  016.27497662  56.69683101  016.27426887
112  56.69641891  016.27418168  56.69636426  016.27416779
111  56.69641891  016.27418168
112  56.69641891  016.27418168  56.69638880  016.27417403
112  56.69608959  016.27425571  56.69591378  016.27435293
111  56.69608959  016.27425571
112  56.69608959  016.27425571  56.69594631  016.27433495
112  56.69568959  016.27460115  56.69562381  016.27466115
111  56.69568959  016.27460115
112  56.69568959  016.27460115  56.69563450  016.27465491
112  56.69534547  016.27492892  56.69528791  016.27498483
111  56.69534547  016.27492892
112  56.69534547  016.27492892  56.69475887  016.27549869
112  56.69313127  016.27700047  56.69239430  016.27770856
111  56.69313127  016.27700047
112  56.69313127  016.27700047  56.69188107  016.27820168
111  56.69072322  016.27929007
112  56.69010374  016.27991208  56.69003307  016.27997568
111  56.69010374  016.27991208
112  56.69010374  016.27991208  56.69000800  016.27999207
112  56.68924038  016.28053315  56.68903078  016.28068307
111  56.68924038  016.28053315
112  56.68924038  016.28053315  56.68822612  016.28125931
112  56.68679150  016.28224602  56.68668321  016.28229576
111  56.68679150  016.28224602
112  56.68679150  016.28224602  56.68661525  016.28229532
111  56.68601629  016.28223918
112  56.68330505  016.28209065  56.68327442  016.28208974
111  56.68330505  016.28209065
112  56.68330505  016.28209065  56.68327441  016.28208974
113  56.68310409  016.28207578
110 1 0.10 360.0000 New Taxiway 1
111  56.67774469  016.27123122
111  56.67768890  016.27111450
112  56.67757082  016.27126575  56.67754434  016.27129627
111  56.67757082  016.27126575
112  56.67757082  016.27126575  56.67745610  016.27126093
112  56.67716090  016.27139625  56.67704928  016.27146952
112  56.67692397  016.27162477  56.67686725  016.27170138
111  56.67685183  016.27166041
111  56.67680587  016.27156259
111  56.67672374  016.27168927
112  56.67672767  016.27219140  56.67663162  016.27257504
111  56.67672767  016.27219140
112  56.67672767  016.27219140  56.67665883  016.27246126
112  56.67663205  016.27300452  56.67663099  016.27323582
112  56.67670297  016.27372308  56.67676311  016.27396983
112  56.67689727  016.27424536  56.67701799  016.27446741
112  56.67858658  016.27679960  56.67861526  016.27684512
111  56.67858658  016.27679960
112  56.67858658  016.27679960  56.67859320  016.27688528
112  56.67871807  016.27744239  56.67878190  016.27760758
111  56.67871807  016.27744239
112  56.67871807  016.27744239  56.67882818  016.27767204
111  56.67918512  016.27873089
111  56.67925405  016.27864703
112  56.67969978  016.27955064  56.67970948  016.27962594
111  56.67965298  016.28185715
112  56.67987552  016.28235667  56.67969254  016.28278971
112  56.67919303  016.28376848  56.67915420  016.28376058
111  56.67919303  016.28376848
112  56.67919303  016.28376848  56.67915420  016.28377169
111  56.67873849  016.28347341
111  56.67827073  016.28597436
111  56.67868635  016.28622162
111  56.67872024  016.28634666
111  56.67849882  016.28744820
111  56.67801299  016.28738115
111  56.67798666  016.28796654
111  56.67782429  016.28819794
111  56.67773816  016.28835407
111  56.67764885  016.29106909
112  56.67820590  016.29111326  56.67825229  016.29118685
111  56.67842987  016.29392512
111  56.67888019  016.29348773
112  56.67860824  016.29270647  56.67853553  016.29196908
112  56.67849456  016.29150566  56.67848904  016.29137737
111  56.67849456  016.29150566
112  56.67849456  016.29150566  56.67851110  016.29138861
112  56.67864610  016.29089436  56.67865674  016.29087345
112  56.67867426  016.29090543  56.67869979  016.29094494
111  56.67867426  016.29090543
112  56.67867426  016.29090543  56.67868980  016.29092949
112  56.67939821  016.29214258  56.67971270  016.29264704
111  56.67939821  016.29214258
112  56.67939821  016.29214258  56.67956870  016.29246123
112  56.67977728  016.29260312  56.67982139  016.29265239
111  56.67977728  016.29260312
112  56.67977728  016.29260312  56.67978744  016.29261222
111  56.67977510  016.29262434
111  56.67979847  016.29260797
112  56.68030800  016.29211388  56.68043766  016.29199074
111  56.68030800  016.29211388
112  56.68030800  016.29211388  56.68012678  016.29217366
112  56.67972476  016.29197832  56.67956780  016.29180876
111  56.67972476  016.29197832
112  56.67972476  016.29197832  56.67962415  016.29185035
112  56.67874161  016.29033272  56.67858192  016.29008701
111  56.67874161  016.29033272
112  56.67874161  016.29033272  56.67867077  016.29022748
112  56.67876497  016.28853149  56.67876393  016.28775163
111  56.67876497  016.28853149
112  56.67876497  016.28853149  56.67874935  016.28817884
112  56.67871653  016.28795456  56.67870305  016.28775487
112  56.67892468  016.28757404  56.67895777  016.28760862
112  56.68181901  016.29048707  56.68184970  016.29052135
111  56.68181901  016.29048707
112  56.68181901  016.29048707  56.68184911  016.29052069
111  56.68185595  016.29031171
112  56.67895537  016.28739679  56.67884206  016.28728113
112  56.67879451  016.28686127  56.67881357  016.28662995
111  56.67879451  016.28686127
112  56.67879451  016.28686127  56.67882246  016.28662532
112  56.67934908  016.28391107  56.67948078  016.28334313
111  56.67934908  016.28391107
112  56.67934908  016.28391107  56.67955236  016.28346381
112  56.67984888  016.28276736  56.68005143  016.28227604
111  56.67984888  016.28276736
112  56.67984888  016.28276736  56.68006481  016.28230434
111  56.68042932  016.28215405
112  56.68045100  016.28189905  56.68045303  016.28185375
111  56.68045100  016.28189905
112  56.68045100  016.28189905  56.68036717  016.28189637
111  56.68025833  016.28176852
112  56.68049384  016.28039899  56.68049018  016.27956622
111  56.68049384  016.28039899
112  56.68049384  016.28039899  56.68050482  016.27925976
111  56.67997443  016.27866900
112  56.67915076  016.27741595  56.67911370  016.27733306
112  56.67906317  016.27695745  56.67906807  016.27682514
111  56.67906317  016.27695745
112  56.67906317  016.27695745  56.67901616  016.27692565
112  56.67897105  016.27689941  56.67891520  016.27686444
111  56.67897105  016.27689941
112  56.67897105  016.27689941  56.67897528  016.27703242
111  56.67891272  016.27706373
112  56.67706597  016.27427579  56.67688172  016.27400285
112  56.67679818  016.27364960  56.67673718  016.27340673
112  56.67674301  016.27296340  56.67674407  016.27283233
112  56.67684832  016.27229789  56.67692562  016.27201647
112  56.67711984  016.27176845  56.67717090  016.27171360
112  56.67744528  016.27167413  56.67758819  016.27176158
111  56.67744528  016.27167413
114  56.67744528  016.27167413  56.67744592  016.27167405
112  56.67900087  016.27776912  56.67899720  016.27788959
111  56.67895798  016.27782378
111  56.67887770  016.27764083
112  56.67867363  016.27708863  56.67863441  016.27685325
111  56.67872266  016.27700273
112  56.67893959  016.27733405  56.67901620  016.27744672
113  56.67900578  016.27759844
111  56.67993238  016.27880606
112  56.68003533  016.27899883  56.68007063  016.27909521
112  56.68003901  016.27928799  56.68002062  016.27939508
112  56.67984046  016.27941650  56.67977795  016.27941650
111  56.67971324  016.27929066
111  56.67933893  016.27854368
112  56.67919186  016.27815680  56.67908891  016.27788639
112  56.67907052  016.27760527  56.67906905  016.27749416
112  56.67913167  016.27762694  56.67915343  016.27766654
111  56.67913167  016.27762694
114  56.67913167  016.27762694  56.67915343  016.27766131
112  56.68013949  016.27919379  56.68013956  016.27918184
111  56.68013949  016.27919379
112  56.68013949  016.27919379  56.68013847  016.27915288
111  56.68016113  016.27921040
112  56.68022591  016.27938035  56.68028008  016.27953297
111  56.68022591  016.27938035
112  56.68022591  016.27938035  56.68030549  016.27963128
112  56.68039873  016.28043520  56.68039746  016.28097419
112  56.68022034  016.28151912  56.68016443  016.28169493
112  56.68011943  016.28136835  56.68011054  016.28130821
113  56.68011027  016.28119395
110 1 0.00 268.0000 New Taxiway 7
111  56.69677804  016.27633685
111  56.69665732  016.27590046
111  56.69624633  016.27626328
112  56.69603377  016.27676978  56.69590140  016.27708156
113  56.69583107  016.27725462
110 1 0.00 268.0000 New Taxiway 9
111  56.67906317  016.27695745
112  56.67913079  016.27646697  56.67918903  016.27627999
112  56.67944241  016.27594815  56.67954725  016.27593080
111  56.67964213  016.27604283
111  56.67942707  016.27560938
112  56.67937609  016.27573458  56.67933268  016.27580397
112  56.67907705  016.27624501  56.67896586  016.27652453
111  56.67907705  016.27624501
112  56.67907705  016.27624501  56.67896969  016.27653770
113  56.67897105  016.27689941
110 1 0.00 330.0000 New Taxiway 1
111  56.68046106  016.29196337
111  56.67830743  016.29403461
111  56.67849464  016.29469312
113  56.68065090  016.29261657
110 1 0.00 232.0000 New Taxiway 6
112  56.68523593  016.28736200  56.68523458  016.28736410
111  56.68523593  016.28736200
112  56.68523593  016.28736200  56.68524470  016.28737585
111  56.68523500  016.28739214
112  56.68560629  016.28703700  56.68564400  016.28700039
111  56.68560629  016.28703700
112  56.68560629  016.28703700  56.68557587  016.28705981
111  56.68550408  016.28692197
111  56.68471780  016.28533983
113  56.68445119  016.28577845
130 Airport Boundary 1
111  56.69656825  016.27306656
111  56.69045003  016.27797271
111  56.68626751  016.28036289
111  56.68090975  016.27250046
111  56.67768146  016.26937819
111  56.67603418  016.27309639
111  56.67783336  016.27621153
111  56.67825928  016.27735674
111  56.67848430  016.28101934
111  56.67737874  016.28122283
111  56.67692646  016.28361718
111  56.67584732  016.28599458
111  56.67673016  016.29327645
111  56.67738400  016.29659095
111  56.68277633  016.29162189
111  56.68865258  016.29967302
111  56.69110679  016.29571036
111  56.68834149  016.28998651
111  56.69394122  016.28231277
113  56.69912615  016.27740662
120 Linear Feature 4
111  56.67942948  016.29336024 24
111  56.67942948  016.29336024 24
111  56.67942948  016.29336024 24
111  56.67942948  016.29336024 24
111  56.67936061  016.29346854 24
111  56.67936061  016.29346854 24
111  56.67936061  016.29346854 24
115  56.67936061  016.29346854
120 Linear Feature 4
111  56.67942854  016.29336188 24
111  56.67942854  016.29336188 24
111  56.67942854  016.29336188 24
111  56.67942854  016.29336188 24
111  56.67934104  016.29340747 24
111  56.67934104  016.29340747 24
111  56.67934104  016.29340747 24
115  56.67934104  016.29340747
120 Linear Feature 4
111  56.67942827  016.29335767 24
111  56.67942827  016.29335767 24
111  56.67942827  016.29335767 24
111  56.67942827  016.29335767 24
111  56.67935939  016.29346598 24
111  56.67935939  016.29346598 24
111  56.67935939  016.29346598 24
115  56.67935939  016.29346598
120 Linear Feature 4
111  56.67942802  016.29335863 24
111  56.67942802  016.29335863 24
111  56.67942802  016.29335863 24
111  56.67942802  016.29335863 24
111  56.67934052  016.29340422 24
111  56.67934052  016.29340422 24
111  56.67934052  016.29340422 24
115  56.67934052  016.29340422
120 Linear Feature 4
111  56.67942706  016.29335506 24
111  56.67942706  016.29335506 24
111  56.67942706  016.29335506 24
111  56.67942706  016.29335506 24
111  56.67935819  016.29346336 24
111  56.67935819  016.29346336 24
111  56.67935819  016.29346336 24
115  56.67935819  016.29346336
120 Linear Feature 4
111  56.67942753  016.29335534 24
111  56.67942753  016.29335534 24
111  56.67942753  016.29335534 24
111  56.67942753  016.29335534 24
111  56.67934003  016.29340092 24
111  56.67934003  016.29340092 24
111  56.67934003  016.29340092 24
115  56.67934003  016.29340092
120 Linear Feature 4
111  56.67942582  016.29335239 24
111  56.67942582  016.29335239 24
111  56.67942582  016.29335239 24
111  56.67942582  016.29335239 24
111  56.67935694  016.29346069 24
111  56.67935694  016.29346069 24
111  56.67935694  016.29346069 24
115  56.67935694  016.29346069
120 Linear Feature 4
111  56.67942702  016.29335196 24
111  56.67942702  016.29335196 24
111  56.67942702  016.29335196 24
111  56.67942702  016.29335196 24
111  56.67933952  016.29339755 24
111  56.67933952  016.29339755 24
111  56.67933952  016.29339755 24
115  56.67933952  016.29339755
120 Linear Feature 4
111  56.67942456  016.29334971 24
111  56.67942456  016.29334971 24
111  56.67942456  016.29334971 24
111  56.67942456  016.29334971 24
111  56.67935568  016.29345801 24
111  56.67935568  016.29345801 24
111  56.67935568  016.29345801 24
115  56.67935568  016.29345801
120 Linear Feature 4
111  56.67942649  016.29334856 24
111  56.67942649  016.29334856 24
111  56.67942649  016.29334856 24
111  56.67942649  016.29334856 24
111  56.67933899  016.29339415 24
111  56.67933899  016.29339415 24
111  56.67933899  016.29339415 24
115  56.67933899  016.29339415
120 Linear Feature 3
111  56.67934944  016.29342420 24
111  56.67934944  016.29342420 24
111  56.67934944  016.29342420 24
111  56.67934944  016.29342420 24
111  56.67918907  016.29357461 24
111  56.67918907  016.29357461 24
111  56.67918907  016.29357461 24
115  56.67918907  016.29357461
120 Linear Feature 3
111  56.67935032  016.29342732 24
111  56.67935032  016.29342732 24
111  56.67935032  016.29342732 24
111  56.67935032  016.29342732 24
111  56.67918996  016.29357773 24
111  56.67918996  016.29357773 24
111  56.67918996  016.29357773 24
115  56.67918996  016.29357773
120 Linear Feature 3
111  56.67935117  016.29343047 24
111  56.67935117  016.29343047 24
111  56.67935117  016.29343047 24
111  56.67935117  016.29343047 24
111  56.67919080  016.29358089 24
111  56.67919080  016.29358089 24
111  56.67919080  016.29358089 24
115  56.67919080  016.29358089
120 Linear Feature 3
111  56.67935201  016.29343353 24
111  56.67935201  016.29343353 24
111  56.67935201  016.29343353 24
111  56.67935201  016.29343353 24
111  56.67919165  016.29358394 24
111  56.67919165  016.29358394 24
111  56.67919165  016.29358394 24
115  56.67919165  016.29358394
120 Linear Feature 3
111  56.67935285  016.29343664 24
111  56.67935285  016.29343664 24
111  56.67935285  016.29343664 24
111  56.67935285  016.29343664 24
111  56.67919249  016.29358706 24
111  56.67919249  016.29358706 24
111  56.67919249  016.29358706 24
115  56.67919249  016.29358706
120 Linear Feature 36
111  56.68775439  016.29163216 20
115  56.68760018  016.29132669
120 Linear Feature 36
111  56.68771363  016.29169675 20
115  56.68755941  016.29139128
120 Linear Feature 36
111  56.68767287  016.29176134 20
115  56.68751865  016.29145587
120 Linear Feature 36
111  56.68763090  016.29182953 20
115  56.68747669  016.29152406
120 Linear Feature 36
111  56.68758952  016.29189582 20
115  56.68743530  016.29159035
120 Linear Feature 35
111  56.68779194  016.29157239 20
115  56.68758952  016.29189582
120 Linear Feature 34
111  56.68778902  016.29241779 20
116  56.68775228  016.29217974  56.68775272  016.29204517
120 Linear Feature 33
111  56.68785838  016.29198633 20
116  56.68789872  016.29201026  56.68790827  016.29201977
120 Linear Feature 32
111  56.68783916  016.29190645 21
116  56.68785803  016.29198623  56.68786146  016.29202986
120 Linear Feature 31
111  56.68780040  016.29218372 21
115  56.68775217  016.29218033
120 Linear Feature 30
111  56.68778900  016.29241767 22
112  56.68782753  016.29251395  56.68785397  016.29256780 22
111  56.68844558  016.29375955 22
111  56.68928852  016.29546701 22
111  56.68935287  016.29560032 22
116  56.68939469  016.29617276  56.68929557  016.29647166
120 Linear Feature 29
111  56.68783916  016.29190645 20
112  56.68792395  016.29198200  56.68796155  016.29202733 20
112  56.68806856  016.29219128  56.68809759  016.29225355 20
111  56.68815567  016.29236516 20
112  56.68820019  016.29253905  56.68820858  016.29263774 20
112  56.68824149  016.29277638  56.68826020  016.29279988 20
112  56.68828472  016.29281633  56.68830279  016.29283160 20
112  56.68842603  016.29295144  56.68846668  016.29301959 20
112  56.68849765  016.29318525  56.68850798  016.29330391 20
111  56.68851637  016.29334269 20
112  56.68857573  016.29346488  56.68863122  016.29353185 20
111  56.68872220  016.29364229 20
112  56.68879512  016.29371279  56.68882093  016.29372806 20
112  56.68888997  016.29392075  56.68888803  016.29407466 20
112  56.68889836  016.29414633  56.68891642  016.29418628 20
111  56.68918743  016.29470913 20
112  56.68922550  016.29474790  56.68924292  016.29474790 20
112  56.68933971  016.29479490  56.68937843  016.29486305 20
111  56.68942553  016.29495469 20
112  56.68946038  016.29509451  56.68946941  016.29520378 20
115  56.68949844  016.29546814
120 Linear Feature 28
111  56.68786194  016.29205777 20
112  56.68791847  016.29206910  56.68793507  016.29208893 20
112  56.68805494  016.29228840  56.68809365  016.29236829 20
111  56.68812914  016.29245054 20
112  56.68815946  016.29263223  56.68816656  016.29275560 20
111  56.68820592  016.29283432 20
112  56.68827303  016.29290011  56.68832594  016.29293183 20
112  56.68840402  016.29302465  56.68843821  016.29309045 20
112  56.68845435  016.29320324  56.68846015  016.29326551 20
112  56.68848403  016.29341002  56.68850597  016.29346877 20
112  56.68854726  016.29353104  56.68856727  016.29355806 20
111  56.68869948  016.29371576 20
112  56.68878462  016.29379572  56.68881957  016.29381938 20
112  56.68884780  016.29392545  56.68884780  016.29399725 20
111  56.68884466  016.29409435 20
112  56.68888947  016.29426324  56.68893742  016.29436686 20
111  56.68917283  016.29480628 20
112  56.68921540  016.29483483  56.68924116  016.29483347 20
111  56.68927701  016.29483143 20
112  56.68931435  016.29487223  56.68933526  016.29491235 20
111  56.68939501  016.29502250 20
112  56.68941107  016.29510817  56.68941443  016.29517209 20
115  56.68945094  016.29548660
120 Linear Feature 27
111  56.68780167  016.29216880 20
112  56.68784603  016.29245437  56.68791011  016.29257757 20
111  56.68856238  016.29389923 20
111  56.68937522  016.29554781 20
116  56.68942350  016.29619995  56.68931251  016.29657005
120 Linear Feature 26
111  56.68786200  016.29205815 20
116  56.68780163  016.29216864  56.68774686  016.29221624
120 Linear Feature 25
111  56.68783922  016.29190609 20
112  56.68770165  016.29189549  56.68763040  016.29201461 20
111  56.68771285  016.29215494 20
112  56.68775766  016.29243969  56.68779710  016.29253841 20
111  56.68783742  016.29262000 20
111  56.68933142  016.29565132 20
116  56.68936444  016.29614623  56.68927572  016.29638220
120 Linear Feature 24
111  56.68780130  016.29206679 20
112  56.68779788  016.29194667  56.68776232  016.29189360 20
111  56.68773185  016.29196004 20
114  56.68773745  016.29207291  56.68776919  016.29212458 20
120 Linear Feature 23
111  56.67874368  016.28350938 24
111  56.67918947  016.28378653 24
116  56.67921722  016.28375774  56.67923822  016.28372375
120 Linear Feature 5
111  56.67863832  016.28476790 10
115  56.67870060  016.28464998
120 Linear Feature 5
111  56.67848967  016.28555051 10
115  56.67855196  016.28543260
120 Linear Feature 5
111  56.67863961  016.28477021 10
115  56.67870190  016.28465230
120 Linear Feature 5
111  56.67849097  016.28555282 10
115  56.67855325  016.28543491
120 Linear Feature 5
111  56.67864086  016.28477235 10
115  56.67870315  016.28465444
120 Linear Feature 5
111  56.67849222  016.28555497 10
115  56.67855451  016.28543706
120 Linear Feature 5
111  56.67801262  016.28891845 10
115  56.67806123  016.28878086
120 Linear Feature 5
111  56.67801414  016.28892026 10
115  56.67806275  016.28878268
120 Linear Feature 5
111  56.67801560  016.28892193 10
115  56.67806421  016.28878434
120 Linear Feature 5
111  56.67837943  016.28836857 10
115  56.67841867  016.28822141
120 Linear Feature 5
111  56.67838105  016.28837005 10
115  56.67842029  016.28822288
120 Linear Feature 5
111  56.67838261  016.28837138 10
115  56.67842185  016.28822422
120 Linear Feature 19
111  56.67852509  016.28940507 60
115  56.67804324  016.28883264
120 Linear Feature 22
111  56.67894803  016.28520061 60
115  56.67868003  016.28469115
120 Linear Feature 22
111  56.67879831  016.28598840 60
115  56.67853063  016.28547967
120 Linear Feature 21
111  56.67899680  016.28529294 60
115  56.67896873  016.28523944
120 Linear Feature 21
111  56.67884740  016.28608146 60
115  56.67882016  016.28603024
120 Linear Feature 18
111  56.67858432  016.28947486 60 101
115  56.67855104  016.28943423
120 Linear Feature 17
111  56.67860161  016.28769315 60 101
116  56.67851097  016.28794079  56.67839409  016.28797070
120 Linear Feature 5
111  56.67796069  016.28962439 10
115  56.67788548  016.28961923
120 Linear Feature 16
111  56.67832243  016.28824755 60
115  56.67839792  016.28831106
120 Linear Feature 15
111  56.67816271  016.28814188 60
116  56.67832351  016.28824734  56.67843906  016.28816166
120 Linear Feature 14
111  56.67856241  016.28796525 60
112  56.67851097  016.28794079  56.67847781  016.28793671 60
111  56.67819925  016.28790788 60
116  56.67816271  016.28814188  56.67820189  016.28829892
120 Linear Feature 13
111  56.67865003  016.28813231 60
116  56.67859402  016.28799464  56.67854697  016.28794896
120 Linear Feature 5
111  56.67808803  016.28943470 10
115  56.67806322  016.28927747
120 Linear Feature 5
111  56.67796076  016.28962109 10
115  56.67788555  016.28961593
120 Linear Feature 5
111  56.67808977  016.28943382 10
115  56.67806497  016.28927659
120 Linear Feature 5
111  56.67796079  016.28961796 10
115  56.67788557  016.28961280
120 Linear Feature 5
111  56.67809142  016.28943292 10
115  56.67806662  016.28927569
120 Linear Feature 12
111  56.67807788  016.28934402 60
111  56.67820142  016.28928001 60
115  56.67820468  016.28926859
120 Linear Feature 11
112  56.67856205  016.28902921  56.67853570  016.28900083 60
112  56.67839888  016.28897091  56.67833477  016.28899762
111  56.67839888  016.28897091
112  56.67839888  016.28897091  56.67831971  016.28900936 60
112  56.67826322  016.28910284  56.67824293  016.28913684
111  56.67826322  016.28910284
112  56.67826322  016.28910284  56.67824185  016.28914174 60
116  56.67820468  016.28926859  56.67817627  016.28936027
120 Linear Feature 10
111  56.67860773  016.28910134 60 101
116  56.67859015  016.28906004  56.67858268  016.28904984
120 Linear Feature 9
111  56.67845209  016.29029190 60
111  56.67807249  016.29025341 60
111  56.67791728  016.29017304 60
111  56.67793758  016.28960188 60
116  56.67809368  016.28960019  56.67817916  016.28975749
120 Linear Feature 8
111  56.67856277  016.29037316 60
116  56.67848711  016.29029901  56.67845525  016.29029240
120 Linear Feature 5
111  56.67785541  016.29067434 10
115  56.67789042  016.29052368
120 Linear Feature 5
111  56.67785708  016.29067566 10
115  56.67789209  016.29052499
120 Linear Feature 5
111  56.67785867  016.29067684 10
115  56.67789368  016.29052618
120 Linear Feature 4
112  56.67834892  016.29114108  56.67834444  016.29108189 60
112  56.67843926  016.29070808  56.67852475  016.29043238 60
112  56.67860521  016.28913676  56.67864760  016.28843530 60
116  56.67865757  016.28821183  56.67865241  016.28814840
120 Linear Feature 3
111  56.67870977  016.29062304 60
112  56.67846968  016.29060589  56.67827998  016.29068694 60
115  56.67811418  016.29075961
120 Linear Feature 1
111  56.67829596  016.29089213 60
115  56.67787596  016.29058499
120 Linear Feature 31
111  56.69696235  016.27477840 4 103
115  56.69688080  016.27488377
120 Linear Feature 30
111  56.67952522  016.29171962 12 104
115  56.67936181  016.29203607
120 Linear Feature 29
111  56.67858011  016.29259489 12 104
115  56.67838133  016.29265089
120 Linear Feature 28
111  56.69564728  016.27780189 60 101
111  56.69590054  016.27755772 60 101
112  56.69602591  016.27728629  56.69611380  016.27703944 60 101
111  56.69630547  016.27652066 60 101
112  56.69639018  016.27637409  56.69644631  016.27631816 60 101
111  56.69650031  016.27626609 60 101
112  56.69667610  016.27646088  56.69675340  016.27672123 60 101
111  56.69660938  016.27688516 60 101
115  56.69653184  016.27695918
120 Linear Feature 27
111  56.67931454  016.28379931 60 101
112  56.67923903  016.28401603  56.67922073  016.28411054 60 101
111  56.67879898  016.28633771 60 101
111  56.67863015  016.28722549 60 101
112  56.67860161  016.28769315  56.67862575  016.28791521 60 101
112  56.67867311  016.28857996  56.67866548  016.28883672 60 101
111  56.67861973  016.29015060 60 101
116  56.67870955  016.29062343  56.67880249  016.29078146
120 Linear Feature 26
111  56.67828215  016.28596156 24
111  56.67870688  016.28621655 24
111  56.67873303  016.28633401 24
111  56.67845378  016.28780429 24
111  56.67808333  016.28774439 24
111  56.67805284  016.28838744 24
111  56.67809096  016.28845684 24
111  56.67831969  016.28849385 24
112  56.67828284  016.28858174  56.67824217  016.28857943 24
111  56.67795118  016.28856555 24
111  56.67783808  016.28862569 24
115  56.67775071  016.29096829
120 Linear Feature 25
111  56.68021969  016.29219860 24
112  56.67996648  016.29217531  56.67986852  016.29212712 24
112  56.67970704  016.29198735  56.67966203  016.29192470 24
112  56.67952349  016.29171426  56.67948025  016.29164037 24
111  56.67888681  016.29062257 24
111  56.67873238  016.29036395 24
112  56.67870238  016.29020652  56.67870061  016.29009247 24
112  56.67870891  016.28972878  56.67871314  016.28961312 24
112  56.67874279  016.28884206  56.67874703  016.28865700 24
112  56.67874279  016.28841605  56.67873115  016.28826569 24
112  56.67870328  016.28787421  56.67871177  016.28767184 24
112  56.67878152  016.28684112  56.67881964  016.28660017 24
111  56.67894671  016.28589850 24
111  56.67925804  016.28428310 24
111  56.67933005  016.28391876 24
115  56.67936308  016.28384458
120 Linear Feature 24
111  56.67775071  016.29096829 24
111  56.67819511  016.29100727 24
112  56.67825162  016.29110301  56.67826412  016.29120341 24
112  56.67831633  016.29177768  56.67832884  016.29193698 24
111  56.67843076  016.29334469 24
115  56.67846778  016.29389232
120 Linear Feature 23
111  56.67978084  016.29261827 24
112  56.67977739  016.29257568  56.67975129  016.29255147 24
112  56.67952916  016.29231282  56.67947339  016.29222803 24
111  56.67936125  016.29203727 24
111  56.67868209  016.29087975 24
112  56.67862805  016.29090299  56.67860294  016.29099362 24
111  56.67848804  016.29143597 24
112  56.67848123  016.29156457  56.67848804  016.29164901 24
111  56.67858090  016.29259379 24
112  56.67868126  016.29322765  56.67873794  016.29341078 24
116  56.67884248  016.29352864  56.67886751  016.29350540
120 Linear Feature 22
111  56.67833081  016.29091736 60
111  56.67834721  016.29112113 60 101
111  56.67840257  016.29180914 60 101
111  56.67846805  016.29262278 60 101
111  56.67853941  016.29347217 60 101
112  56.67888399  016.29386959  56.67918225  016.29358313 60 101
115  56.68043103  016.29239138
120 Linear Feature 21
111  56.68060140  016.29222809 60 101
111  56.68043103  016.29239138 60 101
112  56.68020777  016.29246206  56.68006570  016.29245242 60 101
112  56.67985587  016.29239133  56.67978877  016.29234414 60 101
112  56.67961494  016.29215260  56.67954022  016.29203879 60 101
111  56.67944017  016.29187331 60 101
111  56.67911157  016.29131144 60 101
115  56.67856278  016.29037328
120 Linear Feature 20
111  56.68279729  016.28213752 1
112  56.68297917  016.28235146  56.68309050  016.28257087 1
115  56.68320898  016.28281168
120 Linear Feature 19
111  56.68249483  016.28136342 1
112  56.68259227  016.28155689  56.68259605  016.28156406
111  56.68259227  016.28155689
112  56.68259227  016.28155689  56.68260601  016.28158299 1
112  56.68265794  016.28171076  56.68267605  016.28177147
111  56.68265794  016.28171076
112  56.68265794  016.28171076  56.68268244  016.28178621 1
116  56.68255748  016.28211774  56.68242526  016.28217857
120 Linear Feature 17
111  56.68591805  016.28712532 1 101
111  56.68573298  016.28730176 1 101
116  56.68530108  016.28701419  56.68505557  016.28653112
120 Linear Feature 16
111  56.68499433  016.28800350 1 101
111  56.68517175  016.28783483 1 101
112  56.68530108  016.28701419  56.68505100  016.28652834 1 101
115  56.68458591  016.28555666
120 Linear Feature 15
111  56.69589654  016.27717365 24
111  56.69626058  016.27631863 24
111  56.69662679  016.27599720 24
115  56.69673310  016.27636766
120 Linear Feature 14
111  56.67986202  016.28252090 1
112  56.68046588  016.28198860  56.68073019  016.28200017 1
111  56.68218648  016.28208559 1
112  56.68359238  016.28218757  56.68380128  016.28218202 1
111  56.68495866  016.28225976 1
111  56.68614425  016.28232394 1
111  56.68665908  016.28235172 1
112  56.68687256  016.28229619  56.68697168  016.28222678 1
111  56.68799639  016.28150769 1
111  56.68920256  016.28063864 1
111  56.69004396  016.28002587 1
112  56.69020143  016.27989399  56.69026708  016.27983036 1
111  56.69053610  016.27955658 1
111  56.69106115  016.27906809 1
111  56.69203425  016.27815644 1
111  56.69254611  016.27767484 1
111  56.69387897  016.27641128 1
111  56.69518328  016.27518766 1
111  56.69585281  016.27455100 1
111  56.69602295  016.27440072 1
112  56.69692507  016.27484158  56.69728921  016.27573136 1
111  56.69685553  016.27665449 1
115  56.69670764  016.27679500
120 Linear Feature 13
111  56.67931454  016.28379931 1
112  56.67973027  016.28284425  56.67976985  016.28275439 1
112  56.67990288  016.28242016  56.67993709  016.28233742 1
112  56.68020362  016.28172233  56.68022135  016.28167821 1
112  56.68032761  016.28135262  56.68035803  016.28123045 1
112  56.68039600  016.28101526  56.68041717  016.28089239 1
112  56.68044307  016.28054404  56.68044527  016.28040615 1
112  56.68043645  016.28015849  56.68042910  016.28006879 1
112  56.68037835  016.27973546  56.68034820  016.27960828 1
112  56.68020481  016.27917320  56.68011436  016.27898176 1
112  56.68003861  016.27885860  56.68001361  016.27882380 1
111  56.67949002  016.27805887 1
111  56.67916440  016.27757053 1
112  56.67901527  016.27701310  56.67901968  016.27664845 1
112  56.67922264  016.27606693  56.67937266  016.27583079 1
111  56.67947238  016.27575689 1
116  56.67985536  016.27600749  56.68006273  016.27642516
120 Linear Feature 11
111  56.67909509  016.27397687 24
115  56.67883321  016.27439745
120 Linear Feature 11
111  56.67889213  016.27356527 24
115  56.67863025  016.27398585
120 Linear Feature 10
111  56.68640879  016.28943722 24
115  56.68629245  016.28881562
120 Linear Feature 10
111  56.67862081  016.27367270 24
115  56.67850447  016.27305123
120 Linear Feature 10
111  56.68650938  016.28925390 24
115  56.68618520  016.28896603
120 Linear Feature 10
111  56.67872140  016.27348942 24
115  56.67839722  016.27320161
120 Linear Feature 10
111  56.68640700  016.28943834 24
115  56.68629066  016.28881674
120 Linear Feature 10
111  56.67861902  016.27367382 24
115  56.67850267  016.27305235
120 Linear Feature 10
111  56.68650855  016.28925700 24
115  56.68618437  016.28896913
120 Linear Feature 10
111  56.67872057  016.27349252 24
115  56.67839639  016.27320471
120 Linear Feature 10
111  56.68640518  016.28943945 24
115  56.68628883  016.28881785
120 Linear Feature 10
111  56.67861719  016.27367492 24
115  56.67850085  016.27305345
120 Linear Feature 10
111  56.68650770  016.28926013 24
115  56.68618352  016.28897227
120 Linear Feature 10
111  56.67871971  016.27349565 24
115  56.67839554  016.27320784
120 Linear Feature 10
111  56.68640338  016.28944057 24
115  56.68628703  016.28881897
120 Linear Feature 10
111  56.67861540  016.27367605 24
115  56.67849905  016.27305458
120 Linear Feature 10
111  56.68650687  016.28926325 24
115  56.68618269  016.28897538
120 Linear Feature 10
111  56.67871889  016.27349877 24
115  56.67839471  016.27321096
120 Linear Feature 10
111  56.68640160  016.28944166 24
115  56.68628526  016.28882006
120 Linear Feature 10
111  56.67861362  016.27367714 24
115  56.67849727  016.27305567
120 Linear Feature 10
111  56.68650604  016.28926632 24
115  56.68618186  016.28897845
120 Linear Feature 10
111  56.67871806  016.27350183 24
115  56.67839388  016.27321403
120 Linear Feature 10
111  56.68639253  016.28944725 24
115  56.68627619  016.28882564
120 Linear Feature 10
111  56.67860455  016.27368272 24
115  56.67848821  016.27306125
120 Linear Feature 10
111  56.68650182  016.28928196 24
115  56.68617765  016.28899409
120 Linear Feature 10
111  56.67871384  016.27351747 24
115  56.67838966  016.27322966
120 Linear Feature 10
111  56.68639433  016.28944613 24
115  56.68627799  016.28882453
120 Linear Feature 10
111  56.67860635  016.27368161 24
115  56.67849001  016.27306014
120 Linear Feature 10
111  56.68650266  016.28927885 24
115  56.68617848  016.28899098
120 Linear Feature 10
111  56.67871468  016.27351436 24
115  56.67839050  016.27322655
120 Linear Feature 10
111  56.68639614  016.28944501 24
115  56.68627979  016.28882341
120 Linear Feature 10
111  56.67860815  016.27368049 24
115  56.67849181  016.27305902
120 Linear Feature 10
111  56.68650349  016.28927574 24
115  56.68617932  016.28898786
120 Linear Feature 10
111  56.67871551  016.27351125 24
115  56.67839133  016.27322344
120 Linear Feature 10
111  56.68639794  016.28944390 24
115  56.68628159  016.28882230
120 Linear Feature 10
111  56.67860996  016.27367938 24
115  56.67849361  016.27305790
120 Linear Feature 10
111  56.68650433  016.28927262 24
115  56.68618015  016.28898475
120 Linear Feature 10
111  56.67871635  016.27350813 24
115  56.67839217  016.27322032
120 Linear Feature 10
111  56.68639979  016.28944279 24
115  56.68628345  016.28882119
120 Linear Feature 10
111  56.67861181  016.27367827 24
115  56.67849546  016.27305679
120 Linear Feature 10
111  56.68650520  016.28926945 24
115  56.68618102  016.28898158
120 Linear Feature 10
111  56.67871722  016.27350496 24
115  56.67839304  016.27321715
120 Linear Feature 5
111  56.68064744  016.29261554 24
115  56.67850218  016.29468259
120 Linear Feature 5
111  56.68046193  016.29197416 24
115  56.67831822  016.29403952
120 Linear Feature 5
111  56.68064658  016.29261253 24
115  56.67850124  016.29467939
120 Linear Feature 5
111  56.68046107  016.29197114 24
115  56.67831736  016.29403651
120 Linear Feature 5
111  56.68064570  016.29260941 24
115  56.67850035  016.29467616
120 Linear Feature 5
111  56.68046019  016.29196803 24
115  56.67831648  016.29403339
120 Linear Feature 4
111  56.67942919  016.29335880 24
115  56.67936093  016.29346840
120 Linear Feature 4
111  56.67894144  016.29382776 24
115  56.67887319  016.29393735
120 Linear Feature 4
111  56.67989916  016.29290961 24
115  56.67983090  016.29301921
120 Linear Feature 4
111  56.68037484  016.29245616 24
115  56.68030736  016.29256734
120 Linear Feature 4
111  56.67942825  016.29336047 24
115  56.67934101  016.29340770
120 Linear Feature 4
111  56.67894050  016.29382942 24
115  56.67885327  016.29387666
120 Linear Feature 4
111  56.67989822  016.29291128 24
115  56.67981098  016.29295851
120 Linear Feature 4
111  56.68037391  016.29245785 24
115  56.68028702  016.29250712
120 Linear Feature 4
111  56.67942796  016.29335626 24
115  56.67935970  016.29346586
120 Linear Feature 4
111  56.67894021  016.29382522 24
115  56.67887196  016.29393482
120 Linear Feature 4
111  56.67989792  016.29290707 24
115  56.67982967  016.29301667
120 Linear Feature 4
111  56.68037359  016.29245365 24
115  56.68030611  016.29256483
120 Linear Feature 4
111  56.67942772  016.29335722 24
115  56.67934048  016.29340446
120 Linear Feature 4
111  56.67893997  016.29382618 24
115  56.67885274  016.29387342
120 Linear Feature 4
111  56.67989768  016.29290803 24
115  56.67981045  016.29295527
120 Linear Feature 4
111  56.68037336  016.29245461 24
115  56.68028646  016.29250388
120 Linear Feature 4
111  56.67942674  016.29335367 24
115  56.67935848  016.29346327
120 Linear Feature 4
111  56.67893899  016.29382263 24
115  56.67887074  016.29393222
120 Linear Feature 4
111  56.67989670  016.29290449 24
115  56.67982845  016.29301408
120 Linear Feature 4
111  56.68037235  016.29245109 24
115  56.68030487  016.29256227
120 Linear Feature 4
111  56.67942721  016.29335394 24
115  56.67933997  016.29340117
120 Linear Feature 4
111  56.67893946  016.29382289 24
115  56.67885223  016.29387013
120 Linear Feature 4
111  56.67989717  016.29290475 24
115  56.67980994  016.29295199
120 Linear Feature 4
111  56.68037282  016.29245134 24
115  56.68028593  016.29250061
120 Linear Feature 4
111  56.67942548  016.29335103 24
115  56.67935722  016.29346062
120 Linear Feature 4
111  56.67893773  016.29381998 24
115  56.67886948  016.29392958
120 Linear Feature 4
111  56.67989544  016.29290184 24
115  56.67982719  016.29301143
120 Linear Feature 4
111  56.68037107  016.29244847 24
115  56.68030360  016.29255965
120 Linear Feature 4
111  56.67942668  016.29335057 24
115  56.67933944  016.29339781
120 Linear Feature 4
111  56.67893893  016.29381953 24
115  56.67885170  016.29386677
120 Linear Feature 4
111  56.67989664  016.29290138 24
115  56.67980941  016.29294862
120 Linear Feature 4
111  56.68037227  016.29244799 24
115  56.68028537  016.29249726
120 Linear Feature 4
111  56.67942420  016.29334837 24
115  56.67935594  016.29345796
120 Linear Feature 4
111  56.67893646  016.29381733 24
115  56.67886820  016.29392692
120 Linear Feature 4
111  56.67989417  016.29289918 24
115  56.67982591  016.29300878
120 Linear Feature 4
111  56.68036978  016.29244584 24
115  56.68030230  016.29255703
120 Linear Feature 4
111  56.67942613  016.29334718 24
115  56.67933890  016.29339442
120 Linear Feature 4
111  56.67893839  016.29381614 24
115  56.67885115  016.29386338
120 Linear Feature 4
111  56.67989610  016.29289799 24
115  56.67980886  016.29294523
120 Linear Feature 4
111  56.68037170  016.29244461 24
115  56.68028481  016.29249388
120 Linear Feature 3
111  56.67934951  016.29342427 24
115  56.67919001  016.29357771
120 Linear Feature 3
111  56.67886177  016.29389323 24
115  56.67870227  016.29404666
120 Linear Feature 3
111  56.67981948  016.29297509 24
115  56.67965997  016.29312852
120 Linear Feature 3
111  56.68029563  016.29252349 24
115  56.68013722  016.29268064
120 Linear Feature 3
111  56.67935041  016.29342738 24
115  56.67919091  016.29358081
120 Linear Feature 3
111  56.67886267  016.29389633 24
115  56.67870317  016.29404977
120 Linear Feature 3
111  56.67982038  016.29297819 24
115  56.67966088  016.29313163
120 Linear Feature 3
111  56.68029655  016.29252657 24
115  56.68013815  016.29268372
120 Linear Feature 3
111  56.67935127  016.29343052 24
115  56.67919177  016.29358395
120 Linear Feature 3
111  56.67886353  016.29389947 24
115  56.67870403  016.29405290
120 Linear Feature 3
111  56.67982124  016.29298133 24
115  56.67966174  016.29313476
120 Linear Feature 3
111  56.68029744  016.29252969 24
115  56.68013903  016.29268684
120 Linear Feature 3
111  56.67935214  016.29343355 24
115  56.67919264  016.29358699
120 Linear Feature 3
111  56.67886439  016.29390251 24
115  56.67870489  016.29405594
120 Linear Feature 3
111  56.67982210  016.29298436 24
115  56.67966260  016.29313780
120 Linear Feature 3
111  56.68029832  016.29253270 24
115  56.68013992  016.29268985
120 Linear Feature 3
111  56.67935299  016.29343665 24
115  56.67919349  016.29359009
120 Linear Feature 3
111  56.67886525  016.29390561 24
115  56.67870575  016.29405904
120 Linear Feature 3
111  56.67982296  016.29298746 24
115  56.67966346  016.29314090
120 Linear Feature 3
111  56.68029920  016.29253579 24
115  56.68014079  016.29269294
120 Linear Feature 1
111  56.67831907  016.29403856 24
115  56.67850297  016.29468196
120 Linear Feature 1
111  56.67832072  016.29403694 24
115  56.67850458  016.29468042
120 Linear Feature 1
111  56.67832237  016.29403555 24
115  56.67850623  016.29467870
120 Linear Feature 16
111  56.68358623  016.28226382 4
115  56.68358736  016.28210664
120 Linear Feature 16
111  56.68218905  016.28199262 4
115  56.68218972  016.28217268
120 Linear Feature 18
111  56.68478475  016.28547681 12 104
115  56.68452341  016.28592032
120 Linear Feature 38
111  56.68505442  016.28652908 24
115  56.68512537  016.28664798
120 Linear Feature 38
111  56.68470354  016.28580467 24
115  56.68477323  016.28592601
120 Linear Feature 38
111  56.68039653  016.27709743 24
115  56.68032636  016.27697701
120 Linear Feature 38
111  56.68003344  016.27635368 24
115  56.67996327  016.27623326
120 Linear Feature 38
111  56.68505569  016.28652662 24
115  56.68512665  016.28664552
120 Linear Feature 38
111  56.68470484  016.28580226 24
115  56.68477454  016.28592360
120 Linear Feature 38
111  56.68039524  016.27709986 24
115  56.68032507  016.27697944
120 Linear Feature 38
111  56.68003215  016.27635611 24
115  56.67996198  016.27623569
120 Linear Feature 38
111  56.68505699  016.28652406 24
115  56.68512794  016.28664296
120 Linear Feature 38
111  56.68470616  016.28579974 24
115  56.68477586  016.28592109
120 Linear Feature 38
111  56.68039392  016.27710239 24
115  56.68032376  016.27698197
120 Linear Feature 38
111  56.68003083  016.27635864 24
115  56.67996066  016.27623822
120 Linear Feature 38
111  56.68505880  016.28652721 24
115  56.68511223  016.28666611
120 Linear Feature 38
111  56.68470794  016.28580296 24
115  56.68475990  016.28594369
120 Linear Feature 38
111  56.68039213  016.27709920 24
115  56.68033962  016.27695916
120 Linear Feature 38
111  56.68002904  016.27635545 24
115  56.67997653  016.27621541
120 Linear Feature 38
111  56.68505732  016.28652908 24
115  56.68511075  016.28666798
120 Linear Feature 38
111  56.68470644  016.28580478 24
115  56.68475840  016.28594551
120 Linear Feature 38
111  56.68039363  016.27709736 24
115  56.68034111  016.27695733
120 Linear Feature 38
111  56.68003054  016.27635361 24
115  56.67997802  016.27621358
120 Linear Feature 38
111  56.68505586  016.28653095 24
115  56.68510929  016.28666985
120 Linear Feature 38
111  56.68470496  016.28580659 24
115  56.68475693  016.28594732
120 Linear Feature 38
111  56.68039510  016.27709553 24
115  56.68034259  016.27695549
120 Linear Feature 38
111  56.68003201  016.27635178 24
115  56.67997949  016.27621175
120 Linear Feature 37
111  56.68530314  016.28701175 24
115  56.68511758  016.28664592
120 Linear Feature 37
111  56.68494716  016.28629589 24
115  56.68476547  016.28592368
120 Linear Feature 37
111  56.68015098  016.27660945 24
115  56.68033414  016.27697924
120 Linear Feature 37
111  56.67978789  016.27586571 24
115  56.67997104  016.27623549
120 Linear Feature 37
111  56.68530178  016.28701416 24
115  56.68511622  016.28664833
120 Linear Feature 37
111  56.68494577  016.28629825 24
115  56.68476408  016.28592604
120 Linear Feature 37
111  56.68015237  016.27660707 24
115  56.68033552  016.27697686
120 Linear Feature 37
111  56.67978927  016.27586333 24
115  56.67997242  016.27623311
120 Linear Feature 37
111  56.68530045  016.28701647 24
115  56.68511489  016.28665064
120 Linear Feature 37
111  56.68494442  016.28630052 24
115  56.68476272  016.28592831
120 Linear Feature 37
111  56.68015371  016.27660479 24
115  56.68033686  016.27697458
120 Linear Feature 37
111  56.67979062  016.27586104 24
115  56.67997377  016.27623083
120 Linear Feature 37
111  56.68529903  016.28701887 24
115  56.68511347  016.28665304
120 Linear Feature 37
111  56.68494298  016.28630286 24
115  56.68476128  016.28593066
120 Linear Feature 37
111  56.68015515  016.27660242 24
115  56.68033830  016.27697221
120 Linear Feature 37
111  56.67979205  016.27585868 24
115  56.67997520  016.27622846
120 Linear Feature 37
111  56.68529770  016.28702118 24
115  56.68511214  016.28665535
120 Linear Feature 37
111  56.68494162  016.28630513 24
115  56.68475993  016.28593293
120 Linear Feature 37
111  56.68015649  016.27660014 24
115  56.68033964  016.27696993
120 Linear Feature 37
111  56.67979340  016.27585639 24
115  56.67997655  016.27622618
21  56.68224769  016.28970731 2 332.1000 3.00 New Light Fixture 29
21  56.69504479  016.27936508 2 151.9300 3.00 New Light Fixture 30
20  56.67989620  016.28222959 307.1200 0 2 {@L}A{@Y,^l}GA_APRON
20  56.67923600  016.28366385 294.2000 0 2 {@L}A{@Y,^u}GA_APRON
20  56.67864606  016.28659501 286.6690 0 2 {@L}A{@Y,^u}APRON_2
20  56.67823524  016.29192592 257.9900 0 2 {@L}A8{@Y,^u}APRON_1
20  56.67877008  016.29113669 221.6300 0 2 {@L}A8{@Y,^u}APRON_1
20  56.67918472  016.29311377 153.1700 0 2 {@Y}A8{^r}
20  56.68087649  016.29150217 152.5900 0 2 {@Y}A8{^r}
20  56.67853267  016.29150591 79.7600 0 2 {@Y,^u}A10
20  56.67883759  016.29042246 34.6200 0 2 {@Y,^u}A8
20  56.67831896  016.29266504 82.6900 0 2 {@L}A10{@R}16-34
20  56.67863895  016.29257651 78.7600 0 2 {@L}A10{@R}16-34
20  56.67932802  016.29210443 42.9200 0 2 {@L}A8{@R}16-34
20  56.67956605  016.29163037 38.8500 0 2 {@L}A8{@R}16-34
20  56.68449325  016.28597114 48.8100 0 2 {safety,@R,^l}16-34{^r}
20  56.68481217  016.28543158 44.1300 0 2 {@R,^l}16-34{^r,safety}
20  56.69698013  016.27474858 39.2900 0 2 {@L}A{@R}16-34
20  56.69685641  016.27490918 51.1900 0 2 {@L}A{@R}16-34
20  56.68358909  016.28205861 181.6200 0 2 {@L}A{@R}05-23
20  56.68358700  016.28230971 180.4600 0 2 {@L}A{@R}05-23
20  56.68218908  016.28222764 360.0000 0 2 {@L}A{@R}05-23
20  56.68218714  016.28193842 360.0000 0 2 {@L}A{@R}05-23
20  56.68044314  016.28216726 355.9800 0 2 {@L}A
20  56.68046502  016.28187781 357.6100 0 2 {@L}A
20  56.68015267  016.27924559 278.1200 0 2 {no-entry}
20  56.67908040  016.27759550 272.2700 0 2 {no-entry}
20  56.67899467  016.27758293 261.9600 0 2 {no-entry}
20  56.68004392  016.27915341 272.1000 0 2 {no-entry}
20  56.68019727  016.28154965 309.7200 0 2 {no-entry}
20  56.68029174  016.28172424 309.7200 0 2 {no-entry}
20  56.69711874  016.27594323 292.7385 0 2 {@Y,^u}A
20  56.69699192  016.27588884 283.2081 0 2 {@Y,^u}A
20  56.67937175  016.27571410 139.6569 0 2 {no-entry}
20  56.67960531  016.27605828 194.5584 0 2 {no-entry}
20  56.67896184  016.27690667 270.1949 0 2 {no-entry}
20  56.67907306  016.27698139 257.9431 0 2 {no-entry}
20  56.68309060  016.28306911 227.8873 0 2 {@Y,^l}A
20  56.68485696  016.28762752 329.2855 0 2 {@R,^l}23
20  56.68585710  016.28666892 153.2242 0 2 {@R}23{^r}
20  56.67883823  016.28668913 106.0603 0 2 {@L}A{@Y}APRON_1{^ru}
20  56.67943480  016.28379761 126.9417 0 2 {@L}A{@Y}APRON_2{^r}
20  56.68054009  016.28217568 174.9204 0 2 {@L}A{@Y}GA_APRON{^ru}
20  56.68185750  016.28216896 179.7531 0 2 {@L}A
20  56.68219647  016.28126631 49.1260 0 2 {@Y}A{^r}
1300  56.67853299  016.28548209 226.40 gate jets|turboprops New Ramp Start 238
1301 C general_aviation 
1300  56.67839483  016.28830797  23.63 gate turboprops|props 4
1301 B airline 
1300  56.67804586  016.28883640 215.04 gate jets|turboprops 3
1301 C airline 
1300  56.67868200  016.28469632 228.22 gate jets New Ramp Start 240
1301 C general_aviation 
1300  56.67793664  016.28962083 273.52 gate turboprops 2
1301 B airline 
1300  56.67788023  016.29058776 201.84 gate jets|turboprops 1
1301 C airline 
18  56.68895338  016.28605193 1 BCN
19  56.69576210  016.27902718 1 WS
19  56.68173397  016.28947715 1 WS
1054 127055 TWR
1055 130805 TWR
99
