A
1000 Generated by WorldEditor

1    235 1 0 ESMS Malmo Sturup
100 45.00 1 1 0.25 1 3 0 17  55.54805600  013.37377800    0   30 3 4 1 0 35  55.52307800  013.37891100    0   30 3 3 0 0
100 18.00 1 0 0.25 0 0 0 11  55.52314400  013.35978300    0    0 1 0 0 0 29  55.52125600  013.37196400    0    0 1 0 0 0
110 1 0.00 0.0000 New Taxiway 1
111  55.53856131  013.36220745
111  55.53855207  013.36205132
111  55.53952464  013.36183919
111  55.53943964  013.36063284
111  55.53928450  013.36066597
111  55.53930468  013.36096260
111  55.53857392  013.36114144
111  55.53854137  013.36069535
111  55.53784416  013.36086389
111  55.53785980  013.36123087
111  55.53751013  013.36133385
111  55.53756908  013.36239204
113  55.53785367  013.36233906
110 1 0.00 0.2000 New Taxiway 25
111  55.53507166  013.37099625
112  55.53486699  013.37102024  55.53483583  013.37102296
112  55.53476146  013.37095710  55.53473447  013.37091051
111  55.53476146  013.37095710
111  55.53478502  013.37113142
112  55.53478502  013.37113142  55.53479525  013.37111089
112  55.53481125  013.37110105  55.53482126  013.37109976
112  55.53501848  013.37106317  55.53502849  013.37106065
111  55.53501848  013.37106317
113  55.53507632  013.37105348
110 2 0.00 0.0000 New Taxiway 2
111  55.53371156  013.37192222
111  55.53374662  013.37245758
111  55.53405461  013.37239564
113  55.53401705  013.37185586
110 2 0.00 0.0000 New Taxiway 9
111  55.54233399  013.36534342
111  55.54189591  013.36543632
111  55.54211338  013.36863030
113  55.54255064  013.36853739
110 2 0.00 0.0000 New Taxiway 10
111  55.53948277  013.36561587
111  55.53980050  013.37032218
111  55.54032938  013.37021267
113  55.54000946  013.36550494
110 2 0.00 0.0000 New Taxiway 8
111  55.54112728  013.36527564
111  55.54072568  013.36536002
111  55.54104584  013.37006617
113  55.54144742  013.36998676
110 2 0.25 0.0000 New Taxiway 17
111  55.53834252  013.36584831
111  55.53846652  013.36772619
111  55.53909346  013.36759602
113  55.53896821  013.36571814
110 2 0.25 0.0000 New Taxiway 21
111  55.53471625  013.36619587
111  55.53478163  013.36723045
111  55.53532302  013.36712351
111  55.53535824  013.36768790
111  55.53547298  013.36767130
111  55.53535129  013.36592420
111  55.53512339  013.36596985
113  55.53513044  013.36610264
110 2 0.25 0.0000 New Taxiway 16
111  55.53872665  013.36984484
111  55.53874142  013.37008141
111  55.53918336  013.36999270
113  55.53916761  013.36975613
110 2 0.25 0.0000 New Taxiway 16
111  55.53866377  013.36894190
111  55.53867854  013.36917847
111  55.53912048  013.36908976
113  55.53910473  013.36885319
110 2 0.25 0.0000 New Taxiway 16
111  55.53860875  013.36803665
111  55.53862351  013.36827322
111  55.53906545  013.36818451
113  55.53904971  013.36794794
110 2 0.00 0.0000 New Taxiway 13
111  55.54082362  013.36949712
111  55.54082764  013.36955997
111  55.54101257  013.36952414
113  55.54100871  013.36946071
110 2 0.00 0.0000 New Taxiway 13
111  55.54076520  013.36859586
111  55.54076922  013.36865872
111  55.54095415  013.36862288
113  55.54095029  013.36855945
110 2 0.00 0.0000 New Taxiway 13
111  55.54070242  013.36769609
111  55.54070644  013.36775895
111  55.54089137  013.36772311
113  55.54088751  013.36765969
110 2 0.00 0.0000 New Taxiway 13
111  55.54058090  013.36576289
111  55.54058492  013.36582574
111  55.54076985  013.36578991
113  55.54076599  013.36572648
110 2 0.00 0.0000 New Taxiway 13
111  55.54065339  013.36678835
111  55.54065742  013.36685120
111  55.54084234  013.36681537
113  55.54083848  013.36675194
110 2 0.00 0.0000 New Taxiway 13
111  55.54004106  013.36600235
111  55.54004508  013.36606521
111  55.54023001  013.36602937
113  55.54022614  013.36596594
110 2 0.00 0.0000 New Taxiway 13
111  55.54010165  013.36690063
111  55.54010567  013.36696349
111  55.54029060  013.36692765
113  55.54028674  013.36686422
110 2 0.00 0.0000 New Taxiway 13
111  55.54016201  013.36780550
111  55.54016604  013.36786836
111  55.54035096  013.36783253
113  55.54034710  013.36776910
110 2 0.00 0.0000 New Taxiway 13
111  55.54028407  013.36962085
111  55.54028810  013.36968371
111  55.54047302  013.36964787
113  55.54046916  013.36958444
110 2 0.00 0.0000 New Taxiway 13
111  55.54022461  013.36871578
111  55.54022863  013.36877864
111  55.54041356  013.36874280
113  55.54040970  013.36867938
110 1 0.00 0.0000 RW11 Apron
111  55.52306679  013.35974836 1
111  55.52281183  013.35962571 1
111  55.52239043  013.35942413 1
111  55.52235304  013.35940624
112  55.52235304  013.35940624  55.52232135  013.35938759 1
112  55.52224485  013.35927005  55.52224274  013.35923647
111  55.52224485  013.35927005
111  55.52229871  013.35892540
111  55.52197237  013.35877242
111  55.52209594  013.35797394
111  55.52193224  013.35789372
111  55.52184036  013.35847848
112  55.52184036  013.35847848  55.52183296  013.35850833
112  55.52177699  013.35854191  55.52174002  013.35853072
111  55.52177699  013.35854191
111  55.52142641  013.35836901
111  55.52134100  013.35889910
111  55.52160481  013.35902320
111  55.52155626  013.35933376
112  55.52155626  013.35933376  55.52155732  013.35935241
112  55.52157421  013.35938600  55.52157316  013.35941025
111  55.52157421  013.35938600
111  55.52149184  013.35989717
111  55.52158266  013.35994008
111  55.52162596  013.35966583
111  55.52214498  013.35991210
111  55.52217983  013.35970875
112  55.52217983  013.35970875  55.52219251  013.35962853 1
112  55.52227277  013.35952655  55.52231502  013.35953214
111  55.52227277  013.35952655 1
111  55.52236143  013.35956959 1
111  55.52278958  013.35977746 1
113  55.52304316  013.35990110
111  55.52204630  013.35893611
111  55.52199772  013.35924766
111  55.52192484  013.35921408
113  55.52197342  013.35890066
111  55.52192794  013.35967762
111  55.52164814  013.35955176
111  55.52169672  013.35924766
113  55.52197539  013.35937812
110 1 0.25 0.0000 Apron & taxiways
111  55.53727754  013.36663786
111  55.53778120  013.36651875
111  55.53777439  013.36636372
112  55.53777439  013.36636372  55.53779272  013.36634932
112  55.53784955  013.36642867  55.53785974  013.36646827
111  55.53784955  013.36642867 20
111  55.53786041  013.36660143
112  55.53786041  013.36660143  55.53786049  013.36663315
112  55.53783018  013.36665696  55.53779987  013.36668076
111  55.53783018  013.36665696
111  55.53704803  013.36683684
111  55.53710646  013.36773402
111  55.53730808  013.36769051
111  55.53726090  013.36703935
111  55.53766549  013.36695339
112  55.53766549  013.36695339  55.53769243  013.36694149
112  55.53775096  013.36680246  55.53778969  013.36678163
112  55.53787695  013.36682332  55.53789547  013.36687092
111  55.53787695  013.36682332 20
111  55.53811703  013.37049240
112  55.53811703  013.37049240  55.53812052  013.37059850 20
112  55.53803712  013.37069586  55.53801373  013.37070357
111  55.53803712  013.37069586 20
111  55.53752057  013.37079980
112  55.53752057  013.37079980  55.53750331  013.37070396
112  55.53719951  013.36993570  55.53709843  013.36987035
112  55.53666674  013.36993578  55.53662237  013.36995756
111  55.53655208  013.37024529 20
111  55.53639041  013.36790845
111  55.53707567  013.36774287
111  55.53702045  013.36690301
111  55.53633389  013.36705008 20
111  55.53630232  013.36656467
111  55.53633215  013.36641818
111  55.53653383  013.36636520
111  55.53656267  013.36684005
111  55.53705566  013.36671866
111  55.53697399  013.36551708
111  55.53650800  013.36562591
111  55.53654947  013.36623217
111  55.53641030  013.36625952
112  55.53641030  013.36625952  55.53638345  013.36621735
112  55.53629192  013.36619687  55.53625314  013.36619160
111  55.53629192  013.36619687 20
111  55.53608900  013.36322809
112  55.53608900  013.36322809  55.53608596  013.36315266 20
112  55.53615271  013.36298558  55.53623211  013.36290841
111  55.53615271  013.36298558 20
111  55.53757554  013.36269412
111  55.53772465  013.36266357 20
111  55.53927767  013.36234545 20
111  55.53967351  013.36225856 20
111  55.54087584  013.36199395
111  55.54097064  013.36197111 20
111  55.54201973  013.36175632 20
111  55.54206346  013.36187670
111  55.54217412  013.36185625 20
111  55.54217484  013.36172247 20
111  55.54294728  013.36155388
111  55.54293591  013.36140400 20
111  55.54031614  013.36194931
112  55.54031614  013.36194931  55.54025350  013.36190186 20
111  55.54024735  013.36178203
111  55.54012366  013.36180656 20
111  55.54013491  013.36196598 20
111  55.53856733  013.36231520
111  55.53856131  013.36220745
111  55.53756908  013.36239204
111  55.53757501  013.36253050 20
111  55.53598856  013.36286571 20
111  55.53649175  013.37059046
111  55.53616377  013.37065292
111  55.53615397  013.37049694
111  55.53523166  013.37069044
111  55.53524586  013.37095587
111  55.53507166  013.37099625
111  55.53507632  013.37105348
111  55.53570481  013.37132195
111  55.53583994  013.37130069 20
111  55.53600567  013.37185127 20
112  55.53606533  013.37280599  55.53606533  013.37286456 20
112  55.53603550  013.37303442  55.53600818  013.37304524
112  55.53528220  013.37320155  55.53525759  013.37320244
111  55.53528220  013.37320155
112  55.53528220  013.37320155  55.53517606  013.37319996 102
112  55.53504254  013.37297225  55.53497356  013.37276819
111  55.53504254  013.37297225 1 102
111  55.53500358  013.37269148 1 102
111  55.53458514  013.36967618
112  55.53458514  013.36967618  55.53458182  013.36965276 1 102
112  55.53458540  013.36955550  55.53459050  013.36950757 1 102
112  55.53469120  013.36940091  55.53472977  013.36937809
111  55.53469120  013.36940091
112  55.53469120  013.36940091  55.53471930  013.36938272 1 102
112  55.53475749  013.36940091  55.53476517  013.36941448
111  55.53475749  013.36940091
112  55.53475749  013.36940091  55.53478786  013.36945150
112  55.53485344  013.36985929  55.53485780  013.36989537
111  55.53485344  013.36985929
112  55.53485344  013.36985929  55.53486042  013.36990462
112  55.53489007  013.36991631  55.53490456  013.36991477
111  55.53489007  013.36991631
111  55.53582041  013.36971964
111  55.53573528  013.36854582
111  55.53493979  013.36868638
111  55.53490333  013.36783714
111  55.53482710  013.36786057
112  55.53482710  013.36786057  55.53463305  013.36792451
112  55.53464811  013.36831740  55.53466512  013.36847839
112  55.53475418  013.36899094  55.53475749  013.36906557
112  55.53473098  013.36914907  55.53471613  013.36915977 1 102
112  55.53462160  013.36917250  55.53460502  013.36917250
111  55.53462160  013.36917250
112  55.53462160  013.36917250  55.53459455  013.36917095 1 102
112  55.53449896  013.36907293  55.53448273  013.36904271
111  55.53449896  013.36907293 1 102
111  55.53435264  013.36800939 1 102
111  55.53433276  013.36765214
112  55.53433276  013.36765214  55.53432966  013.36750927 1 102
112  55.53445871  013.36731244  55.53449980  013.36729527
111  55.53445871  013.36731244 1 102
111  55.53478353  013.36723045
111  55.53471815  013.36619587 1 102
111  55.53427874  013.36689230 1 102
111  55.53420053  013.36576121
112  55.53420053  013.36576121  55.53419950  013.36567380
112  55.53431784  013.36549937  55.53438690  013.36546204
111  55.53431784  013.36549937
111  55.53453134  013.36545390
111  55.53455792  013.36580796
111  55.53482068  013.36575781
111  55.53476644  013.36498840
111  55.53450378  013.36504467
111  55.53451336  013.36521571
111  55.53422935  013.36526662
112  55.53422935  013.36526662  55.53420926  013.36526389
112  55.53414394  013.36516480  55.53413983  013.36514296
111  55.53414394  013.36516480 1 102
111  55.53414138  013.36499289
112  55.53414138  013.36499289  55.53414499  013.36495560 1 102
112  55.53422421  013.36485022  55.53424944  013.36483204
111  55.53422421  013.36485022 1 102
111  55.53519980  013.36465202
111  55.53526463  013.36475023
111  55.53527595  013.36513936
111  55.53582957  013.36500480
111  55.53576939  013.36412383
111  55.53590160  013.36408471
111  55.53587073  013.36359739
111  55.53546491  013.36368467
111  55.53544639  013.36342647
111  55.53516804  013.36349287
111  55.53520148  013.36396470
111  55.53438950  013.36414114
111  55.53440443  013.36435841
112  55.53452276  013.36434204  55.53454646  013.36434477
111  55.53452276  013.36434204
112  55.53452276  013.36434204  55.53454182  013.36438576 1 102
112  55.53445682  013.36463576  55.53433415  013.36467492
111  55.53445682  013.36463576
112  55.53445682  013.36463576  55.53439910  013.36465033 1 102
112  55.53409571  013.36470482  55.53402458  013.36470208
111  55.53409571  013.36470482
112  55.53409571  013.36470482  55.53408798  013.36467203
112  55.53408902  013.36458840  55.53408902  013.36457234
111  55.53408902  013.36458840
112  55.53408902  013.36458840  55.53415935  013.36428090
112  55.53403963  013.36459935  55.53414243  013.36485276
111  55.53403963  013.36459935
112  55.53403963  013.36459935  55.53404869  013.36461537
111  55.53405429  013.36461926
111  55.53405893  013.36470807
111  55.53402728  013.36471760 1 102
111  55.53412607  013.36624674
112  55.53412607  013.36624674  55.53412943  013.36629322 1 102
112  55.53412607  013.36644675  55.53412120  013.36648250 1 102
112  55.53406844  013.36703784  55.53406563  013.36710091
111  55.53406844  013.36703784 1 102
111  55.53414459  013.36804881 1 102
111  55.53480164  013.37278506 1 102
111  55.53480729  013.37282575
112  55.53480729  013.37282575  55.53483606  013.37302064 102
112  55.53475995  013.37322942  55.53473461  013.37324637
111  55.53475995  013.37322942
112  55.53475995  013.37322942  55.53468256  013.37324637 102
112  55.53438950  013.37284030  55.53431348  013.37238283
111  55.53438950  013.37284030 1 102
111  55.53426396  013.37189842
112  55.53426396  013.37189842  55.53386633  013.37059848 1 102
112  55.53386058  013.37288218  55.53472818  013.37342611
111  55.53386058  013.37288218
112  55.53386058  013.37288218  55.53412649  013.37315941 102
112  55.53386469  013.37348586  55.53380576  013.37350283
111  55.53386469  013.37348586
111  55.52841267  013.37460941
112  55.52841267  013.37460941  55.52837152  013.37457702
112  55.52835190  013.37445650  55.52835103  013.37442875
111  55.52835190  013.37445650
111  55.52829134  013.37290589
111  55.52825795  013.37129259
112  55.52825795  013.37129259  55.52825795  013.37117436
112  55.52833429  013.37103326  55.52837921  013.37100688
112  55.52847387  013.37102688  55.52850146  013.37102288
111  55.52847387  013.37102688
111  55.52920969  013.37043322
112  55.52920969  013.37043322  55.52924952  013.37040522
112  55.52931489  013.37022413  55.52933343  013.37019375
111  55.52931489  013.37022413
111  55.52949834  013.36962559
112  55.52949834  013.36962559  55.52950513  013.36956959
112  55.52946756  013.36941499  55.52944903  013.36939425
111  55.52946756  013.36941499
111  55.52913287  013.36918678
112  55.52913287  013.36918678  55.52909763  013.36915566
111  55.52908002  013.36904155
112  55.52890386  013.36889782  55.52888037  013.36890819
112  55.52881713  013.36905267  55.52879675  013.36905667
112  55.52870011  013.36894568  55.52867387  013.36890569
112  55.52845172  013.36885483  55.52841784  013.36886120
112  55.52832254  013.36895056  55.52828144  013.36897131
112  55.52813507  013.36901918  55.52811745  013.36905030
111  55.52813507  013.36901918
111  55.52830040  013.37431401
112  55.52830040  013.37431401  55.52830627  013.37440988
112  55.52829700  013.37463537  55.52826366  013.37465936
111  55.52829700  013.37463537
111  55.52517668  013.37527526
112  55.52517668  013.37527526  55.52516123  013.37527628
112  55.52513963  013.37526071  55.52513421  013.37525288
111  55.52513963  013.37526071 1
111  55.52503261  013.37492986
112  55.52503261  013.37492986  55.52496470  013.37467171 1
112  55.52454279  013.37441722  55.52428759  013.37445721
111  55.52454279  013.37441722 1
111  55.52368656  013.37458810
112  55.52368656  013.37458810  55.52355484  013.37459537 1
112  55.52325642  013.37443177  55.52312059  013.37432270
111  55.52325642  013.37443177
111  55.52201958  013.37313164
111  55.52196381  013.37307301
112  55.52196381  013.37307301  55.52193294  013.37304029
112  55.52188355  013.37291305  55.52187326  013.37282217
111  55.52188355  013.37291305
111  55.52183621  013.37259677
112  55.52183621  013.37259677  55.52181563  013.37253497
112  55.52165510  013.37232048  55.52161600  013.37229139
111  55.52165510  013.37232048
111  55.52142254  013.37220778
112  55.52142254  013.37220778  55.52139926  013.37219630
112  55.52133623  013.37202172  55.52131592  013.37189671
111  55.52133623  013.37202172
111  55.52133415  013.37199824
111  55.52118128  013.37192610
112  55.52117818  013.37196797  55.52117668  013.37199583
111  55.52117818  013.37196797
111  55.52122416  013.37208692
112  55.52122416  013.37208692  55.52124558  013.37214999 1
112  55.52152544  013.37274946  55.52153851  013.37277478
111  55.52152544  013.37274946
112  55.52152544  013.37274946  55.52155158  013.37280009 1
112  55.52173520  013.37302990  55.52177514  013.37306350
111  55.52173520  013.37302990 1
111  55.52196524  013.37327230 1
111  55.52312109  013.37449022
111  55.52316313  013.37460187
112  55.52316313  013.37460187  55.52317910  013.37464736
112  55.52325074  013.37487905  55.52326259  013.37490362
111  55.52325074  013.37487905
112  55.52325074  013.37487905  55.52330433  013.37498010
112  55.52348689  013.37504175  55.52356574  013.37502719
111  55.52348689  013.37504175
112  55.52348689  013.37504175  55.52354907  013.37500030
112  55.52362839  013.37487361  55.52363966  013.37485580
111  55.52362839  013.37487361
112  55.52362839  013.37487361  55.52364860  013.37484633
112  55.52374011  013.37476151  55.52376813  013.37475249
111  55.52374011  013.37476151
111  55.52453560  013.37460131
112  55.52453560  013.37460131  55.52482668  013.37457647
112  55.52499300  013.37518309  55.52506988  013.37550034
111  55.52499300  013.37518309
112  55.52499300  013.37518309  55.52500905  013.37525171
112  55.52497643  013.37531776  55.52494307  013.37532241
111  55.52497643  013.37531776
112  55.52497643  013.37531776  55.52493532  013.37532452
112  55.52418946  013.37586886  55.52380764  013.37628784
111  55.52418946  013.37586886
111  55.52317189  013.37721553
112  55.52317189  013.37721553  55.52304136  013.37740420
112  55.52297634  013.37812892  55.52298824  013.37846737
111  55.52297634  013.37812892
111  55.52301620  013.37858530
111  55.52364256  013.37845680
112  55.52364256  013.37845680  55.52354177  013.37840572
112  55.52340722  013.37771321  55.52358224  013.37711258
111  55.52340722  013.37771321
112  55.52388287  013.37694556  55.52390311  013.37691883
111  55.52388287  013.37694556
111  55.52443640  013.37621364
112  55.52443640  013.37621364  55.52465895  013.37599491
112  55.52507942  013.37582133  55.52525418  013.37577325
111  55.52934218  013.37493715
112  55.52934218  013.37493715  55.52950071  013.37492690
112  55.52954436  013.37514797  55.52955515  013.37525642
111  55.52954436  013.37514797
111  55.52965374  013.37677596
112  55.52965374  013.37677596  55.52964129  013.37708100
112  55.52942586  013.37724885  55.52939933  013.37726056
111  55.52942586  013.37724885
111  55.53019733  013.37710390
112  55.53019733  013.37710390  55.53014419  013.37705550
112  55.53001834  013.37688137  55.52998451  013.37679818
111  55.53001834  013.37688137
112  55.53001834  013.37688137  55.52995581  013.37665287
112  55.52988907  013.37514212  55.52991559  013.37459751
111  55.52988907  013.37514212
112  55.52988907  013.37514212  55.52990565  013.37498400
112  55.53002829  013.37488445  55.53008795  013.37485517
111  55.53002829  013.37488445
111  55.53044592  013.37471462
111  55.53608129  013.37355707
112  55.53608129  013.37355707  55.53611778  013.37355090
112  55.53612210  013.37358666  55.53612384  013.37361134
111  55.53612210  013.37358666
111  55.53623479  013.37535548
112  55.53623479  013.37535548  55.53623618  013.37545449
112  55.53612611  013.37572108  55.53603709  013.37578338
111  55.53612611  013.37572108
111  55.53645930  013.37566157
112  55.53645930  013.37566157  55.53640519  013.37563721
112  55.53629114  013.37534377  55.53627979  013.37518184
111  55.53629114  013.37534377
111  55.53618839  013.37366866
112  55.53618839  013.37366866  55.53618417  013.37357178
112  55.53622816  013.37352224  55.53627465  013.37350804
111  55.53622816  013.37352224
111  55.53827243  013.37310374
112  55.53827243  013.37310374  55.53829389  013.37310374
112  55.53830852  013.37318252  55.53830991  013.37321968
111  55.53830852  013.37318252
111  55.53845105  013.37519162
112  55.53845105  013.37519162  55.53845052  013.37521937
111  55.53843447  013.37527362
111  55.53849832  013.37525774
111  55.53835824  013.37319202
112  55.53835824  013.37319202  55.53835876  013.37312601
112  55.53838144  013.37308659  55.53840055  013.37307903
111  55.53838144  013.37308659
111  55.54107627  013.37252824
112  55.54107627  013.37252824  55.54132628  013.37247939
112  55.54174266  013.37247948  55.54184776  013.37249195
112  55.54191400  013.37264350  55.54193373  013.37272645
111  55.54191400  013.37264350
112  55.54191400  013.37264350  55.54203476  013.37330512
112  55.54202771  013.37435403  55.54199821  013.37494696
111  55.54202771  013.37435403
112  55.54202771  013.37435403  55.54200569  013.37453362
112  55.54180233  013.37470881  55.54177581  013.37473810
111  55.54180233  013.37470881
111  55.54263096  013.37454734
112  55.54263096  013.37454734  55.54258718  013.37453307
112  55.54236911  013.37422515  55.54234105  013.37410100
111  55.54236911  013.37422515
111  55.54225642  013.37256149
112  55.54225642  013.37256149  55.54224893  013.37243073
112  55.54233928  013.37227445  55.54239744  013.37224951
111  55.54233928  013.37227445
111  55.54583350  013.37155665
112  55.54583350  013.37155665  55.54641965  013.37158856
112  55.54697867  013.37215717  55.54708322  013.37224077
112  55.54755878  013.37274016  55.54766834  013.37285752
111  55.54755878  013.37274016
112  55.54755878  013.37274016  55.54776546  013.37301158
112  55.54752396  013.37353990  55.54739451  013.37361612
111  55.54752396  013.37353990
111  55.54807417  013.37342858
111  55.54804102  013.37301261
112  55.54804102  013.37301261  55.54800867  013.37266062
112  55.54774094  013.37217713  55.54752267  013.37194387
111  55.54774094  013.37217713
111  55.54649799  013.37123245
112  55.54649799  013.37123245  55.54623489  013.37107256
112  55.54567349  013.37106109  55.54534397  013.37108310
111  55.54567349  013.37106109
111  55.54480513  013.37124476
112  55.54468706  013.37102864  55.54458862  013.37093843
111  55.54468706  013.37102864
111  55.54437841  013.37111525
111  55.54436110  013.37133867
111  55.54287624  013.37165273
112  55.54287624  013.37165273  55.54274920  013.37165466
112  55.54240770  013.37160404  55.54229829  013.37154979
111  55.54240770  013.37160404
112  55.54240770  013.37160404  55.54233315  013.37153218
112  55.54206749  013.37089120  55.54198781  013.37064401
111  55.54206749  013.37089120
112  55.54206749  013.37089120  55.54200276  013.37059489
111  55.54197468  013.37036169
111  55.54188850  013.36900559 20
111  55.54265416  013.36882985
112  55.54265416  013.36882985  55.54268924  013.36881905 20
112  55.54270563  013.36874257  55.54270248  013.36867628
111  55.54270563  013.36874257 20
111  55.54244866  013.36486545 20
111  55.54143881  013.36507345
111  55.54138837  013.36444055
112  55.54138837  013.36444055  55.54137961  013.36435543
112  55.54112020  013.36417980  55.54095693  013.36413491
111  55.54112020  013.36417980
111  55.54108638  013.36373787
111  55.54097064  013.36197111
111  55.54087584  013.36199395 20
111  55.53967351  013.36225856
111  55.53957472  013.36238056
111  55.53971983  013.36440515
111  55.54077276  013.36417767
111  55.54079500  013.36451208
111  55.54096814  013.36448072
111  55.54095893  013.36432089
112  55.54095893  013.36432089  55.54112234  013.36428808
112  55.54133340  013.36452820  55.54137054  013.36472838
111  55.54133340  013.36452820
111  55.54136346  013.36501867
112  55.54136346  013.36501867  55.54135975  013.36507446
112  55.54132637  013.36509660  55.54130940  013.36510199
111  55.54132637  013.36509660 20
111  55.53797277  013.36578685 20
111  55.53788808  013.36569580 20
111  55.53786128  013.36526676
111  55.53791078  013.36524897
111  55.53794391  013.36565076
111  55.53863857  013.36551453
111  55.53843859  013.36255883
111  55.53775942  013.36270729
111  55.53778510  013.36310528
111  55.53813640  013.36303211
111  55.53816854  013.36345656
111  55.53780334  013.36352962
111  55.53782117  013.36380341
112  55.53775422  013.36376005  55.53773943  013.36372084
111  55.53775422  013.36376005 20
111  55.53768956  013.36279246
112  55.53768956  013.36279246  55.53769160  013.36275285 20
111  55.53772465  013.36266357
111  55.53757554  013.36269412 20
112  55.53761063  013.36277679  55.53762082  013.36282000
111  55.53761063  013.36277679 20
111  55.53777556  013.36530900
112  55.53777556  013.36530900  55.53777149  013.36535220
112  55.53771702  013.36541394  55.53768239  013.36542474
112  55.53751935  013.36539519  55.53749694  013.36539519
111  55.53751935  013.36539519
111  55.53740048  013.36541504
111  55.53742734  013.36581023
111  55.53764143  013.36577317
111  55.53764646  013.36583795
111  55.53703920  013.36596395
111  55.53705065  013.36612688
113  55.53724548  013.36609110
112  55.54149419  013.37013275  55.54150569  013.37014405
112  55.54170385  013.37080158  55.54170640  013.37081513
112  55.54176260  013.37111570  55.54176506  013.37113707
112  55.54177072  013.37141036  55.54176561  013.37143928
111  55.54177072  013.37141036
112  55.54177072  013.37141036  55.54176306  013.37149349
112  55.54167738  013.37169861  55.54162651  013.37175157
112  55.54129925  013.37194933  55.54127069  013.37196165
112  55.54057888  013.37211962  55.54056239  013.37211962
112  55.54011623  013.37212086  55.54010172  013.37211860
111  55.54011623  013.37212086
112  55.54011623  013.37212086  55.53992026  013.37206891
112  55.53985537  013.37187793  55.53981901  013.37173033
111  55.53985537  013.37187793
112  55.53985537  013.37187793  55.53984712  013.37184099
112  55.53972929  013.37096800  55.53972801  013.37094111
112  55.53970595  013.37049117  55.53970978  013.37041439
111  55.53970595  013.37049117
111  55.53991272  013.37045117
111  55.53992757  013.37077513
111  55.54132700  013.37048790
112  55.54131562  013.37024067  55.54131946  013.37021582
114  55.54136044  013.37015490  55.54137066  013.37015039
111  55.53940080  013.37055044
111  55.53942607  013.37083323
112  55.53942981  013.37193911  55.53942420  013.37200642
111  55.53942981  013.37193911
112  55.53942981  013.37193911  55.53942420  013.37203287
112  55.53934733  013.37216638  55.53933236  013.37218410
112  55.53926792  013.37226773  55.53925108  013.37227765
112  55.53882234  013.37245815  55.53880363  013.37246145
112  55.53850844  013.37253399  55.53848786  013.37253399
111  55.53833338  013.37256493 20
111  55.53822403  013.37091224
112  55.53822403  013.37091224  55.53822641  013.37086441 20
112  55.53834970  013.37076179  55.53845450  013.37074072
113  55.53834970  013.37076179 20
111  55.53619903  013.37301040
112  55.53619903  013.37301040  55.53619254  013.37300403 20
112  55.53614277  013.37287102  55.53613902  013.37283493 20
112  55.53611944  013.37263959  55.53611727  013.37259935
111  55.53611944  013.37263959 20
111  55.53603310  013.37132371
112  55.53603310  013.37132371  55.53603641  013.37126332 20
112  55.53606407  013.37123902  55.53607891  013.37123292
111  55.53606407  013.37123902 20
112  55.53806160  013.37082761  55.53809826  013.37082488 20
112  55.53815431  013.37099001  55.53816317  013.37110799
111  55.53815431  013.37099001
112  55.53815431  013.37099001  55.53815668  013.37101366 20
113  55.53825797  013.37258376
111  55.53857329  013.36935298
111  55.53863627  013.37031360
111  55.53852026  013.37058304 20
111  55.53831476  013.37062404
112  55.53831476  013.37062404  55.53828092  013.37062149 20
112  55.53820538  013.37050103  55.53820207  013.37044274
111  55.53820538  013.37050103 20
113  55.53813578  013.36944670
111  55.53813269  013.36826938
111  55.53814710  013.36860762
112  55.53814710  013.36860762  55.53813681  013.36864036
112  55.53808124  013.36858580  55.53807918  013.36853124
111  55.53808124  013.36858580
113  55.53806477  013.36828393
112  55.53464367  013.36432379  55.53464367  013.36422263
111  55.53464367  013.36432379
111  55.53493595  013.36425990
112  55.53493595  013.36425990  55.53499621  013.36433976 1 102
112  55.53490883  013.36453676  55.53485158  013.36454741
111  55.53490883  013.36453676 1 102
111  55.53468887  013.36457936
114  55.53468887  013.36457936  55.53465271  013.36454209 1 102
112  55.52865529  013.36956398  55.52854676  013.36959717
112  55.52821281  013.36954923  55.52816690  013.36950129
111  55.52821281  013.36954923
112  55.52821281  013.36954923  55.52818778  013.36952168
112  55.52817942  013.36945335  55.52817832  013.36941202
111  55.52817942  013.36945335
111  55.52817928  013.36919867
112  55.52817928  013.36919867  55.52818526  013.36913524
112  55.52826917  013.36906985  55.52831480  013.36905338
112  55.52860102  013.36904773  55.52881600  013.36907822
111  55.52860102  013.36904773
114  55.52860102  013.36904773  55.52883061  013.36909198
111  55.53648949  013.37079332
112  55.53648949  013.37079332  55.53653207  013.37084876
112  55.53643122  013.37101509  55.53640209  013.37101905
111  55.53643122  013.37101509 20
111  55.53616677  013.37106657
112  55.53616677  013.37106657  55.53615109  013.37106261 20
112  55.53612643  013.37099133  55.53612419  013.37095964
111  55.53612643  013.37099133 20
113  55.53611971  013.37086460
111  55.53781992  013.36609030
112  55.53781992  013.36609030  55.53781177  013.36614071
111  55.53776084  013.36617311
111  55.53772213  013.36556105
112  55.53778936  013.36560786  55.53781177  013.36566546
113  55.53778936  013.36560786 20
112  55.53788296  013.36402528  55.53791007  013.36406013
111  55.53788296  013.36402528
111  55.53789528  013.36413419
111  55.53794212  013.36481379
112  55.53794212  013.36481379  55.53790761  013.36483557
112  55.53782379  013.36477023  55.53781640  013.36472231
111  55.53782379  013.36477023 20
111  55.53778188  013.36407756
114  55.53778188  013.36407756  55.53778435  013.36397736
111  55.53720817  013.37034179
111  55.53661652  013.37043763
112  55.53661652  013.37043763  55.53667815  013.37010655
114  55.53710710  013.37008913  55.53723529  013.37012398
130 Airport Boundary 1
111  55.54893030  013.37050448
111  55.54638789  013.36914664
111  55.54378221  013.36832447
111  55.54318648  013.36084639
111  55.53553062  013.36242662
111  55.53545164  013.36186901
111  55.53333871  013.36243660
111  55.53410787  013.37049747
111  55.53345006  013.37082350
111  55.53319625  013.37225869
111  55.52603687  013.37432496
111  55.52304596  013.37336497
111  55.52221285  013.37140806
111  55.52373094  013.35926657
111  55.52143245  013.35725795
111  55.52099228  013.36119630
111  55.52215604  013.36184417
111  55.52049281  013.37183707
111  55.52224869  013.38038099
113  55.54906752  013.37714946
120 Linear Feature 7
111  55.53856733  013.36231520 22
115  55.53757501  013.36253050
120 Linear Feature 24
111  55.53798453  013.36724897 20
111  55.53808170  013.36866086
111  55.53810183  013.36895338 20
115  55.53813578  013.36944670
120 Linear Feature 23
111  55.53896821  013.36571814 20
111  55.53834252  013.36584831 20
111  55.53799560  013.36592454
112  55.53799560  013.36592454  55.53791228  013.36595510 20
112  55.53791385  013.36624126  55.53791699  013.36642462
111  55.53791385  013.36624126 20
115  55.53792643  013.36644129
120 Linear Feature 22
111  55.54187434  013.36887063 20
111  55.54258170  013.36871735
112  55.54258170  013.36871735  55.54261214  013.36870390 20
112  55.54262165  013.36861649  55.54261784  013.36854253
111  55.54262165  013.36861649 20
111  55.54238577  013.36509513
112  55.54238577  013.36509513  55.54238006  013.36506487 20
112  55.54231729  013.36503125  55.54228875  013.36503461
111  55.54231729  013.36503125 20
111  55.54112728  013.36527564 20
111  55.54072568  013.36536002 20
111  55.54000946  013.36550494 20
111  55.53948277  013.36561587 20
115  55.53896821  013.36571814
120 Linear Feature 7
112  55.54013944  013.37058571  55.54014033  013.37062050 1
116  55.54011535  013.37064500  55.54010104  013.37065132
120 Linear Feature 7
112  55.54030140  013.37055092  55.54030229  013.37058571 1
116  55.54027862  013.37061194  55.54026430  013.37061827
120 Linear Feature 7
112  55.54045978  013.37051771  55.54046067  013.37055250 1
116  55.54043667  013.37057994  55.54042235  013.37058627
120 Linear Feature 7
112  55.54062263  013.37048608  55.54062352  013.37052087 1
116  55.54059658  013.37054757  55.54058226  013.37055389
120 Linear Feature 7
112  55.54078369  013.37045129  55.54078459  013.37048608 1
116  55.54075938  013.37051461  55.54074506  013.37052093
120 Linear Feature 7
112  55.54094834  013.37041808  55.54094923  013.37045287 1
116  55.54092205  013.37048167  55.54090773  013.37048800
120 Linear Feature 7
112  55.54110672  013.37038645  55.54110761  013.37042124 1
116  55.54107824  013.37044772  55.54106393  013.37045405
120 Linear Feature 49
112  55.53023009  013.37742054  55.53001151  013.37746070 1 105
116  55.52981667  013.37699693  55.52978345  013.37667871
120 Linear Feature 48
112  55.52996708  013.37455574  55.52986492  013.37458904 1 101
112  55.52969753  013.37518072  55.52970540  013.37565725
111  55.52969753  013.37518072 1 105
111  55.52981667  013.37699693
112  55.52981667  013.37699693  55.52982144  013.37707838 1
116  55.52956709  013.37756709  55.52936044  013.37762888
120 Linear Feature 42
112  55.53547401  013.36451901  55.53555164  013.36448313 1
112  55.53557676  013.36430065  55.53557676  013.36426900
111  55.53557676  013.36430065 1
115  55.53556720  013.36412337
120 Linear Feature 41
112  55.53547401  013.36451901  55.53552326  013.36453461 1
116  55.53555526  013.36483883  55.53555797  013.36499995
120 Linear Feature 40
112  55.53522924  013.36456994  55.53526644  013.36457314 1
112  55.53530564  013.36469954  55.53530886  013.36474628
111  55.53530564  013.36469954 1
115  55.53531878  013.36490847
120 Linear Feature 44
112  55.53439314  013.36908569  55.53447182  013.36935839 1
112  55.53465333  013.36928846  55.53469120  013.36928228
111  55.53465333  013.36928846 1
111  55.53485540  013.36924714 1
111  55.53492437  013.36905672 1
112  55.53558535  013.36892694  55.53560109  013.36891458 1
112  55.53563956  013.36883115  55.53563956  013.36880643 1
115  55.53559759  013.36860867
120 Linear Feature 43
112  55.53449000  013.36978771  55.53445822  013.36947634 1
112  55.53465333  013.36928846  55.53476720  013.36925088
111  55.53465333  013.36928846 1
111  55.53485540  013.36924714 1
115  55.53545421  013.36912470
120 Linear Feature 39
112  55.53502326  013.36461280  55.53507211  013.36457207 1
116  55.53509185  013.36434497  55.53508242  013.36420146
120 Linear Feature 38
112  55.53458646  013.36433621  55.53459005  013.36424968
112  55.53464840  013.36420568  55.53465796  013.36420357
111  55.53464840  013.36420568
115  55.53474275  013.36419302
120 Linear Feature 37
111  55.53455234  013.36423852 1
115  55.53454688  013.36411915
120 Linear Feature 36
112  55.53455901  013.36470940  55.53459246  013.36467985 1
112  55.53459908  013.36460082  55.53460147  013.36456917
111  55.53459908  013.36460082 1
111  55.53458646  013.36433621
112  55.53458646  013.36433621  55.53458407  013.36431088 1
112  55.53455234  013.36423852  55.53453937  013.36422471
111  55.53455234  013.36423852 1
115  55.53439604  013.36426517
120 Linear Feature 35
112  55.53413965  013.36564613  55.53415234  013.36548536 1
112  55.53427332  013.36538231  55.53433256  013.36536361
111  55.53427332  013.36538231 1
115  55.53476631  013.36527762
120 Linear Feature 34
112  55.53422132  013.36762282  55.53422766  013.36733493 1
112  55.53444470  013.36712756  55.53448490  013.36711634
111  55.53444470  013.36712756 1
115  55.53479805  013.36704531
120 Linear Feature 33
112  55.53421287  013.36741879  55.53422556  013.36729167 1
112  55.53426909  013.36720607  55.53428178  013.36717616
111  55.53426909  013.36720607 1
111  55.53478959  013.36633120 1
115  55.53522757  013.36624520
120 Linear Feature 47
111  55.53419698  013.37215833 1
115  55.53356717  013.37215833
120 Linear Feature 46
112  55.53419698  013.37215833  55.53419698  013.37247952 1
112  55.53387695  013.37271476  55.53371054  013.37270571 1
112  55.53356717  013.37215833  55.53356461  013.37186881 1
114  55.53388463  013.37160643  55.53404592  013.37160643 1
120 Linear Feature 45
112  55.53528424  013.37346148  55.53511739  013.37348933 1
116  55.53493663  013.37302484  55.53486700  013.37273000
120 Linear Feature 32
112  55.53472207  013.37357717  55.53490772  013.37348826 1
112  55.53493663  013.37302484  55.53490886  013.37278504
111  55.53493663  013.37302484 1
111  55.53449000  013.36978771 1
111  55.53439314  013.36908569 1
111  55.53423540  013.36794241
112  55.53423540  013.36794241  55.53423063  013.36788062 1
111  55.53422132  013.36762282 1
111  55.53421287  013.36741879 1
112  55.53418752  013.36645838  55.53418752  013.36641945 1
111  55.53413965  013.36564613 1
111  55.53409214  013.36493453
112  55.53409214  013.36493453  55.53409618  013.36484761 1
112  55.53417063  013.36479022  55.53422068  013.36477376
111  55.53417063  013.36479022 1
111  55.53455901  013.36470940 1
111  55.53502326  013.36461280 1
111  55.53522924  013.36456994 1
111  55.53547401  013.36451901 1
115  55.53562942  013.36448667
120 Linear Feature 31
112  55.53963587  013.37182849  55.53963277  013.37201462 1 101
116  55.53922765  013.37264993  55.53885281  013.37275395
120 Linear Feature 30
111  55.53924864  013.36602513 1
111  55.53928319  013.36654292 1
111  55.53934310  013.36744073 1
111  55.53940352  013.36834620 1
111  55.53946437  013.36925823 1
111  55.53952476  013.37016326 1
111  55.53953847  013.37036871 1 101
111  55.53963587  013.37182849
112  55.53963587  013.37182849  55.53970092  013.37237047 1 101
116  55.54014495  013.37246115  55.54033701  013.37243925
120 Linear Feature 50
112  55.54223064  013.37446425  55.54226736  013.37483511 1
116  55.54259450  013.37488120  55.54280434  013.37485029
120 Linear Feature 29
112  55.54171658  013.37213771  55.54197958  013.37210481 1 101
112  55.54211194  013.37262457  55.54216081  013.37297422
111  55.54211194  013.37262457
112  55.54211194  013.37262457  55.54211426  013.37227493 1 101
116  55.54237347  013.37200253  55.54254337  013.37193671
120 Linear Feature 28
112  55.54196403  013.37111251  55.54203619  013.37153208 1 101
116  55.54153904  013.37217425  55.54113108  013.37226015
120 Linear Feature 27
112  55.54201062  013.37126752  55.54203855  013.37137035 1 101
111  55.54211194  013.37262457 1 105
111  55.54223064  013.37446425
112  55.54223064  013.37446425  55.54222831  013.37456297 1 105
116  55.54193505  013.37500040  55.54165343  013.37504976
120 Linear Feature 6
111  55.54012064  013.37029789 1
111  55.54013944  013.37058571
112  55.54013944  013.37058571  55.54014212  013.37060468 1
116  55.54017461  013.37063300  55.54018356  013.37063458
120 Linear Feature 6
111  55.54028260  013.37026310 1
111  55.54030140  013.37055092
112  55.54030140  013.37055092  55.54030497  013.37057147 1
116  55.54033062  013.37060141  55.54033957  013.37060299
120 Linear Feature 6
111  55.54044098  013.37022989 1
111  55.54045978  013.37051771
112  55.54045978  013.37051771  55.54046335  013.37053668 1
116  55.54049769  013.37056759  55.54051290  013.37057233
120 Linear Feature 6
111  55.54060384  013.37019826 1
111  55.54062263  013.37048608
112  55.54062263  013.37048608  55.54062710  013.37050664 1
116  55.54065643  013.37053545  55.54066537  013.37053703
120 Linear Feature 6
111  55.54076490  013.37016347 1
111  55.54078369  013.37045129
112  55.54078369  013.37045129  55.54078906  013.37047343 1
116  55.54081981  013.37050237  55.54083234  013.37050395
120 Linear Feature 6
111  55.54092955  013.37013026 1
111  55.54094834  013.37041808
112  55.54094834  013.37041808  55.54095192  013.37044022 1
116  55.54098013  013.37046991  55.54099266  013.37047149
120 Linear Feature 6
111  55.54108793  013.37009863 1
111  55.54110672  013.37038645
112  55.54110672  013.37038645  55.54111209  013.37040859 1
116  55.54113438  013.37043868  55.54114333  013.37044026
120 Linear Feature 4
111  55.54167633  013.36982873 1
111  55.54129570  013.36991487
112  55.54129570  013.36991487  55.54125689  013.36992653 1
112  55.54124464  013.37005842  55.54124696  013.37012069
111  55.54124464  013.37005842 1
111  55.54126553  013.37034554
112  55.54126553  013.37034554  55.54126859  013.37038593 1
112  55.54122840  013.37041938  55.54120237  013.37042672
111  55.54122840  013.37041938 1
111  55.54113438  013.37043868 1
111  55.54107824  013.37044772 1
111  55.54098013  013.37046991 1
111  55.54092205  013.37048167 1
111  55.54081981  013.37050237 1
111  55.54075938  013.37051461 1
111  55.54065643  013.37053545 1
111  55.54059658  013.37054757 1
111  55.54049769  013.37056759 1
111  55.54043667  013.37057994 1
111  55.54033062  013.37060141 1
111  55.54027862  013.37061194 1
111  55.54017461  013.37063300 1
111  55.54011535  013.37064500 1
111  55.54000993  013.37066634
112  55.54000993  013.37066634  55.53999620  013.37066760 1
112  55.53997714  013.37059574  55.53997613  013.37056148
111  55.53997714  013.37059574 1
111  55.53995925  013.37027762
112  55.53995925  013.37027762  55.53995331  013.37022089 1
112  55.53990963  013.37018938  55.53988704  013.37019358
111  55.53990963  013.37018938 1
115  55.53957571  013.37026400
120 Linear Feature 2
111  55.54087063  013.36954451 1
115  55.54086756  013.36949724
120 Linear Feature 15
112  55.54167382  013.36926628  55.54153432  013.36913069 1
116  55.54130608  013.36943540  55.54127818  013.36947855
120 Linear Feature 1
111  55.54083573  013.36952571 1
111  55.54130608  013.36943540 1
115  55.54163354  013.36937253
120 Linear Feature 15
112  55.54161160  013.36834980  55.54143550  013.36823720 1
116  55.54124022  013.36853453  55.54121232  013.36857767
120 Linear Feature 2
111  55.54081923  013.36864086 1
115  55.54081616  013.36859359
120 Linear Feature 1
111  55.54078433  013.36862206 1
111  55.54124022  013.36853453 1
115  55.54158215  013.36846888
120 Linear Feature 15
112  55.54155051  013.36744994  55.54141102  013.36731435 1
116  55.54117920  013.36762667  55.54115130  013.36766981
120 Linear Feature 2
111  55.54076026  013.36773261 1
115  55.54075719  013.36768533
120 Linear Feature 1
111  55.54072536  013.36771380 1
111  55.54117920  013.36762667 1
115  55.54152317  013.36756062
120 Linear Feature 2
111  55.53879712  013.36997422 1
115  55.53879370  013.36992686
120 Linear Feature 1
111  55.53874124  013.36996129 1
115  55.53944866  013.36981821
120 Linear Feature 2
111  55.53873424  013.36907129 1
115  55.53873082  013.36902392
120 Linear Feature 1
111  55.53867836  013.36905836 1
115  55.53938577  013.36891527
120 Linear Feature 2
111  55.53867921  013.36816604 1
115  55.53867579  013.36811867
120 Linear Feature 1
111  55.53862333  013.36815311 1
115  55.53932712  013.36800522
120 Linear Feature 15
112  55.53934310  013.36744073  55.53928302  013.36694543 1
116  55.53886415  013.36718543  55.53881010  013.36737957
120 Linear Feature 2
111  55.53849573  013.36729919 1
115  55.53849193  013.36725192
120 Linear Feature 1
111  55.53843975  013.36728768 1
111  55.53886415  013.36718543 1
115  55.53925675  013.36710368
120 Linear Feature 15
112  55.53928319  013.36654292  55.53916288  013.36614847 1
116  55.53882611  013.36642625  55.53877205  013.36662039
120 Linear Feature 2
111  55.53845769  013.36654001 1
115  55.53845389  013.36649274
120 Linear Feature 1
111  55.53840171  013.36652850 1
111  55.53882611  013.36642625 1
115  55.53921870  013.36634450
120 Linear Feature 15
112  55.54143542  013.36575454  55.54131684  013.36545562 1
116  55.54113172  013.36568927  55.54110382  013.36573242
120 Linear Feature 2
111  55.54063113  013.36581089 1
115  55.54062806  013.36576361
120 Linear Feature 1
111  55.54059624  013.36579208 1
111  55.54113172  013.36568927 1
115  55.54139405  013.36563890
120 Linear Feature 15
112  55.54148943  013.36655009  55.54133423  013.36640524 1
116  55.54111824  013.36672729  55.54108860  013.36677352
120 Linear Feature 2
111  55.54070119  013.36684248 1
115  55.54069778  013.36679528
120 Linear Feature 1
111  55.54066616  013.36682447 1
111  55.54111824  013.36672729 1
115  55.54146280  013.36665322
120 Linear Feature 2
111  55.54244487  013.36832565 1
115  55.54244820  013.36837287
120 Linear Feature 1
111  55.54249774  013.36833971 1
115  55.54162340  013.36852358
120 Linear Feature 2
111  55.54239763  013.36763229 1
115  55.54240097  013.36767951
120 Linear Feature 1
111  55.54245051  013.36764635 1
115  55.54157622  013.36782865
120 Linear Feature 2
111  55.54235170  013.36693894 1
115  55.54235504  013.36698615
120 Linear Feature 1
111  55.54240457  013.36695299 1
115  55.54152917  013.36713560
120 Linear Feature 2
111  55.54230675  013.36624787 1
115  55.54231009  013.36629509
120 Linear Feature 1
111  55.54235962  013.36626193 1
115  55.54148240  013.36644568
120 Linear Feature 2
111  55.54225732  013.36555997 1
115  55.54226066  013.36560719
120 Linear Feature 1
111  55.54231020  013.36557403 1
115  55.54143542  013.36575454
120 Linear Feature 26
111  55.54142032  013.36553213 1
111  55.54143542  013.36575454 1
111  55.54148232  013.36644544 1
111  55.54148943  013.36655009 1
111  55.54152917  013.36713560 1
111  55.54155051  013.36744994 1
111  55.54157622  013.36782865 1
111  55.54161160  013.36834980 1
111  55.54162340  013.36852358 1
111  55.54167382  013.36926628 1
111  55.54171140  013.36981983 1 101
112  55.54178773  013.37048461  55.54179560  013.37052971 1 101
111  55.54196403  013.37111251 1 101
111  55.54201062  013.37126752 1 101
111  55.54210333  013.37157604
112  55.54210333  013.37157604  55.54220054  013.37183525 1 101
116  55.54251858  013.37197266  55.54271994  013.37196032
120 Linear Feature 12
112  55.54754308  013.37387108  55.54786486  013.37373558 1 105
112  55.54767260  013.37240679  55.54725637  013.37190056
111  55.54767260  013.37240679 1 105
111  55.54651455  013.37152552
112  55.54651455  013.37152552  55.54643992  013.37146542 1 105
112  55.54562334  013.37133371  55.54513942  013.37142745
111  55.54562334  013.37133371 1 101
111  55.54251858  013.37197266 1 101
111  55.54237347  013.37200253 1 101
111  55.54171658  013.37213771 1 101
111  55.54153904  013.37217425 1 101
111  55.54014495  013.37246115 1 101
111  55.53922765  013.37264993 1 101
111  55.53528424  013.37346148 1 101
111  55.53472207  013.37357717 1 101
111  55.52996708  013.37455574 1 101
111  55.52539314  013.37549704 1 105
111  55.52531425  013.37551328 1 105
111  55.52507724  013.37556206
112  55.52507724  013.37556206  55.52473476  013.37566139 1 105
112  55.52428769  013.37608428  55.52394580  013.37644505
111  55.52428769  013.37608428 1 105
111  55.52329521  013.37737498
112  55.52329521  013.37737498  55.52299030  013.37781468 1 105
116  55.52364881  013.37878013  55.52421734  013.37869324
120 Linear Feature 24
111  55.52303998  013.35982380 1
115  55.52223018  013.35942965
120 Linear Feature 14
112  55.53928319  013.36654292  55.53931537  013.36587229 1
116  55.53974004  013.36609351  55.53979566  013.36612401
120 Linear Feature 12
111  55.54013169  013.36599280 1
115  55.54013451  013.36603935
120 Linear Feature 11
111  55.53930340  013.36617925 1
111  55.53974004  013.36609351 1
115  55.54019589  013.36600399
120 Linear Feature 14
112  55.53934310  013.36744073  55.53937527  013.36677010 1
116  55.53980063  013.36699179  55.53985626  013.36702230
120 Linear Feature 12
111  55.54019228  013.36689108 1
115  55.54019510  013.36693764
120 Linear Feature 11
111  55.53936399  013.36707753 1
111  55.53980063  013.36699179 1
115  55.54025648  013.36690228
120 Linear Feature 14
112  55.53940352  013.36834620  55.53943569  013.36767557 1
116  55.53986099  013.36789666  55.53991662  013.36792717
120 Linear Feature 12
111  55.54025264  013.36779596 1
115  55.54025547  013.36784251
120 Linear Feature 11
111  55.53942435  013.36798240 1
111  55.53986099  013.36789666 1
115  55.54031684  013.36780715
120 Linear Feature 14
112  55.53952476  013.37016326  55.53955693  013.36949263 1
116  55.53998306  013.36971201  55.54003868  013.36974252
120 Linear Feature 12
111  55.54037470  013.36961130 1
115  55.54037753  013.36965786
120 Linear Feature 11
111  55.53954641  013.36979775 1
111  55.53998306  013.36971201 1
115  55.54043890  013.36962250
120 Linear Feature 14
112  55.53946437  013.36925823  55.53949654  013.36858760 1
116  55.53992359  013.36880694  55.53997922  013.36883745
120 Linear Feature 12
111  55.54031524  013.36870623 1
115  55.54031807  013.36875279
120 Linear Feature 11
111  55.53948695  013.36889268 1
111  55.53992359  013.36880694 1
115  55.54037944  013.36871743
120 Linear Feature 18
111  55.53480539  013.37282575 1
111  55.53483645  013.37304039
112  55.53483645  013.37304039  55.53484325  013.37322974 1
112  55.53470718  013.37341007  55.53464595  013.37345816
111  55.53470718  013.37341007 1
111  55.53459662  013.37342810
112  55.53459662  013.37342810  55.53455580  013.37341608 1
116  55.53438760  013.37284030  55.53430936  013.37235641
120 Linear Feature 19
112  55.53385868  013.37288218  55.53394856  013.37293927 1
112  55.53390321  013.37356832  55.53363005  013.37381958
111  55.53390321  013.37356832 1
111  55.53007075  013.37435629 1
111  55.52923319  013.37452849 1
111  55.52537915  013.37532090 1
111  55.52522637  013.37535231
112  55.52522637  013.37535231  55.52521843  013.37535399 1
116  55.52513963  013.37526071  55.52512279  013.37522057
120 Linear Feature 17
111  55.53943617  013.37040855 1
112  55.53947939  013.37096502  55.53947939  013.37102322 1
111  55.53947939  013.37178869 1
111  55.53947527  013.37197782
112  55.53947527  013.37197782  55.53945675  013.37214513 1
112  55.53931063  013.37233789  55.53924065  013.37238154
111  55.53931063  013.37233789 1
111  55.53921184  013.37237790 1
112  55.53878788  013.37256339  55.53876318  013.37257066 1
111  55.53523948  013.37329432
112  55.53523948  013.37329432  55.53510365  013.37329068 1
116  55.53504254  013.37297225  55.53500756  013.37271404
120 Linear Feature 16
111  55.54130108  013.37015979 1
111  55.54135520  013.36999856 1
111  55.54150209  013.36997123 1
111  55.54173094  013.37070908 1
111  55.54179588  013.37103154 1
111  55.54180361  013.37112992 1
111  55.54181289  013.37150704
112  55.54181289  013.37150704  55.54179897  013.37162182 1
112  55.54168455  013.37179671  55.54164126  013.37182951
111  55.54168455  013.37179671 1
111  55.54156769  013.37186844 1
111  55.54126706  013.37205295 1
111  55.54058608  013.37219504 1
111  55.54011806  013.37219504 1
111  55.54003870  013.37219504
112  55.54003870  013.37219504  55.53983769  013.37214586 1
112  55.53978048  013.37172775  55.53975419  013.37155013
111  55.53978048  013.37172775 1
111  55.53968657  013.37105613 1
111  55.53965256  013.37058338
112  55.53965256  013.37058338  55.53965101  013.37054512 1
112  55.53970513  013.37033470  55.53974378  013.37029098
111  55.53970513  013.37033470 1
111  55.53986130  013.37030465 1
115  55.53992006  013.37044674
120 Linear Feature 17
111  55.54199748  013.37287260 5 103
115  55.54222247  013.37283080
120 Linear Feature 16
111  55.54221092  013.37261282 4
115  55.54196805  013.37266455
120 Linear Feature 19
111  55.54747948  013.37206396 4
115  55.54737961  013.37246471
120 Linear Feature 18
111  55.54561506  013.37115846 6
115  55.54563602  013.37150870
120 Linear Feature 15
111  55.54256393  013.37214446 5 103
115  55.54253892  013.37172019
120 Linear Feature 14
112  55.54246739  013.37449018  55.54241545  013.37446328 1
112  55.54231772  013.37419257  55.54230777  013.37408937
111  55.54231772  013.37419257 1
111  55.54222247  013.37283080 1
111  55.54221092  013.37261282
112  55.54221092  013.37261282  55.54219240  013.37238775 1
112  55.54233813  013.37219119  55.54242565  013.37215371
111  55.54233813  013.37219119 1
111  55.54256393  013.37214446 1
111  55.54563602  013.37150870
112  55.54563602  013.37150870  55.54604253  013.37145158 1
112  55.54648450  013.37169508  55.54673963  013.37186043
111  55.54648450  013.37169508 1
112  55.54701732  013.37210092  55.54703263  013.37212197 1
111  55.54737961  013.37246471 1
111  55.54759562  013.37268719
112  55.54759562  013.37268719  55.54768917  013.37281045 1
116  55.54761263  013.37347789  55.54740002  013.37376651
120 Linear Feature 13
111  55.54801635  013.37335678 1
111  55.54800194  013.37302938
112  55.54800194  013.37302938  55.54799711  013.37292529 1
112  55.54771381  013.37224724  55.54745698  013.37198267
111  55.54771381  013.37224724 1
111  55.54747948  013.37206396 1
111  55.54650656  013.37132520
112  55.54650656  013.37132520  55.54619108  013.37116482 1
112  55.54571685  013.37114129  55.54535339  013.37117167
111  55.54571685  013.37114129 1
111  55.54561506  013.37115846 1
111  55.54289085  013.37172019 1
111  55.54253892  013.37172019
112  55.54253892  013.37172019  55.54245176  013.37170258 1
112  55.54226662  013.37151114  55.54218985  013.37135787
111  55.54226662  013.37151114 1
111  55.54207586  013.37108364
112  55.54207586  013.37108364  55.54205517  013.37102355 1
111  55.54202440  013.37091784 1
111  55.54192578  013.37040192 1
115  55.54182700  013.36886696
120 Linear Feature 15
112  55.53006566  013.37704734  55.53002311  013.37702044 1
112  55.52994568  013.37680335  55.52991530  013.37664881
111  55.52994568  013.37680335
112  55.52994568  013.37680335  55.52993779  013.37675809 1
112  55.52984661  013.37598355  55.52984521  013.37588256
111  55.52984661  013.37598355 1
111  55.52984259  013.37537381 1
111  55.52984154  013.37514937
112  55.52984154  013.37514937  55.52985419  013.37497993 1
112  55.53000227  013.37480304  55.53009989  013.37472453
111  55.53000227  013.37480304 1
111  55.53009761  013.37476596 1
111  55.53042827  013.37463689 1
111  55.53924368  013.37282417 1
111  55.54014235  013.37263899 1
111  55.54133870  013.37239248 1
111  55.54160337  013.37239006 1
111  55.54177562  013.37238848
112  55.54177562  013.37238848  55.54185712  013.37240049 1
112  55.54196805  013.37266455  55.54200654  013.37282459
111  55.54196805  013.37266455 1
111  55.54199748  013.37287260 1
112  55.54204503  013.37323669  55.54204955  013.37327670 1
112  55.54207898  013.37369280  55.54207898  013.37372881 1
111  55.54207672  013.37437296
112  55.54207672  013.37437296  55.54206993  013.37442498 1
116  55.54200201  013.37458901  55.54197032  013.37462102
120 Linear Feature 25
112  55.52348308  013.37842876  55.52333217  013.37838027 1
112  55.52340037  013.37761666  55.52359971  013.37723670
111  55.52340037  013.37761666 1
111  55.52354820  013.37737154 1
111  55.52383893  013.37688950 1
111  55.52436036  013.37620569
112  55.52436036  013.37620569  55.52458786  013.37595393 1
112  55.52508604  013.37573244  55.52541829  013.37562432
111  55.52508604  013.37573244 1
111  55.52539894  013.37566869 1
111  55.52925109  013.37488383 1
111  55.52943056  013.37484726
112  55.52943056  013.37484726  55.52953828  013.37483707 1
112  55.52959983  013.37520410  55.52960176  013.37534343
111  55.52959983  013.37520410 1
111  55.52961328  013.37541840 1
111  55.52969793  013.37676745
112  55.52969793  013.37676745  55.52969985  013.37687281 1
116  55.52959214  013.37714128  55.52953443  013.37718206
120 Linear Feature 23
112  55.52136047  013.37225604  55.52137784  013.37228097 1
112  55.52159822  013.37237411  55.52162319  013.37238562 1
112  55.52170136  013.37246042  55.52171657  013.37248344
111  55.52170136  013.37246042 1
111  55.52177737  013.37258125
112  55.52177737  013.37258125  55.52178714  013.37260235 1
112  55.52182406  013.37275579  55.52182731  013.37279031 1
116  55.52188629  013.37307810  55.52193190  013.37315098
120 Linear Feature 22
112  55.52372214  013.37468057  55.52367734  013.37470610 1
112  55.52349005  013.37494312  55.52346616  013.37496040 1
112  55.52343311  013.37496179  55.52342033  013.37495610
111  55.52343311  013.37496179 1
111  55.52331929  013.37489953
112  55.52331929  013.37489953  55.52330918  013.37489187 1
112  55.52328471  013.37483983  55.52327883  013.37481396
111  55.52328471  013.37483983 1
116  55.52314032  013.37440383  55.52312417  013.37437922
120 Linear Feature 21
112  55.52531425  013.37551328  55.52517835  013.37553685 1
112  55.52504619  013.37519730  55.52499328  013.37501859
111  55.52504619  013.37519730 1
111  55.52496512  013.37489400
112  55.52496512  013.37489400  55.52494065  013.37481728 1
112  55.52453749  013.37451488  55.52427500  013.37454105
111  55.52453749  013.37451488 1
111  55.52372214  013.37468057
112  55.52372214  013.37468057  55.52357063  013.37469702 1
112  55.52321350  013.37448119  55.52303662  013.37431673
111  55.52321350  013.37448119 1
111  55.52314032  013.37440383 1
111  55.52188629  013.37307810 1
111  55.52169712  013.37288434
112  55.52169712  013.37288434  55.52168758  013.37287030 1
112  55.52158909  013.37273712  55.52158273  013.37272307
111  55.52158909  013.37273712 1
111  55.52136047  013.37225604 1
111  55.52129818  013.37212495
112  55.52129818  013.37212495  55.52127592  013.37207441 1
116  55.52126956  013.37183010  55.52128387  013.37174586
120 Linear Feature 20
111  55.52304528  013.37838224 1
111  55.52302651  013.37814045
112  55.52302651  013.37814045  55.52300751  013.37781060 1
112  55.52318699  013.37730535  55.52330200  013.37709807
111  55.52318699  013.37730535 1
111  55.52340049  013.37702535 1
111  55.52427055  013.37588872
112  55.52427055  013.37588872  55.52449484  013.37563029 1
112  55.52493312  013.37541960  55.52505576  013.37539340
111  55.52493312  013.37541960
112  55.52493312  013.37541960  55.52496244  013.37540992 1
116  55.52500789  013.37531311  55.52501365  013.37528069
120 Linear Feature 13
111  55.54156769  013.37186844 5 103
115  55.54160337  013.37239006
120 Linear Feature 14
111  55.54202440  013.37091784 5 103
115  55.54180361  013.37112992
120 Linear Feature 11
111  55.53978048  013.37172775 5 103
115  55.53947939  013.37178869
120 Linear Feature 12
111  55.54014235  013.37263899 5 103
115  55.54011806  013.37219504
120 Linear Feature 10
111  55.53921184  013.37237790 5 103
115  55.53924368  013.37282417
120 Linear Feature 7
111  55.52961328  013.37541840 5 103
115  55.52984259  013.37537381
120 Linear Feature 6
111  55.52984154  013.37514937 4
115  55.52959983  013.37520410
120 Linear Feature 5
111  55.52923319  013.37452849 5 103
115  55.52925109  013.37488383
120 Linear Feature 4
111  55.52539894  013.37566869 6
115  55.52537915  013.37532090
120 Linear Feature 3
111  55.52354820  013.37737154 4
115  55.52340049  013.37702535
120 Linear Feature 2
111  55.52196524  013.37327230 4
115  55.52201958  013.37313164
120 Linear Feature 1
111  55.52281183  013.35962571 4
115  55.52278958  013.35977746
120 Linear Feature 9
111  55.53500168  013.37269148 5 103
115  55.53479974  013.37278506
120 Linear Feature 8
111  55.53009761  013.37476596 5 103
115  55.53007075  013.37435629
120 Linear Feature 20
111  55.52449492  013.37443497 5 103
115  55.52450189  013.37459508
21  55.52329929  013.37687858 6 144.6400 3.0 New Light Fixture 57
21  55.52356519  013.37755745 6 125.7900 3.0 New Light Fixture 56
21  55.53001467  013.37619452 6 77.2000 3.0 New Light Fixture 55
21  55.52951974  013.37627682 6 87.6100 3.0 New Light Fixture 54
21  55.54243295  013.37362483 6 84.0900 3.0 New Light Fixture 50
21  55.54194561  013.37374783 6 83.6600 3.0 New Light Fixture 49
21  55.54716866  013.37251960 6 25.4600 3.0 New Light Fixture 53
21  55.54734447  013.37168688 6 23.9900 3.0 New Light Fixture 52
21  55.54530969  013.37512220 2 173.3700 3.0 17  PAPI-4L
21  55.52615656  013.37750602 2 353.3700 3.0 35  PAPI-4L
20  55.52573981  013.37594918 147.9900 0 3 {@Y}E{^r}
20  55.52566312  013.37492335 347.6600 0 3 {@L}Y
20  55.52511902  013.37480271 44.3100 0 3 {@L}E{@Y}{^lu}Y{^rd}
20  55.52451062  013.37481502 19.6500 0 3 {@L}E1
20  55.52447875  013.37423262 328.5700 0 3 {@L}E1
20  55.54755576  013.37175396 12.1800 0 3 {@L}Y{@R}17
20  55.52445542  013.37532031 292.6200 0 3 {@Y}{^l}E
20  55.52359781  013.37644605 316.8500 0 3 {@L}Y
20  55.52328835  013.37674405 156.8600 0 3 {@R}35{@L}Y
20  55.52366345  013.37764409 124.7800 0 3 {@L}Y{@R}35
20  55.52889648  013.37708761 348.8000 0 3 {@Y}{^l}B
20  55.53933242  013.37175146 264.9600 0 3 {@L}D
20  55.53919928  013.37207078 348.6900 0 3 {@L}Y4
20  55.53904014  013.37210091 338.8400 0 3 {@Y}{^l}D
20  55.54180138  013.37292799 249.7700 0 3 {@Y}{^l}Y{^u}C{@L}A{@Y}Y{^r}{@L}A1
20  55.54177032  013.37269165 101.6600 0 3 {@R}17-35{@L}A
20  55.54322405  013.37414573 168.6700 0 3 {@Y}A{^r}
20  55.54133944  013.37452992 351.5700 0 3 {@Y}{^l}A
20  55.54241276  013.37255787 74.6500 0 3 {@L}A{@R}17-35
20  55.54258162  013.37247554 165.4700 0 3 {@L}Y1
20  55.54217209  013.37084616 63.4300 0 3 {@Y}{^l}Y{^u}A{@L}C{@Y}Y{^r}{@L}C1
20  55.54265925  013.37141902 357.8800 0 3 {@L}Y
20  55.54165643  013.37117204 267.2700 0 3 {@L}C
20  55.54155618  013.37164725 348.6900 0 3 {@L}Y2
20  55.54142888  013.37166577 342.3800 0 3 {@Y}{^l}C{@L}Y{@Y}A{^r}
20  55.54270756  013.37246599 159.1000 0 3 {@Y}{^l}A{@L}Y{@Y}C{^r}
20  55.54027583  013.37295949 159.1000 0 3 {@L}Y{@Y}D{^r}
20  55.53529692  013.37398398 159.1000 0 3 {@L}Y{@Y}H{^r}
20  55.54016745  013.37297681 163.8600 0 3 {@L}Y3
20  55.53991178  013.37162897 57.5300 0 3 {@L}D{@Y}{^l}Y{^r}{@L}D1
20  55.53512642  013.37257302 57.5300 0 3 {@L}H{@Y}{^l}Y{^r}{@L}H1
20  55.53452967  013.37203073 104.0400 0 3 {@L}H
20  55.53463197  013.37308016 329.5400 0 3 {@Y}{^l}H{@L}Y
20  55.53366158  013.37430591 168.0400 0 3 {@L}Y
20  55.53026014  013.37502273 150.4200 0 3 {@Y}{^l}B
20  55.53011219  013.37503932 143.4700 0 3 {@L}Y5
20  55.52941938  013.37545841 239.2400 0 3 {@L}B{@Y}{^l}Y{^r}{@L}B1
20  55.52940033  013.37523432 105.6000 0 3 {@R}17-35{@L}B
20  55.53000859  013.37510984 75.9600 0 3 {@L}B{@R}17-35
20  55.53078126  013.37669638 173.5200 0 3 {@Y}B{^r}
20  55.52409169  013.37807479 173.5200 0 3 {@Y}Y{^r}
20  55.52535812  013.37502133 211.9600 0 3 {@R}17_CAT_{r2}
20  55.52542200  013.37597941 141.6900 0 3 {@R}17_CAT_{r2}
20  55.54565356  013.37181056 14.0900 0 3 {@R}17_CAT_{r2}
20  55.54558255  013.37083970 304.7800 0 3 {@R}17_CAT_{r2}
20  55.54739650  013.37270816 205.6000 0 3 {@L}Y
20  55.54734402  013.37268961 39.2900 0 3 {@R}17{@L}Y
20  55.54694782  013.37337292 351.8700 0 3 {@Y}{^l}Y
20  55.52160705  013.37119984 86.7100 0 3 {@Y}{^lu}E
20  55.52277094  013.36067557 267.1000 0 3 {@Y}{^l}F
20  55.52190452  013.37343823 194.2800 0 3 {@L}E{@R}29
20  55.52207355  013.37294012 230.5800 0 3 {@R}29{@L}E
20  55.52274878  013.35997371 26.5800 0 3 {@R}11{@L}F
20  55.52282790  013.35941747 360.0000 0 3 {@L}F{@R}11
14  55.53947524  013.36238432 259.19 0 ATC Tower
1300  55.54070987  013.36576983 174.00 gate jets|turboprops Gate 1
1300  55.54008323  013.36602624  -6.47 gate jets|turboprops Gate 2
1300  55.54078594  013.36680016 173.17 gate jets|turboprops Gate 3
1300  55.54014503  013.36692367  -6.27 gate jets|turboprops Gate 4
1300  55.54086817  013.36768675 173.40 gate jets|turboprops Gate 5
1300  55.54021267  013.36782954  -6.30 gate jets|turboprops Gate 6
1300  55.54090108  013.36860098 174.35 gate jets|turboprops Gate 7
1300  55.54027918  013.36873684  -6.38 gate jets|turboprops Gate 8
1300  55.54096181  013.36950150 173.65 misc heavy|jets|turboprops|props Gate 9
1300  55.54032513  013.36964523 353.53 misc heavy|jets|turboprops|props Gate 10
1300  55.53854994  013.36649336 171.38 misc jets|turboprops|props|helos Gate 12
1300  55.53876554  013.36812339 172.75 misc jets|turboprops|props|helos Gate 16
1300  55.53882934  013.36902759 172.75 misc jets|turboprops|props|helos Gate 18
1300  55.54211416  013.36561452 353.35 misc turboprops|props|helos Gate 21
1300  55.54220904  013.36699496 356.00 misc turboprops|props|helos Gate 25
1300  55.54225574  013.36768714 353.35 misc turboprops|props|helos Gate 27
1300  55.54012843  013.37039026 264.14 misc props|helos Gate A
1300  55.54061332  013.37030129 264.14 misc props|helos Gate D
1300  55.54109616  013.37020227 264.14 misc props|helos Gate G
1300  55.52182740  013.35898702  14.35 misc props|helos Apron W
1300  55.53541703  013.36913548 351.03 misc jets|turboprops|props|helos Apron I
1300  55.53507712  013.36675865 352.41 misc jets|turboprops|props|helos Hangar 2
1300  55.53555154  013.36388347 263.42 misc props|helos GA
19  55.53618209  013.37140784 0 WS
19  55.52084700  013.37177100 0 WS
50 12927 ATIS
54 11880 TWR
54 12170 TWR
55 13512 MALMO CON
55 13590 MALMO CON
1000 South flow
1001 ESMS 080 260 999
1001 ESMS 070 270 28
1001 ESMS 060 290 15
1001 ESMS 050 300 10
1001 ESMS 040 310 8
1001 ESMS 000 360 5
1001 ESMS 030 320 7
1002 esms 0
1003 esms 0
1101 17 right
1100 17  13300 arrivals|departures heavy|jets|turboprops 000360 160180 17
1000 North flow
1001 ESMS 000 360 999
1002 ESMS 0
1003 ESMS 0
1101 17 right
1100 35  13300 arrivals|departures heavy|jets|turboprops 000360 340360 35
1200 
1201  55.53540983  013.36912692 both 0 H_stop
1201  55.53486101  013.36659351 both 1 H_stop
1201  55.54211624  013.37261641 both 2 C_stop
1201  55.54200756  013.37127193 both 3 C_stop
1201  55.52493729  013.37480225 both 4 E_stop
1201  55.52468158  013.37448912 both 5 E_stop
1201  55.52368464  013.37469438 both 6 E_stop
1201  55.52328338  013.37455059 both 7 E_stop
1201  55.52200483  013.37319550 both 8 E_stop
1201  55.52165323  013.37285160 both 9 E_stop
1201  55.52135975  013.37226132 both 10 E_stop
1201  55.52222862  013.35942708 both 11 F_stop
1201  55.52126081  013.37195409 both 12 11/29_stop
1201  55.52312520  013.35986830 both 13 11/29_start
1201  55.52279821  013.35970656 both 14 11/29_start(split)
1201  55.53547790  013.36451867 both 15 H_stop
1201  55.53408672  013.36480434 both 16 H_stop
1201  55.53422711  013.36793915 both 17 H_stop
1201  55.53421010  013.36724002 both 18 H_stop(split)
1201  55.53925184  013.36602600 both 19 D_stop
1201  55.54141623  013.36552846 both 20 _stop
1201  55.54172947  013.37004609 both 21 C_start
1201  55.54170940  013.36981858 both 22 C_start(split)
1201  55.54786726  013.37261698 both 23 Y_stop
1201  55.54790328  013.37323673 both 24 Y_stop(split)
1201  55.54742059  013.37221374 both 25 Y_stop
1201  55.54621745  013.37133933 both 26 Y_stop
1201  55.54562188  013.37133088 both 27 Y_stop
1201  55.52539362  013.37549397 both 28 Y_stop
1201  55.52967281  013.37460603 both 29 Y_stop(split)
1201  55.53502268  013.37351375 both 30 Y_stop(split)(split)
1201  55.53442281  013.36932989 both 31 Y_stop(split)(split)(split)
1201  55.53969919  013.37254984 both 32 Y_stop(split)(split)
1201  55.53954063  013.37026889 both 33 Y_stop(split)(split)(split)
1201  55.54207126  013.37206000 both 34 Y_stop(split)(split)
1201  55.52464348  013.37569661 both 35 Y_stop
1201  55.52517557  013.37553542 both 36 Y_stop(split)
1201  55.52346559  013.37715275 both 37 Y_stop
1201  55.52312706  013.37834691 both 38 Y_stop
1201  55.52317667  013.37759541 both 39 Y_stop(split)
1201  55.52346073  013.37883331 both 40 17/35_stop
1201  55.54772547  013.37384450 both 41 17/35_start
1201  55.54226966  013.37497208 both 42 17/35_start(split)
1201  55.52985458  013.37752380 both 43 17/35_start(split)
1201  55.52970616  013.37516698 both 44 17/35_start(split)(split)
1202 31 0 twoway taxiway 
1202 18 1 twoway taxiway 
1202 43 44 twoway taxiway B
1204 departure 17,35
1204 arrival 17,35
1202 2 42 twoway taxiway C
1204 departure 17,35
1204 arrival 17,35
1202 34 2 twoway taxiway C
1202 3 34 twoway taxiway C
1202 21 3 twoway taxiway C
1202 4 36 twoway taxiway E
1202 5 4 twoway taxiway E
1202 6 5 twoway taxiway E
1202 7 6 twoway taxiway E
1202 8 7 twoway taxiway E
1202 9 8 twoway taxiway E
1204 departure 11,29
1204 arrival 11,29
1202 10 9 twoway taxiway E
1204 departure 11,29
1204 arrival 11,29
1202 12 10 twoway taxiway E
1204 departure 11,29
1204 arrival 11,29
1202 13 14 twoway taxiway F
1204 departure 11,29
1204 arrival 11,29
1202 14 11 twoway taxiway F
1202 13 12 twoway runway 11/29
1202 16 15 twoway taxiway 
1202 17 18 twoway taxiway H
1202 18 16 twoway taxiway H
1202 30 31 twoway taxiway H
1202 31 17 twoway taxiway H
1202 32 33 twoway taxiway D
1202 33 19 twoway taxiway D
1202 21 22 twoway taxiway 
1202 22 20 twoway taxiway 
1202 44 29 twoway taxiway B
1202 23 24 twoway taxiway Y
1204 departure 17,35
1204 arrival 17,35
1202 24 41 twoway taxiway Y
1204 departure 17,35
1204 arrival 17,35
1202 25 23 twoway taxiway Y
1204 departure 17,35
1204 arrival 17,35
1202 26 25 twoway taxiway Y
1204 ils 17
1202 27 26 twoway taxiway Y
1204 ils 17
1202 28 29 twoway taxiway Y
1202 29 30 twoway taxiway Y
1202 30 32 twoway taxiway Y
1202 32 34 twoway taxiway Y
1202 34 27 twoway taxiway Y
1202 35 36 twoway taxiway Y
1204 ils 35
1202 36 28 twoway taxiway Y
1204 ils 35
1202 37 35 twoway taxiway Y
1204 ils 35
1202 38 39 twoway taxiway Y
1204 departure 17,35
1204 arrival 17,35
1202 39 37 twoway taxiway Y
1204 departure 17,35
1204 arrival 17,35
1202 40 38 twoway taxiway Y
1204 departure 17,35
1204 arrival 17,35
1202 41 42 twoway runway 17/35
1202 42 43 twoway runway 17/35
1202 43 40 twoway runway 17/35
99
