I
1100 Generated by WorldEditor

1    556 1 0 ESMV Hagshult
100 15.00 1 0 0.25 0 0 0 03  57.43847300  014.12437400    0    0 0 0 0 0 21  57.44117500  014.12921200    0    0 0 0 0 0
100 15.00 1 0 0.25 0 0 0 05  57.27669505  014.11668500    0    0 2 0 0 0 23  57.28201964  014.12593862    0    0 1 0 0 0
100 20.00 1 0 0.25 0 0 0 17  57.33292200  014.11597100    0    0 2 0 0 0 35  57.32598000  014.11873400    0    0 2 0 0 0
100 20.00 1 0 0.25 0 0 0 04R  57.28453212  014.13035260    0    0 1 0 0 0 22L  57.28967557  014.13933000    0    0 1 0 0 0
100 40.00 1 0 0.25 0 3 0 04  57.28586000  014.12581895    0    0 2 0 0 0 22  57.29904481  014.14875536    0   35 2 3 0 0
110 1 0.00 0.0000 Taxi center-2
111  57.28778932  014.13137710
111  57.28774916  014.13144704
112  57.29012884  014.13557565  57.29022566  014.13574667
112  57.29042659  014.13627253  57.29047353  014.13642997
112  57.29305960  014.14508247  57.29308053  014.14515992
111  57.29302898  014.14516051
111  57.29339757  014.14578128
111  57.29312925  014.14499957
112  57.29047714  014.13622206  57.29042727  014.13605376
114  57.29017525  014.13549799  57.29007990  014.13532970
110 1 0.25 0.0000 Taxi center-1
111  57.29628960  014.14934484
111  57.29634250  014.14920201
111  57.29631027  014.14919407
112  57.29365508  014.14620908  57.29346327  014.14588320
111  57.29262796  014.14447740
112  57.28973842  014.13940188  57.28971357  014.13934933
111  57.28973369  014.13920516
111  57.28961939  014.13945642
111  57.29257004  014.14462849
112  57.29360093  014.14637011  57.29380218  014.14670181
113  57.29627895  014.14931413
110 1 0.00 0.0000 Taxi SW-5
111  57.27525635  014.11406821
112  57.27475898  014.11320148  57.27461024  014.11293276
112  57.27437361  014.11265916  57.27426292  014.11255679
112  57.27381564  014.11219200  57.27364318  014.11209586
112  57.27317294  014.11197510  57.27302222  014.11194626
112  57.27286895  014.11194697  57.27276500  014.11192293
112  57.27258720  014.11134357  57.27254562  014.11105516
111  57.27258720  014.11134357
112  57.27258720  014.11134357  57.27260279  014.11165600
111  57.27257978  014.11252294
112  57.27288417  014.11208115  57.27300371  014.11209557
111  57.27316919  014.11213067
111  57.27320262  014.11236765
111  57.27330289  014.11261494
111  57.27352419  014.11261057
112  57.27362041  014.11243978  57.27364876  014.11238734
112  57.27378753  014.11233674  57.27387967  014.11236733
112  57.27434918  014.11279077  57.27445640  014.11288034
112  57.27471360  014.11330099  57.27485196  014.11353771
111  57.27520458  014.11415608
111  57.27589685  014.11536836
111  57.27655749  014.11653134
111  57.27664873  014.11677793
111  57.27673960  014.11659640
111  57.27660250  014.11643359
113  57.27594706  014.11528686
110 1 0.25 0.0000 Taxi SW-4
111  57.28418772  014.12957929
111  57.28397846  014.12930054
111  57.28248272  014.12663275
111  57.28206334  014.12584962
111  57.28197143  014.12602671
111  57.28231522  014.12658150
111  57.28385376  014.12933574
111  57.28446900  014.13046628
113  57.28457781  014.13024172
110 1 0.25 0.0000 Taxi SW-3
112  57.28716112  014.12853360  57.28727546  014.12858121
111  57.28716112  014.12853360
112  57.28716112  014.12853360  57.28711824  014.12846484
111  57.28705249  014.12835906
112  57.28689813  014.12845426  57.28686382  014.12848071
112  57.28669068  014.12897596  57.28665924  014.12915579
112  57.28675643  014.12970587  57.28682504  014.12985397
111  57.28675643  014.12970587
112  57.28675643  014.12970587  57.28681360  014.12982752
111  57.28742744  014.13092909
111  57.28746460  014.13084975
112  57.28680712  014.12967024  57.28674995  014.12953801
112  57.28674995  014.12901437  57.28678139  014.12882924
114  57.28692718  014.12855949  57.28695005  014.12852247
110 1 0.25 0.0000 Taxi SW-2
111  57.28586314  014.12581207
112  57.28542511  014.12569300  57.28525934  014.12564530
112  57.28461831  014.12580220  57.28423283  014.12590721
111  57.28461831  014.12580220
112  57.28461831  014.12580220  57.28454099  014.12581412
111  57.28445057  014.12578909
112  57.28412506  014.12624286  57.28400264  014.12648128
111  57.28387319  014.12699424
112  57.28396300  014.12729768  57.28397589  014.12736523
112  57.28394738  014.12761015  57.28393664  014.12770949
111  57.28391419  014.12781786
112  57.28374042  014.12815020  57.28365236  014.12824160
112  57.28350887  014.12826494  57.28347021  014.12825301
111  57.28338763  014.12822905
111  57.28352826  014.12845110
111  57.28352948  014.12840849
112  57.28372026  014.12832443  57.28378469  014.12827674
111  57.28389949  014.12811498
112  57.28393151  014.12882741  57.28395723  014.12911302
112  57.28401277  014.12930395  57.28402134  014.12934097
111  57.28402212  014.12937218
111  57.28416048  014.12954037
112  57.28400826  014.12881480  57.28398540  014.12858209
111  57.28397181  014.12801608
111  57.28400640  014.12764373
112  57.28431656  014.12660392  57.28449665  014.12624427
111  57.28473738  014.12604343
112  57.28507278  014.12585699  57.28523560  014.12582171
112  57.28541862  014.12585204  57.28546556  014.12585475
112  57.28557986  014.12588569  57.28565027  014.12591826
113  57.28573504  014.12606065
110 1 0.00 0.0000 Taxi SW-1
111  57.28480920  014.13061118
112  57.28463953  014.12995153  57.28461531  014.12968915
112  57.28461558  014.12933322  57.28462250  014.12917963
111  57.28466959  014.12868788
112  57.28491063  014.12787176  57.28506282  014.12757098
112  57.28559549  014.12711148  57.28572693  014.12707308
112  57.28611675  014.12713260  57.28619222  014.12716169
111  57.28648392  014.12735433
111  57.28627466  014.12698652
112  57.28623756  014.12705691  57.28619639  014.12702835
112  57.28612436  014.12700235  57.28609669  014.12698955
111  57.28612436  014.12700235
112  57.28612436  014.12700235  57.28587878  014.12690635
111  57.28557647  014.12697773
112  57.28529491  014.12699181  57.28523957  014.12699181
111  57.28515413  014.12691437
112  57.28478126  014.12744938  57.28467058  014.12768617
111  57.28446927  014.12830118
111  57.28457961  014.12866020
112  57.28453270  014.12931390  57.28452578  014.12945469
111  57.28457581  014.12996253
112  57.28457581  014.13011740  57.28456889  014.13015579
113  57.28451493  014.13012444
110 2 0.00 0.0000 Taxi NW-2
111  57.33411203  014.11565023
111  57.33474872  014.11528823
111  57.34060980  014.11298313
112  57.34314268  014.11192317  57.34335538  014.11186687
112  57.34431393  014.11186751  57.34453169  014.11191443
112  57.34550623  014.11223604  57.34554674  014.11225481
111  57.34557285  014.11236154
111  57.34557285  014.11199300
112  57.34546571  014.11206776  57.34540494  014.11205838
112  57.34431456  014.11171004  57.34409680  014.11166312
112  57.34314047  014.11177398  57.34291764  014.11184906
111  57.34058179  014.11273934
111  57.33472754  014.11516137
111  57.33405538  014.11535754
111  57.33289807  014.11580919
113  57.33293523  014.11614283
110 1 0.25 0.0000 Taxi NW-1
111  57.29939519  014.14890851
112  57.29940106  014.14887864  57.29940934  014.14887098
112  57.29968481  014.14862696  57.29978169  014.14854879
112  57.30001861  014.14818845  57.30008154  014.14809343
111  57.31483072  014.12544715
112  57.31622457  014.12349620  57.31669762  014.12299785
112  57.31804280  014.12201611  57.31855264  014.12172019
111  57.32421783  014.11956476
111  57.32453389  014.11950434
111  57.32600022  014.11889460
111  57.32596391  014.11857574
111  57.32447322  014.11915480
111  57.32418588  014.11935454
112  57.31801777  014.12180993  57.31778948  014.12195085
112  57.31729847  014.12229104  57.31723379  014.12236150
112  57.31616166  014.12332405  57.31568046  014.12385260
111  57.31475225  014.12526595
112  57.29997775  014.14809920  57.29990737  014.14820802
112  57.29965866  014.14851157  57.29956095  014.14859587
111  57.29965866  014.14851157
112  57.29965866  014.14851157  57.29962802  014.14853916
112  57.29952560  014.14859389  57.29944363  014.14863680
113  57.29916898  014.14851650
110 1 0.25 0.0000 Taxi NE-3
111  57.29905174  014.14922667
111  57.29899480  014.14912079
111  57.29873193  014.14936112
113  57.29870931  014.14954037
110 2 0.00 0.0000 Taxi NE-2
112  57.29770961  014.14758571  57.29766960  014.14762026
112  57.29749867  014.14778721  57.29735281  014.14792997
112  57.29709619  014.14840846  57.29697727  014.14863514
112  57.29669716  014.14918491  57.29662439  014.14932617
111  57.29669716  014.14918491
112  57.29669716  014.14918491  57.29667941  014.14921776
112  57.29663232  014.14928130  57.29660570  014.14931744
111  57.29648960  014.14928982
111  57.29663692  014.14941496
111  57.29679062  014.14948641
112  57.29675202  014.14931539  57.29678574  014.14920041
112  57.29714780  014.14850075  57.29727559  014.14825765
112  57.29753200  014.14791315  57.29757879  014.14785939
112  57.29770961  014.14775612  57.29776028  014.14772650
111  57.29778787  014.14783281
111  57.29778489  014.14763054
113  57.29776946  014.14740678
110 1 0.25 0.0000 Taxi NE-1
111  57.29860009  014.14842868
112  57.29865579  014.14884107  57.29866416  014.14910443
112  57.29852210  014.14948027  57.29843421  014.14963519
112  57.29800403  014.15002669  57.29773617  014.15013513
112  57.29726314  014.15012979  57.29720873  014.15008331
111  57.29719629  014.15004731
112  57.29721301  014.14989266  57.29727578  014.14985393
112  57.29766980  014.14933594  57.29779954  014.14908032
111  57.29766980  014.14933594
112  57.29766980  014.14933594  57.29789999  014.14889441
111  57.29796504  014.14851116
112  57.29790376  014.14782040  57.29788284  014.14756478
111  57.29813216  014.14758579
111  57.29769488  014.14684610
112  57.29773107  014.14839775  57.29758877  014.14899420
112  57.29714616  014.14942872  57.29692015  014.14953717
112  57.29649440  014.14928439  57.29628461  014.14905993
111  57.29649440  014.14928439
112  57.29649440  014.14928439  57.29637874  014.14922318
111  57.29634399  014.14920191
111  57.29628829  014.14934625
111  57.29691352  014.15008330
112  57.29726028  014.15029469  57.29738166  014.15031793
111  57.29726028  014.15029469
112  57.29726028  014.15029469  57.29733562  014.15031018
112  57.29775892  014.15029474  57.29782170  014.15030249
111  57.29775892  014.15029474
112  57.29775892  014.15029474  57.29779241  014.15032573
112  57.29786477  014.15057311  57.29788988  014.15058860
112  57.29834384  014.15027412  57.29845266  014.15018117
112  57.29867250  014.14977926  57.29871436  014.14955462
112  57.29878949  014.14891324  57.29880204  014.14882028
113  57.29886748  014.14887200
110 1 0.25 0.0000 Main ramp
112  57.29019198  014.13249091  57.29026047  014.13235713
112  57.29045832  014.13199101  57.29050017  014.13192765
111  57.29058388  014.13192765
112  57.29093772  014.13190652  57.29100241  014.13191356
112  57.29107850  014.13175163  57.29110133  014.13169530
112  57.29155030  014.13078704  57.29158834  014.13070959
112  57.29159595  014.13058990  57.29159976  014.13049837
112  57.29158834  014.12996327  57.29158454  014.12991399
112  57.29160356  014.12982246  57.29161878  014.12978726
111  57.29175195  014.12955491
111  57.29158834  014.12925216
111  57.29153127  014.12894941
111  57.29141332  014.12877339
111  57.29121167  014.12875930
111  57.29112416  014.12870298
112  57.29108992  014.12852696  57.29108992  014.12846359
111  57.29112796  014.12842135
111  57.29092250  014.12847767
112  57.29099099  014.12857624  57.29099479  014.12863961
111  57.29100621  014.12866778
111  57.29105567  014.12878043
112  57.29137908  014.12932961  57.29141713  014.12938593
112  57.29139430  014.12955491  57.29136766  014.12960419
112  57.29130679  014.12961828  57.29127254  014.12961828
112  57.29107470  014.12964644  57.29105187  014.12964644
112  57.29094914  014.12970277  57.29091109  014.12975205
112  57.29040886  014.13078704  57.29039364  014.13082929
112  57.29037461  014.13108980  57.29037461  014.13123061
111  57.29038983  014.13167418
112  57.29035559  014.13185724  57.29032515  014.13192765
112  57.29010447  014.13235009  57.29001316  014.13251907
111  57.28985336  014.13233601
113  57.29019198  014.13290631
110 1 0.25 0.0000 Ramp-1
112  57.28794703  014.12990996  57.28789334  014.12981459
111  57.28794703  014.12990996
112  57.28794703  014.12990996  57.28802220  014.13009674
112  57.28795223  014.13037640  57.28791142  014.13044793
111  57.28768456  014.13088129
111  57.28746886  014.13084763
111  57.28721679  014.13130445
111  57.28753123  014.13185743
111  57.28779370  014.13136696
111  57.28780150  014.13100632
112  57.28805098  014.13052629  57.28811326  014.13042297
112  57.28829526  014.13051584  57.28837258  014.13059135
111  57.28829526  014.13051584
114  57.28829526  014.13051584  57.28824371  014.13041649
110 1 0.25 0.0000 Club area-2
112  57.28764293  014.12802420  57.28770951  014.12798843
111  57.28827650  014.12765063
111  57.28840537  014.12776986
111  57.28866953  014.12761089
111  57.28873592  014.12800649
111  57.28888001  014.12793677
111  57.28874256  014.12693530
111  57.28823578  014.12716069
111  57.28828883  014.12750802
111  57.28761788  014.12794517
112  57.28740762  014.12805883  57.28735393  014.12807870
111  57.28740762  014.12805883
112  57.28740762  014.12805883  57.28742695  014.12810254
112  57.28753520  014.12828177  57.28755238  014.12830561
111  57.28753520  014.12828177
114  57.28753520  014.12828177  57.28755023  014.12819037
110 1 0.25 0.0000 Club area-1
111  57.29206249  014.12756105
111  57.29192576  014.12752356
111  57.29130692  014.12760039
111  57.29131995  014.12780666
111  57.29091626  014.12839509
111  57.29092513  014.12847895
112  57.29113574  014.12843257  57.29130437  014.12838987
111  57.29113574  014.12843257
112  57.29113574  014.12843257  57.29151559  014.12829790
112  57.29251785  014.12818892  57.29263550  014.12819753
111  57.29251785  014.12818892
112  57.29251785  014.12818892  57.29254320  014.12819096
112  57.29255372  014.12833886  57.29255592  014.12840821
112  57.29252333  014.12852629  57.29249787  014.12860481
112  57.29215742  014.12903497  57.29211741  014.12903273
111  57.29153945  014.12900198
111  57.29159035  014.12925765
111  57.29164537  014.12936482
111  57.29237140  014.12942593
111  57.29237911  014.12904355
112  57.29225129  014.12903154  57.29217855  014.12902032
111  57.29225129  014.12903154
112  57.29225129  014.12903154  57.29229615  014.12897994
112  57.29260436  014.12849817  57.29266012  014.12836805
111  57.29260436  014.12849817
112  57.29260436  014.12849817  57.29261042  014.12846228
111  57.29261955  014.12837635
112  57.29259423  014.12825452  57.29258982  014.12821373
111  57.29260480  014.12816654
111  57.29267922  014.12816935
113  57.29267791  014.12805772
112  57.29222170  014.12807647  57.29221988  014.12817929
111  57.29222170  014.12807647
112  57.29222170  014.12807647  57.29218254  014.12807647
112  57.29139277  014.12823939  57.29136851  014.12824745
111  57.29139277  014.12823939
112  57.29139277  014.12823939  57.29136540  014.12823939
112  57.29134533  014.12818217  57.29134284  014.12816030
111  57.29133316  014.12798308
112  57.29216549  014.12784050  57.29219463  014.12783713
114  57.29221015  014.12789261  57.29221653  014.12791958
120 Linear Feature 32
111  57.28857678  014.12715522
112  57.28843453  014.12747786  57.28830637  014.12754404
112  57.28765537  014.12797196  57.28757788  014.12801608
112  57.28746342  014.12817202  57.28743063  014.12825474
116  57.28742118  014.12855304  57.28745993  014.12863576
120 Linear Feature 28
111  57.29923303  014.14873725 1
111  57.29901356  014.14917858 1
115  57.29871550  014.14944940
120 Linear Feature 26
111  57.29749552  014.14778286 1
115  57.29752803  014.14790824
120 Linear Feature 25
111  57.29792635  014.14809379 1
115  57.29779087  014.14805869
120 Linear Feature 24
111  57.29869048  014.14961442 1
115  57.29856810  014.14938637
120 Linear Feature 23
111  57.29667250  014.14966513 1
112  57.29669238  014.14930278  57.29677803  014.14908197
111  57.29669238  014.14930278
112  57.29669238  014.14930278  57.29659296  014.14946980 1
115  57.29642540  014.14939325
120 Linear Feature 22
111  57.29772181  014.14768634 1
112  57.29751227  014.14784771  57.29745109  014.14790432 1
112  57.29732720  014.14807984  57.29727367  014.14817043 1
111  57.29718866  014.14832896 1
115  57.29669922  014.14929145
120 Linear Feature 21
111  57.29782905  014.14742475 1
112  57.29772280  014.14768351  57.29761195  014.14771999
111  57.29772280  014.14768351
112  57.29772280  014.14768351  57.29784103  014.14764248 1
115  57.29785309  014.14780032
120 Linear Feature 20
111  57.29778070  014.14698996 1
112  57.29784616  014.14763609  57.29786361  014.14794300 1
112  57.29782871  014.14826607  57.29778943  014.14852452 1
112  57.29763233  014.14894451  57.29755815  014.14910604 1
112  57.29737923  014.14937257  57.29727886  014.14947756 1
112  57.29702140  014.14963909  57.29691667  014.14968755 1
116  57.29671157  014.14970371  57.29659811  014.14962294
120 Linear Feature 19
111  57.29871810  014.14861109 1
112  57.29871197  014.14898665  57.29869683  014.14918907 1
112  57.29856867  014.14951241  57.29850474  014.14964943 1
112  57.29827054  014.14993092  57.29817296  014.15003057 1
112  57.29789234  014.15015007  57.29774596  014.15017498 1
112  57.29753067  014.15021438  57.29734289  014.15021871 1
112  57.29697028  014.14999077  57.29674315  014.14974478 1
111  57.29631282  014.14926654 1
112  57.29373736  014.14644240  57.29361725  014.14628416 1
112  57.29319636  014.14558473  57.29308032  014.14538882 1
115  57.28966219  014.13937239
120 Linear Feature 18
111  57.28812091  014.13020962 1
115  57.28760066  014.13122741
120 Linear Feature 17
111  57.28784995  014.13056058 1
115  57.28794478  014.13071601
120 Linear Feature 16
111  57.28775934  014.12785685 1
115  57.28777311  014.12794741
120 Linear Feature 15
111  57.28462961  014.12909459 1
115  57.28455645  014.12906952
120 Linear Feature 14
111  57.28400572  014.12763779 1
115  57.28395162  014.12761110
120 Linear Feature 13
111  57.28580895  014.12695717 1
115  57.28580895  014.12708395
120 Linear Feature 12
111  57.28508766  014.12570937 1
115  57.28509848  014.12584283
120 Linear Feature 10
111  57.28637604  014.12717363 1
112  57.28603343  014.12703276  57.28594385  014.12700263 1
111  57.28581173  014.12701619 1
112  57.28554973  014.12706591  57.28545405  014.12710357 1
112  57.28528997  014.12724821  57.28521261  014.12731601 1
112  57.28506828  014.12749267  57.28498888  014.12759060 1
112  57.28487345  014.12781170  57.28480627  014.12795484 1
112  57.28471222  014.12826332  57.28467191  014.12844149 1
112  57.28461369  014.12881024  57.28458682  014.12901741 1
112  57.28457786  014.12948062  57.28457786  014.12963807 1
112  57.28460921  014.12996539  57.28462937  014.13015184 1
115  57.28467639  014.13038387
120 Linear Feature 9
111  57.28589032  014.12594727 1
112  57.28582752  014.12588916  57.28578721  014.12587673 1
112  57.28542261  014.12576984  57.28528825  014.12574912 1
112  57.28509678  014.12577915  57.28499153  014.12579987 1
112  57.28483477  014.12590592  57.28470713  014.12596807 1
112  57.28450299  014.12620975  57.28440894  014.12632990 1
112  57.28421306  014.12672110  57.28413774  014.12693203 1
112  57.28403152  014.12733774  57.28398470  014.12755243 1
112  57.28393939  014.12801954  57.28393329  014.12824554 1
112  57.28395294  014.12867628  57.28397126  014.12892488 1
116  57.28416229  014.12973420  57.28422570  014.12986442
120 Linear Feature 29
111  57.28451991  014.13036646 1
115  57.28200897  014.12594558
120 Linear Feature 31
111  57.29965938  014.14851075 1
115  57.29968799  014.14862286
120 Linear Feature 30
111  57.29924017  014.14872871 1
112  57.29966639  014.14857976  57.29976229  014.14848322 1
112  57.29991974  014.14826529  57.30002742  014.14810024 1
112  57.31533354  014.12454232  57.31553681  014.12424484 1
112  57.31604636  014.12358154  57.31621685  014.12338726 1
112  57.31671370  014.12290702  57.31698732  014.12264923 1
112  57.31755287  014.12223761  57.31778328  014.12205983 1
112  57.31849233  014.12169706  57.31888594  014.12154595 1
115  57.32597602  014.11873208
120 Linear Feature 2
112  57.29053393  014.13183699  57.29045556  014.13184401 1
111  57.29040500  014.13191418 1
116  57.29044924  014.13169431  57.29044671  014.13153291
120 Linear Feature 8
111  57.29137681  014.12958998 1
115  57.29158888  014.12995729
120 Linear Feature 7
111  57.29021988  014.13215526 1
115  57.29029021  014.13228540
120 Linear Feature 6
111  57.29096545  014.13082442 1
112  57.29079302  014.13055092  57.29074599  014.13046390 1
116  57.29061163  014.13050119  57.29056909  014.13056749
120 Linear Feature 5
111  57.29096769  014.13082027 1
112  57.29113788  014.13115179  57.29117595  014.13124295 1
116  57.29115579  014.13144600  57.29111996  014.13153303
120 Linear Feature 4
111  57.29130135  014.13015310 1
112  57.29112892  014.12983402  57.29108637  014.12975943 1
112  57.29096321  014.12981745  57.29091842  014.12989618 1
112  57.29047951  014.13075811  57.29043921  014.13083270 1
112  57.29043697  014.13103990  57.29043473  014.13116836 1
115  57.29044816  014.13169464
120 Linear Feature 3
111  57.29130359  014.13015725 1
112  57.29148274  014.13046804  57.29154096  014.13057578
111  57.29148274  014.13046804
112  57.29148274  014.13046804  57.29153648  014.13056749 1
112  57.29150737  014.13075397  57.29147154  014.13081613 1
112  57.29102591  014.13171950  57.29098112  014.13179409 1
112  57.29086244  014.13181895  57.29079078  014.13182724 1
115  57.29053102  014.13183553
120 Linear Feature 1
111  57.29003220  014.13264472 1
115  57.29040727  014.13191063
21  57.28707336  014.12721486 2 43.0300 3.0 04  PAPI-4L
21  57.29744367  014.14701631 2 223.0500 3.0 22  PAPI-4L
14  57.29174097  014.12773704  32.81 0 Tower Viewpoint
15  57.43984821  014.12681194 224.99 Skillingaryd range
1300  57.28853057  014.12724633 128.55 misc turboprops|props|helos Club area
1300  57.29128256  014.13100291 128.55 misc jets|turboprops|props|helos Main ramp
19  57.28745783  014.12752748 1 WS
19  57.29812801  014.14802786 1 WS
54 13625 TWR
55 13225 APP
99
