I
1100 Generated by WorldEditor 1.7.1r1

1    609 1 0 ESMX Vaxjo Kronoberg
1302 city Växjö
1302 country Sweden
1302 datum_lat 56.930277778
1302 datum_lon 14.728888889
1302 faa_code 
1302 iata_code VXO
1302 icao_code ESMX
1302 region_code ES
1302 state Kronoberge län
1302 transition_alt 5000
1302 transition_level 
1302 flatten 1
100 45.00 1 0 0.25 0 3 1 01  56.91991665  014.72408475    0   46 2 7 0 1 19  56.93831900  014.73188100    0   32 3 1 0 1
110 1 0.25 0.0000 Taxiway turnaround north
111  56.93835834  014.73153418
112  56.93838298  014.73148832  56.93839008  014.73142329
112  56.93848951  014.73066068  56.93852025  014.73040490
112  56.93841047  014.73006470  56.93834897  014.72992163
112  56.93811402  014.72978080  56.93799576  014.72972011
112  56.93710646  014.72934161  56.93705206  014.72931517
112  56.93683019  014.72923268  56.93674743  014.72923279
112  56.93663149  014.72941938  56.93655817  014.72951042
111  56.93663149  014.72941938
112  56.93663149  014.72941938  56.93657819  014.72949952
112  56.93598774  014.73030248  56.93578161  014.73058275
111  56.93598774  014.73030248
112  56.93598774  014.73030248  56.93591548  014.73040073
111  56.93582637  014.73045343
111  56.93619668  014.73061194
112  56.93614897  014.73044444  56.93615755  014.73039728
111  56.93622575  014.73027996
112  56.93674537  014.72966408  56.93678794  014.72960773
112  56.93701260  014.72962195  56.93713086  014.72965230
111  56.93701260  014.72962195
112  56.93701260  014.72962195  56.93742940  014.72973360
112  56.93813242  014.73011672  56.93835475  014.73028580
111  56.93813242  014.73011672
112  56.93813242  014.73011672  56.93826960  014.73021210
112  56.93831894  014.73064429  56.93830475  014.73080904
112  56.93822362  014.73129135  56.93821180  014.73136505
113  56.93813826  014.73142473
110 1 0.00 0.0000 New Taxiway 14
111  56.93752031  014.73191541
112  56.93768329  014.73222464  56.93770902  014.73227181
111  56.93775763  014.73227967
111  56.93825659  014.73248931
113  56.93830806  014.73224560
110 1 0.25 0.0000 Taxiways center & south
111  56.92562171  014.72686582 102
112  56.92572937  014.72728456  56.92571258  014.72755411
111  56.92572937  014.72728456
112  56.92572937  014.72728456  56.92572063  014.72742486 102
112  56.92561400  014.72842550  56.92556423  014.72887054
111  56.92561400  014.72842550
112  56.92561400  014.72842550  56.92556815  014.72883551
111  56.92552588  014.72920084
112  56.92535936  014.72956443  56.92529879  014.72963539
111  56.92518171  014.72965458
112  56.92312555  014.72875591  56.92206382  014.72829157
111  56.92312555  014.72875591
112  56.92312555  014.72875591  56.92195133  014.72824238 102
112  56.92061009  014.72765208  56.92052537  014.72761203
111  56.92061009  014.72765208
112  56.92061009  014.72765208  56.92044878  014.72757582 102
112  56.92011251  014.72707726  56.92001364  014.72687230 102
112  56.91993326  014.72632542  56.91989424  014.72602988 102
112  56.91993084  014.72548615  56.91996547  014.72514355 102
111  56.92005061  014.72473709 102
111  56.92017380  014.72460640
111  56.92076455  014.72405728 102
112  56.92057736  014.72366787  56.92040818  014.72352380 102
111  56.92013590  014.72344714 102
112  56.92002827  014.72349944  56.91998777  014.72356711 102
111  56.91995568  014.72370117
111  56.91987906  014.72437812 102
112  56.91974187  014.72544431  56.91970024  014.72574461 102
112  56.91974466  014.72647824  56.91978368  014.72673564 102
112  56.91992850  014.72724210  56.92005079  014.72756146 102
112  56.92053058  014.72798494  56.92068668  014.72805644 102
112  56.92290224  014.72900528  56.92302480  014.72905649 102
112  56.92309923  014.72947626  56.92307558  014.72966142
111  56.92302165  014.73011931
111  56.92287753  014.73007261
111  56.92280978  014.73047879
111  56.92319773  014.73059742
111  56.92322732  014.73050699
111  56.92374928  014.73073839
111  56.92362169  014.73143582
111  56.92589882  014.73240860
111  56.92596656  014.73185442
111  56.92648054  014.73208080
111  56.92660194  014.73115917
111  56.92611040  014.73084185
111  56.92620438  014.73009969
111  56.92582836  014.72993926
111  56.92569902  014.72954413
112  56.92583914  014.72851909  56.92591384  014.72799620
111  56.92583914  014.72851909
112  56.92583914  014.72851909  56.92591160  014.72801189 102
112  56.92603765  014.72735456  56.92607629  014.72724765
111  56.92603765  014.72735456
112  56.92603765  014.72735456  56.92611614  014.72713743 102
113  56.92634191  014.72717015
110 5 0.50 0.0000 Gravel area main
111  56.91995034  014.72367486
111  56.91958114  014.72351371
112  56.91950071  014.72354289  56.91948812  014.72358326
112  56.91941278  014.72422366  56.91941278  014.72426980
111  56.91946213  014.72433263
111  56.91977187  014.72447139
112  56.91981638  014.72462819  56.91980379  014.72477238
112  56.91971867  014.72541151  56.91968089  014.72571719
112  56.91971804  014.72656083  56.91976841  014.72688381
112  56.91992981  014.72738128  56.92003369  014.72764659
112  56.92051985  014.72805740  56.92069165  014.72814952
112  56.92294788  014.72915036  56.92307947  014.72923284
112  56.92306104  014.72963890  56.92305180  014.72980216
111  56.92300818  014.73009411
111  56.92285989  014.73005411
111  56.92283882  014.73014871
111  56.92239694  014.72993303
111  56.92231566  014.73029668
111  56.92262465  014.73039917
111  56.92279548  014.73087098
111  56.92319818  014.73059445
111  56.92322616  014.73050434
111  56.92652026  014.73187151
111  56.92661718  014.73123067
111  56.92611089  014.73092143
111  56.92622657  014.73007948
112  56.92586800  014.72991900  56.92580666  014.72987404
111  56.92586800  014.72991900
112  56.92586800  014.72991900  56.92579904  014.72987404
112  56.92571819  014.72954355  56.92566105  014.72937604
111  56.92571819  014.72954355
112  56.92571819  014.72954355  56.92574105  014.72939000
112  56.92604313  014.72742626  56.92607629  014.72729481
112  56.92632755  014.72721344  56.92640117  014.72725840
112  56.93749051  014.73195734  56.93759440  014.73201505
112  56.93765533  014.73228104  56.93768051  014.73230989
112  56.93787186  014.73238368  56.93792853  014.73240676
111  56.93823470  014.73252896
112  56.93827688  014.73243199  56.93828947  014.73237429
111  56.93827688  014.73243199
112  56.93827688  014.73243199  56.93830206  014.73229928
112  56.93854087  014.73236603  56.93872030  014.73238911
111  56.93854087  014.73236603
112  56.93854087  014.73236603  56.93855410  014.73224473
112  56.93859717  014.73188085  56.93861661  014.73171769
111  56.93859717  014.73188085
112  56.93859717  014.73188085  56.93859767  014.73187666
112  56.93959499  014.73212841  56.94010061  014.73224096
111  56.93959499  014.73212841
112  56.93959499  014.73212841  56.94012771  014.73224699
111  56.94067576  014.73233937
111  56.94068203  014.73230306
112  56.93960231  014.73207818  56.93907054  014.73195236
111  56.93960231  014.73207818
112  56.93960231  014.73207818  56.93909642  014.73195848
112  56.93860608  014.73180628  56.93860675  014.73180069
111  56.93860608  014.73180628
112  56.93860608  014.73180628  56.93861927  014.73169605
111  56.93862886  014.73161688
112  56.93839923  014.73139521  56.93840553  014.73126249
111  56.93839923  014.73139521
112  56.93839923  014.73139521  56.93834571  014.73136059
112  56.93823072  014.73126115  56.93818564  014.73123876
111  56.93823072  014.73126115
112  56.93823072  014.73126115  56.93820239  014.73136502
111  56.93802802  014.73134107
114  56.92074806  014.72402203  56.92070084  014.72399319
112  56.92560398  014.72691355  56.92570213  014.72696975
112  56.92570860  014.72730840  56.92569020  014.72746576
112  56.92550922  014.72920716  56.92549695  014.72928584
111  56.92550922  014.72920716
112  56.92550922  014.72920716  56.92541044  014.72953035
112  56.92517590  014.72962336  56.92512069  014.72960088
112  56.92062225  014.72759395  56.92047879  014.72752825
112  56.92017690  014.72712055  56.92005739  014.72690156
112  56.91998828  014.72653728  56.91995743  014.72632976
112  56.91994320  014.72565411  56.91998098  014.72529076
112  56.92006434  014.72485263  56.92008952  014.72473728
114  56.92026443  014.72464977  56.92031165  014.72466707
110 3 0.00 0.0000 New Taxiway 2
111  56.92494542  014.73215685
111  56.92487630  014.73269424
111  56.92520513  014.73283176
113  56.92528017  014.73234141
130 Airport Boundary 1
111  56.91330113  014.71787273
111  56.91643357  014.73062033
111  56.92336239  014.73395935
111  56.92367981  014.73765343
111  56.92590599  014.73843163
111  56.92629133  014.73526580
111  56.92986302  014.73421702
111  56.93939202  014.73823296
111  56.94037238  014.73664724
111  56.94161576  014.73077529
111  56.93857182  014.72540373
111  56.92396713  014.71805901
113  56.92270716  014.72075610
120 Linear Feature 7
111  56.93840815  014.73006215 54
115  56.93825418  014.73027674
120 Linear Feature 6
111  56.93686676  014.72960136 54
115  56.93683858  014.72923621
120 Linear Feature 26
111  56.92374697  014.72918759 51
112  56.92414887  014.72975779  56.92427447  014.73019354 51
115  56.92431757  014.73039960
120 Linear Feature 25
111  56.92435332  014.73044415 51
115  56.92430614  014.73042341
120 Linear Feature 24
111  56.92493075  014.72968429 51
112  56.92487372  014.72970803  56.92484799  014.72973947 51
115  56.92434188  014.73041271
120 Linear Feature 23
111  56.92484370  014.73062230 51
115  56.92487229  014.73069565
120 Linear Feature 22
111  56.92541455  014.72997665 51
112  56.92535123  014.73001453  56.92532979  014.73003811 51
115  56.92486657  014.73064588
120 Linear Feature 21
111  56.92563145  014.73005383 51
112  56.92561572  014.73037867  56.92554281  014.73048870 51
115  56.92529119  014.73086331
120 Linear Feature 20
111  56.92556553  014.72972201 51
112  56.92563145  014.73005383  56.92567720  014.73011670 51
112  56.92573868  014.73012718  56.92576298  014.73013766 51
111  56.92601604  014.73024769 51
112  56.92609181  014.73039439  56.92609753  014.73049132 51
112  56.92605464  014.73065113  56.92602604  014.73069304 51
115  56.92577442  014.73103623
120 Linear Feature 19
111  56.92529674  014.72637557 51
111  56.92566417  014.72653799 51
116  56.92588806  014.72718510  56.92582659  014.72770643
120 Linear Feature 18
111  56.92055044  014.72427475 51
111  56.92035601  014.72420199 51
112  56.92021468  014.72424924  56.92014677  014.72430599 51
112  56.91995614  014.72463559  56.91992159  014.72487570 51
111  56.91984534  014.72546287 51
112  56.91996958  014.72701170  56.92017592  014.72753963 51
112  56.92057436  014.72784596  56.92083761  014.72796328 51
111  56.92374697  014.72918759 51
111  56.92493075  014.72968429 51
112  56.92505599  014.72975659  56.92511775  014.72981003 51
111  56.92532534  014.72996407 51
112  56.92541455  014.72997665  56.92544372  014.72997036 51
112  56.92556553  014.72972201  56.92558268  014.72957112 51
111  56.92588806  014.72718510 51
112  56.92628437  014.72680157  56.92658117  014.72693046 51
115  56.92687331  014.72705222
120 Linear Feature 16
111  56.93748808  014.73151748 51
111  56.93799938  014.73172647 51
112  56.93832192  014.73136798  56.93838197  014.73090885 51
111  56.93842314  014.73060696 51
112  56.93838540  014.73024218  56.93832021  014.73009752 51
112  56.93820869  014.72996230  56.93813149  014.72992142 51
111  56.93699403  014.72942457 51
112  56.93669895  014.72951577  56.93655826  014.72969816 51
111  56.93590461  014.73059436 51
112  56.93563012  014.73071700  56.93550316  014.73066040 51
115  56.93509656  014.73050317
120 Linear Feature 5
111  56.92543724  014.72942814 54
115  56.92569839  014.72954018
120 Linear Feature 4
111  56.91974237  014.72544663 54
115  56.91992809  014.72550945
21  56.92301814  014.72449758 2 13.0300 3.00 01  PAPI-4L
21  56.93544137  014.73153331 2 193.0400 2.86 19  PAPI-4L
20  56.92083512  014.72496913 194.0400 0 2 {@Y,^l}A
20  56.92502683  014.72674572 12.0300 0 2 {@Y}B{^r}
20  56.92676392  014.72755570 194.6000 0 2 {@Y,^l}B
20  56.93748360  014.73093746 13.8700 0 2 {@Y,^l}C
20  56.93518286  014.72995338 13.8700 0 2 {@Y,^l}C
20  56.91999553  014.72555219 281.7700 0 2 {@R}01{@L}A{@@}A
20  56.91967300  014.72541704 281.7100 0 2 {@L}A{@R}01{@@,@L}A
20  56.93818096  014.73039367 45.3700 0 2 {@R}19{@L}C
20  56.93850340  014.72993579 37.3000 0 2 {@R}19|CAT{r1,@L}C{@R}19
20  56.93682540  014.72907401 172.8800 0 2 {@R}19{@L}C{@R}19|CAT{r1}
20  56.93688766  014.72979672 170.2500 0 2 {@L}C{@R}19
20  56.92269607  014.72909347 192.7100 0 2 {@L}A
20  56.92278357  014.72840819 192.9200 0 2 {@L}A
20  56.92586006  014.72961247 282.0300 0 2 {@R}01-19{@L}B
20  56.92532650  014.72937984 280.5400 0 2 {@L}B{@R}01-19
14  56.92528308  014.73160300  65.62 0 Tower viewpoint
1300  56.92528132  014.73087982 -218.77 gate heavy|jets|turboprops|props Stand 16
1301 C airline 
1300  56.92485672  014.73066210 -215.79 gate heavy|jets|turboprops|props Stand 14
1301 C airline 
1300  56.92352189  014.73035075 101.37 tie_down jets|turboprops|props|helos Apron 8 Cargo
1301 D cargo 
19  56.92012800  014.72264100 1 WS
19  56.93816400  014.73334700 1 WS
54 11815 TWR
1000 non  ILS RWY 19 Wind from S
1001 ESMX 283 103 80
1002 ESMX 1000
1003 ESMX 2.0
1101 19 left
1100 19  13300 arrivals|departures heavy|jets|turboprops|props|helos 000000 000000 Arr,Dep Rwy 19
1000 ILS RWY 19 Wind from S
1001 ESMX 283 103 80
1002 ESMX 1000
1003 ESMX 0.5
1101 19 left
1100 19  13300 arrivals|departures heavy|jets|turboprops|props|helos 000000 000000 Arr,Dep Rwy 19
1000 RWY 1 Wind from N
1001 ESMX 103 283 80
1002 ESMX 1000
1003 ESMX 1.0
1101 01 left
1100 01  13300 arrivals|departures heavy|jets|turboprops|props|helos 000000 000000 Arr,Dep Rwy 01
1000 catchall 19
1001 ESMX 102 284 200
1002 ESMX 0
1003 ESMX 0.0
1101 19 left
1100 19  13300 arrivals|departures heavy|jets|turboprops|props|helos 000000 000000 Arr,Dep Rwy 19
1000 catchall 1
1001 ESMX 102 284 200
1002 ESMX 0
1003 ESMX 0.0
1101 01 left
1100 01  13300 arrivals|departures heavy|jets|turboprops|props|helos 000000 000000 Arr,Dep Rwy 01
1200 
1201  56.92353809  014.72909966 both 0 _stop
1201  56.92386512  014.72922806 both 1 _stop
1201  56.92490294  014.72966218 both 2 _stop
1201  56.92599081  014.73023083 both 3 _start
1201  56.93831830  014.73188062 both 4 N_stop
1201  56.91993996  014.72409242 both 5 N_start
1201  56.92005027  014.72413736 both 6 N_start
1201  56.92596529  014.72663280 both 7 N_start
1201  56.92558856  014.72951681 both 8 N_start
1201  56.93574710  014.73077983 both 9 N_start
1201  56.93823133  014.73184178 both 10 N_start
1201  56.91983768  014.72549654 both 11 A_stop
1201  56.91982479  014.72616664 both 12 A_stop
1201  56.91994492  014.72694428 both 13 A_stop
1201  56.92036539  014.72767056 both 14 A_stop
1201  56.92322856  014.72896915 both 15 A_start
1201  56.93843294  014.73052502 both 16 C_stop
1201  56.93834488  014.73012574 both 17 C_stop
1201  56.93822206  014.72996008 both 18 C_stop
1201  56.93685481  014.72936967 both 19 C_stop
1201  56.92553117  014.72997675 both 20 B_stop
1201  56.92649948  014.73193578 both 21 _stop
1201  56.92651133  014.73220720 both 22 _stop
1201  56.92613688  014.73240262 both 23 _stop
1201  56.92594137  014.73235268 both 24 _stop
1201  56.92588038  014.73226920 both 25 _stop
1201  56.92598754  014.73146122 both 26 _stop
1201  56.92363183  014.73036664 both 27 _start
1202 0 15 twoway taxiway_D 
1202 1 0 twoway taxiway_D 
1202 2 1 twoway taxiway_D 
1202 20 2 twoway taxiway_D 
1202 3 20 twoway taxiway_D 
1202 5 6 twoway runway 01/19
1204 departure 01,19
1204 arrival 01,19
1204 ils 01,19
1202 6 7 twoway runway 01/19
1204 departure 01,19
1204 arrival 01,19
1204 ils 01,19
1202 7 9 twoway runway 01/19
1204 departure 01,19
1204 arrival 01,19
1204 ils 01,19
1202 9 10 twoway runway 01/19
1204 departure 01,19
1204 arrival 01,19
1204 ils 01,19
1202 10 4 twoway runway 01/19
1204 departure 01,19
1204 arrival 01,19
1204 ils 01,19
1202 11 6 twoway taxiway_D A
1204 departure 01,19
1204 arrival 01,19
1202 12 11 twoway taxiway_D A
1202 13 12 twoway taxiway_D A
1202 14 13 twoway taxiway_D A
1202 15 14 twoway taxiway_D A
1202 16 10 twoway taxiway_D C
1204 departure 01,19
1204 arrival 01,19
1202 17 16 twoway taxiway_D C
1204 departure 01,19
1204 arrival 01,19
1202 18 17 twoway taxiway_D C
1202 19 18 twoway taxiway_D C
1202 9 19 twoway taxiway_D C
1204 departure 01,19
1204 arrival 01,19
1202 7 8 twoway taxiway_D B
1204 departure 01,19
1204 arrival 01,19
1202 8 20 twoway taxiway_D B
1206 21 25 oneway  
1206 22 21 oneway  
1206 23 22 oneway  
1206 24 23 oneway  
1206 25 24 oneway  
1206 26 25 twoway  
1206 27 26 twoway  
1400  56.92475003  14.73069056  193.80 pushback 0 New Service Truck 128
1400  56.92422507  14.73041442  80.96 gpu 0 New Service Truck 127
1400  56.92585717  14.73244599  284.34 food 0 New Service Truck 126
1400  56.92602498  14.73228230  166.76 fuel_props 0 New Service Truck 123
1400  56.92628534  14.73225142  344.54 fuel_liners 0 New Service Truck 122
1400  56.92572481  14.73116917 -165.33 fuel_jets 0 New Service Truck 121
1400  56.92551100  14.73137055  20.56 crew_car 0 New Service Truck 120
1400  56.92455350  14.73085239  14.04 crew_car 0 New Service Truck 119
1400  56.92412681  14.73033503  28.18 baggage_train 5 New Service Truck 118
1400  56.92463871  14.73032002  108.06 baggage_loader 0 New Service Truck 117
1401  56.92584591  14.73152808  15.25 fuel_jets|fuel_liners|fuel_props New Service Truck Destination 132
1401  56.92570872  14.73146055  21.80 fuel_jets|fuel_liners|fuel_props New Service Truck Destination 131
1401  56.92369386  14.73052634  14.04 fuel_jets|fuel_liners|fuel_props New Service Truck Destination 130
1401  56.92392594  14.73029051  190.95 baggage_loader|baggage_train|crew_car|crew_ferrari|crew_limo|fuel_jets|fuel_liners|fuel_props|food|gpu|pushback New Service Truck Destination 129
99
