A
1000 Generated by WorldEditor

1    669 0 0 ESNF [X] Färila airbase
100 20.00 1 0 0.00 0 0 0 10  61.92488189  015.66230702  130    0 1 0 0 0 28  61.92298422  015.68225082  175    0 1 0 0 0
100 25.00 1 0 0.00 0 0 0 12  61.90246709  015.68882682    0  150 2 0 0 0 30  61.89304803  015.72293862    0   35 2 0 0 0
100 25.00 1 0 0.00 0 0 0 09  61.88920054  015.74789838   85   50 2 0 0 0 27  61.88788214  015.76589232   85  100 2 0 0 0
100 30.00 1 0 0.00 0 0 1 16  61.87016635  015.77643982   85   25 2 0 0 0 34  61.86083510  015.78036370  175    0 1 0 0 0
110 1 0.25 0.0000 Road N
111  61.92522234  015.65885884
111  61.92541579  015.65740562
111  61.92563020  015.65638704
111  61.92625123  015.65447050
111  61.92729111  015.65258786
111  61.92892301  015.65006785
111  61.92944296  015.64974521
111  61.92962936  015.64989421
111  61.92971465  015.64952918
111  61.92945299  015.64959568
111  61.92888756  015.64996119
111  61.92724391  015.65249723
111  61.92621174  015.65436959
111  61.92557189  015.65630380
111  61.92536634  015.65733597
111  61.92516702  015.65883130
111  61.92506604  015.65983531
111  61.92499607  015.66076713
111  61.92480436  015.66229145
111  61.92290246  015.68219812
111  61.92281392  015.68381765
111  61.92274009  015.68452726
111  61.92254172  015.68621959
111  61.92240015  015.68708568
111  61.92220196  015.68796380
111  61.92198753  015.68871814
111  61.92165395  015.68963835
111  61.92146165  015.69010246
111  61.92122979  015.69057145
111  61.92083481  015.69123303
111  61.92043703  015.69176230
111  61.92005888  015.69219657
111  61.91960077  015.69256300
111  61.91903045  015.69286645
111  61.91811656  015.69315623
111  61.91734129  015.69328014
111  61.91574609  015.69320677
111  61.91379647  015.69245986
111  61.91232761  015.69113844
111  61.90923745  015.68801577
111  61.90645864  015.68529123
111  61.90589754  015.68485747
111  61.90578566  015.68478960
111  61.90564183  015.68464707
111  61.90568977  015.68495249
111  61.90575690  015.68489141
111  61.90589434  015.68495249
111  61.90645118  015.68538285
111  61.90922001  015.68814406
111  61.91229505  015.69125602
111  61.91378098  015.69256724
111  61.91574425  015.69332062
111  61.91734861  015.69340206
111  61.91810230  015.69329000
111  61.91904457  015.69297840
111  61.91961700  015.69266358
111  61.92008852  015.69229242
111  61.92046872  015.69185730
111  61.92087131  015.69132127
111  61.92122468  015.69070546
111  61.92150964  015.69017062
111  61.92169650  015.68971497
111  61.92203136  015.68878482
111  61.92224956  015.68798561
111  61.92244612  015.68712066
111  61.92259587  015.68619607
111  61.92277976  015.68453350
111  61.92285235  015.68383857
111  61.92306731  015.68228789
111  61.92496112  015.66234390
111  61.92504533  015.66080401
113  61.92512970  015.65986398
110 1 0.25 0.0000 Taxisystem 12/30
111  61.90564039  015.68464787
111  61.90540059  015.68438601
111  61.90522244  015.68426963
111  61.90503745  015.68432783
111  61.90490041  015.68466242
111  61.90483875  015.68480789
111  61.90455783  015.68495337
111  61.90411932  015.68530250
111  61.90359174  015.68585531
111  61.90320120  015.68640811
111  61.90239955  015.68870660
111  61.90257084  015.68889572
111  61.90263936  015.68873570
111  61.90285962  015.68866439
111  61.90303575  015.68865763
111  61.90329027  015.68888117
111  61.90342045  015.68930305
111  61.90348897  015.68984130
111  61.90348211  015.69016134
111  61.90342045  015.69042320
111  61.89687680  015.71401606
111  61.89669493  015.71396628
111  61.89639055  015.71348328
111  61.89619246  015.71370999
111  61.89592436  015.71336576
111  61.89587183  015.71316847
111  61.89574518  015.71363141
111  61.89585863  015.71366223
111  61.89612642  015.71398374
111  61.89618280  015.71419640
111  61.89652121  015.71464945
111  61.89665767  015.71417054
111  61.89683108  015.71420666
111  61.89471217  015.72182056
111  61.89459158  015.72217250
111  61.89437301  015.72241246
111  61.89405646  015.72239646
111  61.89389065  015.72223649
111  61.89376252  015.72210851
111  61.89366454  015.72180456
111  61.89360425  015.72130864
111  61.89291840  015.72353228
111  61.89297115  015.72369226
111  61.89286852  015.72514050
111  61.89279315  015.72634756
111  61.89272463  015.72793273
111  61.89274983  015.73050700
111  61.89283368  015.73200088
111  61.89291465  015.73360053
111  61.89291465  015.73438052
111  61.89282745  015.73526628
111  61.89267796  015.73613881
111  61.89269041  015.73677338
111  61.89254715  015.73702457
111  61.89254715  015.73783100
111  61.89294580  015.73779134
111  61.89295825  015.73709067
111  61.89288974  015.73683949
111  61.89292711  015.73558356
111  61.89300186  015.73500187
111  61.89304546  015.73406324
111  61.89300808  015.73313782
111  61.89293637  015.73195809
111  61.89285607  015.73049626
111  61.89285236  015.72985921
111  61.89288736  015.72958301
111  61.89310219  015.72913243
111  61.89356081  015.72860600
111  61.89389307  015.72819876
111  61.89415514  015.72771206
111  61.89445465  015.72693730
111  61.89466524  015.72607316
111  61.89479104  015.72508377
111  61.89482380  015.72436862
111  61.89479104  015.72336541
111  61.89471944  015.72222811
111  61.89477232  015.72201455
111  61.90353301  015.69046416
111  61.90367329  015.69021986
111  61.90396866  015.68995750
111  61.90431580  015.68963174
111  61.90460922  015.68929293
111  61.90486661  015.68891040
111  61.90513430  015.68833114
111  61.90518315  015.68818276
111  61.90534509  015.68803552
111  61.90553796  015.68814888
111  61.90577654  015.68812898
111  61.90584073  015.68843944
111  61.90629254  015.68803535
111  61.90620259  015.68763374
111  61.90576100  015.68799881
111  61.90553928  015.68802121
111  61.90537667  015.68787634
111  61.90533947  015.68770798
111  61.90541524  015.68747785
111  61.90561873  015.68640577
111  61.90568656  015.68547771
113  61.90569661  015.68496020
111  61.90561574  015.68499753
111  61.90560871  015.68546039
111  61.90554190  015.68636370
111  61.90534149  015.68742380
111  61.90527820  015.68746113
111  61.90522546  015.68730435
111  61.90506724  015.68675937
111  61.90475432  015.68656527
111  61.90458444  015.68671710
111  61.90444491  015.68672205
111  61.90410034  015.68666979
111  61.90366788  015.68681163
111  61.90339826  015.68699827
111  61.90317262  015.68726256
111  61.90294710  015.68752085
111  61.90305609  015.68713265
111  61.90333737  015.68655781
111  61.90352724  015.68628905
111  61.90415308  015.68549771
111  61.90449126  015.68552854
111  61.90477014  015.68546263
111  61.90490199  015.68496020
111  61.90504615  015.68486315
111  61.90508482  015.68491541
111  61.90532391  015.68485569
111  61.90544697  015.68469145
113  61.90556651  015.68474370
111  61.90387641  015.68985270
111  61.90371710  015.68991726
111  61.90360107  015.68978288
111  61.90354833  015.68951412
111  61.90346746  015.68908859
111  61.90330221  015.68870786
111  61.90304203  015.68848389
111  61.90287408  015.68849169
111  61.90272901  015.68852150
111  61.90269625  015.68841220
111  61.90282260  015.68794519
111  61.90293492  015.68778621
111  61.90320166  015.68745832
111  61.90343566  015.68718010
111  61.90367900  015.68700125
111  61.90392703  015.68698137
111  61.90410487  015.68730927
111  61.90434354  015.68726953
111  61.90458220  015.68692176
111  61.90474132  015.68682239
111  61.90471324  015.68717016
111  61.90490043  015.68726953
111  61.90508762  015.68714036
111  61.90523737  015.68765704
111  61.90504082  015.68821347
111  61.90476472  015.68879971
111  61.90455881  015.68912761
113  61.90426866  015.68946544
111  61.90539181  015.68464635
111  61.90493787  015.68479539
111  61.90505018  015.68453705
113  61.90524673  015.68445756
111  61.90479279  015.68503386
111  61.90473664  015.68531339
111  61.90448393  015.68537170
113  61.90432482  015.68536176
111  61.90398319  015.68690188
111  61.90445117  015.68691182
111  61.90432014  015.68710061
113  61.90412358  015.68711055
111  61.90502678  015.68703106
111  61.90490979  015.68708074
111  61.90479747  015.68701118
111  61.90480215  015.68682239
113  61.90500339  015.68693169
111  61.89471748  015.72338247
111  61.89475351  015.72436582
111  61.89471748  015.72505416
111  61.89458363  015.72601566
111  61.89441891  015.72668215
111  61.89429536  015.72666030
111  61.89379603  015.72576436
111  61.89382176  015.72510880
111  61.89369822  015.72462805
111  61.89345627  015.72433304
111  61.89339450  015.72379766
111  61.89337391  015.72300006
111  61.89342539  015.72201671
111  61.89350775  015.72173264
111  61.89355408  015.72169986
111  61.89359012  015.72184190
111  61.89370851  015.72219153
111  61.89384750  015.72239913
111  61.89404312  015.72257394
111  61.89439831  015.72257394
113  61.89465056  015.72235542
111  61.89326923  015.72257114
111  61.89325647  015.72301360
111  61.89327774  015.72381726
111  61.89333305  015.72437711
111  61.89346068  015.72519883
111  61.89364787  015.72576771
111  61.89375423  015.72598443
111  61.89377124  015.72631853
111  61.89397545  015.72666167
111  61.89409883  015.72660749
111  61.89424348  015.72679712
111  61.89429028  015.72694159
111  61.89427751  015.72714928
111  61.89408181  015.72755563
111  61.89381804  015.72806130
111  61.89353300  015.72840443
111  61.89343941  015.72842250
111  61.89336708  015.72831414
111  61.89336708  015.72808839
111  61.89327349  015.72752854
111  61.89320967  015.72734794
111  61.89332028  015.72674294
111  61.89329901  015.72628241
111  61.89320541  015.72588510
111  61.89314160  015.72590316
111  61.89302673  015.72547876
111  61.89302248  015.72479249
111  61.89304800  015.72403397
113  61.89312458  015.72306778
111  61.89294590  015.72596637
111  61.89308204  015.72730279
111  61.89297568  015.72770913
111  61.89306928  015.72830511
111  61.89320541  015.72848570
111  61.89324370  015.72859406
111  61.89322669  015.72871145
111  61.89300546  015.72905459
111  61.89291612  015.72908168
111  61.89285656  015.72896429
111  61.89284805  015.72827802
111  61.89286507  015.72714025
113  61.89291612  015.72605667
111  61.89366914  015.72481055
112  61.89375423  015.72521689  61.89375848  015.72524398
111  61.89374997  015.72554196
111  61.89360958  015.72508144
113  61.89348195  015.72451256
111  61.89380953  015.72599346
111  61.89402651  015.72638174
111  61.89403927  015.72648107
111  61.89396269  015.72651719
113  61.89382655  015.72627339
111  61.89320967  015.72630047
111  61.89324370  015.72683324
111  61.89317563  015.72716734
113  61.89303949  015.72574965
111  61.89313309  015.72736600
111  61.89331177  015.72842250
111  61.89311607  015.72819675
113  61.89304800  015.72771817
110 1 0.25 0.0000 Road S
111  61.88956680  015.74360715
111  61.88961251  015.74323406
111  61.88966877  015.74282366
111  61.88981292  015.74203271
111  61.88996060  015.74134622
111  61.89012936  015.74072689
111  61.89029110  015.74023441
111  61.89050557  015.73974193
111  61.89069544  015.73931661
111  61.89058644  015.73943600
111  61.89042119  015.73977924
111  61.89015749  015.74045080
111  61.88999576  015.74098806
111  61.88983402  015.74162977
111  61.88970393  015.74227149
111  61.88962324  015.74281696
111  61.88958807  015.74257073
111  61.88947908  015.74224242
111  61.88932789  015.74205588
111  61.88920835  015.74199618
111  61.88900442  015.74199618
111  61.88893410  015.74213795
111  61.88914858  015.74208572
111  61.88932438  015.74216780
111  61.88946501  015.74239165
111  61.88955292  015.74268265
111  61.88957753  015.74311542
111  61.88953533  015.74342135
111  61.88946501  015.74424213
111  61.88937995  015.74532100
111  61.88909917  015.74787327
111  61.88779279  015.76579419
111  61.88773596  015.76777292
111  61.88759047  015.76980917
111  61.88744252  015.77116299
111  61.88701230  015.77374469
111  61.88637386  015.77576819
111  61.88532712  015.77810571
111  61.88417620  015.77948348
111  61.88251605  015.78083469
111  61.88075298  015.78150213
111  61.87975789  015.78236160
111  61.87839006  015.78373516
111  61.87831873  015.78365787
112  61.87824419  015.77956918  61.87827697  015.77874528
112  61.87927097  015.77575542  61.87947141  015.77471301
111  61.87998297  015.76889037
111  61.87991215  015.76904216
112  61.87921195  015.77570596  61.87899873  015.77678869
112  61.87818965  015.77954467  61.87815324  015.78036857
111  61.87826379  015.78368602
111  61.87821173  015.78391129
111  61.87750638  015.78464013
111  61.87719701  015.78510357
111  61.87641527  015.78601796
111  61.87585138  015.78658236
111  61.87535244  015.78693397
111  61.87491190  015.78714775
111  61.87453061  015.78725441
111  61.87422761  015.78730372
111  61.87349453  015.78725441
111  61.87249153  015.78715900
111  61.87164950  015.78724609
111  61.86965326  015.78787949
111  61.86739878  015.78865797
111  61.86648179  015.78892231
111  61.86541743  015.78872512
111  61.86450573  015.78843465
111  61.86303043  015.78850462
111  61.85708105  015.78751089
111  61.85628580  015.78712493
111  61.85591653  015.78644806
111  61.85556085  015.78542319
111  61.85546541  015.78363534
111  61.85533571  015.78298863
111  61.85528549  015.78308289
111  61.85541171  015.78366802
111  61.85550495  015.78547245
111  61.85587297  015.78655194
111  61.85625010  015.78725301
111  61.85706498  015.78766118
111  61.86300920  015.78864194
111  61.86450454  015.78858182
111  61.86540768  015.78885535
111  61.86648682  015.78904107
111  61.86742181  015.78878702
111  61.86966494  015.78799431
111  61.87051947  015.78765458
111  61.87165439  015.78734316
111  61.87249442  015.78726419
111  61.87348085  015.78734737
111  61.87423018  015.78741978
111  61.87455154  015.78733608
111  61.87492206  015.78723958
111  61.87536770  015.78701653
111  61.87586709  015.78666452
111  61.87643251  015.78607874
111  61.87721679  015.78517965
111  61.87752699  015.78473533
111  61.87977413  015.78242988
111  61.88076401  015.78158870
111  61.88252194  015.78091869
111  61.88418991  015.77953894
111  61.88535527  015.77816168
111  61.88640511  015.77581225
111  61.88704672  015.77378217
111  61.88748365  015.77118614
111  61.88763087  015.76982830
111  61.88778319  015.76779436
111  61.88797902  015.76590742
111  61.88929784  015.74791368
113  61.88943356  015.74534140
99
