A
1000 Generated by WorldEditor

1    784 0 0 ESNI [X] Kubbe airbase
100 20.00 1 0 0.25 0 0 0 11  63.66377164  017.86476238   75    0 2 0 0 0 29  63.65986031  017.88244834   60    0 2 0 0 0
100 20.00 1 0 0.25 0 0 0 12  63.66117585  017.92644418  100    0 2 9 0 0 30  63.65605426  017.94404388  100    0 2 9 0 0
100 20.00 1 0 0.25 0 0 0 05  63.63308726  017.95227240  180    0 2 0 0 0 23  63.63897286  017.97100169  115    0 2 0 0 0
100 30.00 1 0 0.25 0 0 0 15  63.64095868  017.92834664    0  180 1 0 0 0 33  63.62527732  017.94324125  200  260 1 0 0 0
110 1 0.25 0.0000 Taxi NW
111  63.66415350  017.86323453
111  63.66487612  017.86001543
111  63.66502773  017.85941192
111  63.66527667  017.85847455
111  63.66539292  017.85844851
111  63.66558950  017.85871739
111  63.66563061  017.85885363
111  63.66569286  017.85859432
111  63.66562092  017.85860372
111  63.66542008  017.85830373
111  63.66537084  017.85811996
111  63.66662589  017.85339407
111  63.66656935  017.85461157
111  63.66331529  017.86945412
111  63.66323729  017.87146961
111  63.66305718  017.87248874
111  63.66282571  017.87315477
111  63.66263922  017.87351129
111  63.66207330  017.87290367
111  63.66204312  017.87304138
111  63.66263193  017.87366692
111  63.66286320  017.87320976
111  63.66309739  017.87253715
111  63.66328967  017.87149602
111  63.66337764  017.86949746
111  63.66663416  017.85464524
111  63.66669508  017.85313353
111  63.66760775  017.84965289
111  63.66784271  017.84997355
111  63.66797298  017.84949276
111  63.66774248  017.84913909
111  63.66789210  017.84866478
111  63.66808454  017.84821567
111  63.66831363  017.84777998
111  63.66845314  017.84756954
111  63.67076156  017.84492882
111  63.67094393  017.84478949
111  63.67119561  017.84473220
111  63.67179175  017.84468404
111  63.67209875  017.84451162
111  63.67214147  017.84446252
111  63.67228197  017.84512094
111  63.67246804  017.84489701
111  63.67232589  017.84423375
111  63.67244391  017.84404576
111  63.67327226  017.84262917
111  63.67358710  017.84214346
111  63.67387710  017.84171115
111  63.67403020  017.84206984
111  63.67418892  017.84174477
111  63.67406467  017.84139905
111  63.67412512  017.84127860
111  63.67419771  017.84104084
111  63.67426444  017.84079426
111  63.67436511  017.84034998
111  63.67453512  017.83949135
111  63.67466762  017.83900119
111  63.67483947  017.83864291
111  63.67495664  017.83898907
111  63.67508783  017.83875526
111  63.67496264  017.83839144
111  63.67521649  017.83798186
111  63.67532069  017.83829078
111  63.67539412  017.83820762
111  63.67527983  017.83789493
111  63.67562842  017.83734220
111  63.67571143  017.83761886
111  63.67577123  017.83750827
111  63.67568720  017.83725229
111  63.67596112  017.83683334
111  63.67610992  017.83727094
111  63.67626860  017.83700330
111  63.67612413  017.83658401
111  63.67619537  017.83647505
111  63.67617649  017.83637854
111  63.67497697  017.83823230
111  63.67480785  017.83853585
111  63.67463078  017.83894499
111  63.67450107  017.83944317
111  63.67433524  017.84028900
111  63.67422556  017.84075963
111  63.67409719  017.84120071
111  63.67396803  017.84146619
111  63.67357261  017.84203442
111  63.67324879  017.84252541
111  63.67242023  017.84395896
111  63.67226396  017.84419771
111  63.67207173  017.84442287
111  63.67178490  017.84458328
111  63.67119352  017.84461511
111  63.67092914  017.84469151
111  63.67073092  017.84480475
111  63.66996342  017.84570083
111  63.66978841  017.84491710
111  63.66956625  017.84512150
111  63.66975233  017.84593996
111  63.66842092  017.84748445
111  63.66828717  017.84767405
111  63.66804370  017.84812434
111  63.66786267  017.84854649
111  63.66770308  017.84906794
111  63.66739028  017.85024652
111  63.66725349  017.85006493
111  63.66712135  017.85056457
111  63.66725079  017.85077211
111  63.66703992  017.85156660
111  63.66688082  017.85132816
111  63.66680240  017.85164496
111  63.66695558  017.85188440
111  63.66674691  017.85267060
111  63.66662877  017.85265422
111  63.66654386  017.85293967
111  63.66663870  017.85307835
111  63.66629366  017.85439159
111  63.66603355  017.85403407
111  63.66577109  017.85501588
111  63.66603309  017.85536573
111  63.66545010  017.85754532
111  63.66518585  017.85721941
111  63.66512888  017.85743945
111  63.66539116  017.85776569
111  63.66497504  017.85932137
111  63.66482049  017.85995667
111  63.66409998  017.86314839
111  63.66369136  017.86469614
113  63.66382757  017.86487522
110 1 0.25 0.0000 Conn taxiways N-S
111  63.66168685  017.92464333
111  63.66201917  017.92344751
111  63.66238521  017.92199502
111  63.66266673  017.92064243
111  63.66286633  017.91961134
111  63.66294664  017.91901318
111  63.66302078  017.91841972
111  63.66309013  017.91772737
111  63.66314265  017.91607682
111  63.66299106  017.91447153
111  63.66267271  017.91279793
111  63.66228145  017.91167361
111  63.66182731  017.91057770
111  63.66151076  017.90987662
111  63.66100230  017.90912356
111  63.66066426  017.90879322
111  63.66073691  017.90817269
111  63.66046684  017.90800924
111  63.66039795  017.90862007
111  63.65941139  017.90795972
111  63.65878532  017.90755370
111  63.65850037  017.90746650
111  63.65828241  017.90754256
111  63.65814820  017.90764465
111  63.65788453  017.90817194
111  63.65772490  017.90885192
111  63.65747329  017.91023155
111  63.65724229  017.91133574
111  63.65697625  017.91088802
111  63.65684077  017.91135493
111  63.65704904  017.91174638
111  63.65689344  017.91200881
111  63.65667855  017.91219935
111  63.65633517  017.91227901
111  63.65599849  017.91218309
111  63.65572813  017.91191258
111  63.65552410  017.91155013
111  63.65533617  017.91096581
111  63.65518663  017.91001863
111  63.65498043  017.90809695
111  63.65479493  017.90626407
111  63.65471817  017.90559946
111  63.65456422  017.90418040
111  63.65438487  017.90377960
111  63.65418263  017.90342848
111  63.65429391  017.90299178
111  63.65438225  017.90256269
111  63.65450527  017.90176613
111  63.65480046  017.90046726
111  63.65506507  017.89951859
111  63.65523777  017.89879395
111  63.65533829  017.89881256
111  63.65552012  017.89766384
111  63.65542859  017.89748657
111  63.65550219  017.89638073
111  63.65555307  017.89554145
111  63.65569624  017.89353791
111  63.65584176  017.89220338
111  63.65595211  017.89166435
111  63.65614822  017.89195364
111  63.65642705  017.89116914
111  63.65623685  017.89077680
111  63.65657235  017.89017891
111  63.65711831  017.88942685
111  63.65757384  017.88884840
111  63.65796357  017.88826609
111  63.65850961  017.88743486
111  63.65885511  017.88661923
111  63.65911596  017.88585413
111  63.65935164  017.88494360
111  63.65993508  017.88248135
111  63.65979506  017.88234112
111  63.65928163  017.88486527
111  63.65905603  017.88577676
111  63.65878376  017.88654803
111  63.65844147  017.88733682
111  63.65792804  017.88810809
111  63.65753037  017.88872562
111  63.65707187  017.88936340
111  63.65655349  017.89007048
111  63.65619979  017.89068756
111  63.65604996  017.89102542
111  63.65555276  017.89103867
111  63.65554909  017.89139688
111  63.65596125  017.89138586
111  63.65590992  017.89156193
111  63.65578823  017.89216852
111  63.65564428  017.89350625
111  63.65549114  017.89554226
111  63.65517778  017.89554652
111  63.65516599  017.89634096
111  63.65544047  017.89636435
111  63.65536392  017.89747054
111  63.65528776  017.89821316
111  63.65501087  017.89948506
111  63.65476237  017.90040956
111  63.65445444  017.90174057
111  63.65415182  017.90174298
111  63.65412611  017.90242226
111  63.65433700  017.90246039
111  63.65424469  017.90296845
111  63.65409833  017.90348916
111  63.65387426  017.90391618
111  63.65366295  017.90371225
111  63.65352037  017.90403576
111  63.65358751  017.90437041
111  63.65311832  017.90506129
111  63.65294229  017.90456766
111  63.65269631  017.90499363
111  63.65283852  017.90547331
111  63.65222857  017.90627697
111  63.65185521  017.90668937
111  63.65157105  017.90678571
111  63.65102205  017.90673564
111  63.65052247  017.90659239
111  63.65041797  017.90595079
111  63.65007653  017.90590912
111  63.65004638  017.90645131
111  63.64935731  017.90650774
111  63.64903732  017.90670179
111  63.64759970  017.90840592
111  63.64699957  017.90913866
111  63.64608364  017.91024999
111  63.64480220  017.91252890
111  63.64379367  017.91440024
111  63.64307201  017.91570554
111  63.64292394  017.91567989
111  63.64281794  017.91611689
111  63.64138316  017.91886399
111  63.64009294  017.92196025
111  63.63976755  017.92220240
111  63.63976535  017.92196503
111  63.63720117  017.91579964
111  63.63733183  017.91550236
111  63.63695083  017.91456743
111  63.63677210  017.91491967
111  63.63971472  017.92200310
111  63.63970891  017.92224554
111  63.63927540  017.92274256
111  63.63599799  017.92902460
111  63.63532045  017.93087666
111  63.63490905  017.93189027
111  63.63117570  017.93539232
111  63.62948778  017.93649200
111  63.62902865  017.93697066
111  63.62805047  017.93818425
111  63.62675297  017.93969842
111  63.62630615  017.94019433
111  63.62532961  017.94049860
111  63.62481412  017.94082532
111  63.62417696  017.94159893
111  63.62217520  017.94306289
111  63.62144668  017.94398580
111  63.62086893  017.94509228
111  63.62085798  017.94545707
111  63.62133508  017.94757161
111  63.62149512  017.94816416
111  63.62171557  017.94855030
111  63.62201194  017.94890882
111  63.62222754  017.94907081
111  63.62245370  017.94918790
111  63.62298159  017.94924934
111  63.62316309  017.94937536
111  63.62325277  017.94952252
111  63.62337235  017.94988062
111  63.62337321  017.94992856
111  63.62339501  017.95005503
111  63.62342244  017.95015627
111  63.62353458  017.95063113
111  63.62353744  017.95076288
111  63.62352204  017.95085372
111  63.62347584  017.95091246
111  63.62319412  017.95121638
111  63.62314941  017.95121818
111  63.62310523  017.95119008
111  63.62298164  017.95068157
111  63.62298038  017.95054412
111  63.62292787  017.95059840
111  63.62296551  017.95069708
111  63.62309341  017.95122568
111  63.62314649  017.95126236
111  63.62320645  017.95125536
111  63.62348123  017.95095467
111  63.62353993  017.95087154
111  63.62355628  017.95077532
111  63.62355077  017.95062466
111  63.62343967  017.95013367
111  63.62343212  017.95000413
111  63.62340940  017.94987524
111  63.62338944  017.94985723
111  63.62326668  017.94948984
111  63.62316720  017.94932493
111  63.62298901  017.94920295
111  63.62245943  017.94914253
111  63.62223406  017.94902576
111  63.62202436  017.94886566
111  63.62173064  017.94849979
111  63.62152827  017.94814191
111  63.62136865  017.94755756
111  63.62089919  017.94542578
111  63.62091361  017.94512710
111  63.62147428  017.94405998
111  63.62217675  017.94315387
111  63.62419616  017.94167873
111  63.62482545  017.94091949
111  63.62533793  017.94061781
111  63.62631645  017.94029603
111  63.62677903  017.93978357
111  63.62806663  017.93827460
111  63.62903827  017.93704899
111  63.62917345  017.93791529
111  63.62936699  017.93794014
111  63.62944154  017.93796429
111  63.62959084  017.93882173
111  63.62962956  017.93877713
111  63.62948446  017.93796461
111  63.62949408  017.93749193
111  63.62937979  017.93747368
111  63.62936730  017.93784700
111  63.62919479  017.93781555
111  63.62907573  017.93701108
111  63.62948534  017.93658778
111  63.63120903  017.93547758
111  63.63493020  017.93196216
111  63.63535031  017.93093052
111  63.63602750  017.92911484
111  63.63931347  017.92282259
111  63.63974611  017.92235190
111  63.64013841  017.92205713
111  63.64142370  017.91894520
111  63.64284769  017.91624576
111  63.64301506  017.91632117
111  63.64312508  017.91589384
111  63.64386187  017.91459916
111  63.64487074  017.91273618
111  63.64613776  017.91043686
111  63.64705519  017.90935770
111  63.64753461  017.90876266
111  63.64761561  017.90917075
111  63.64780054  017.90897658
111  63.64771964  017.90853301
111  63.64854083  017.90751378
111  63.64908657  017.90686500
111  63.64939222  017.90668071
111  63.65004162  017.90666012
111  63.65100616  017.90690772
111  63.65158300  017.90693328
111  63.65187346  017.90683064
111  63.65226066  017.90635589
111  63.65286965  017.90556122
111  63.65362035  017.90447323
111  63.65391805  017.90401438
111  63.65415476  017.90353870
111  63.65433837  017.90386915
111  63.65451004  017.90424603
111  63.65465187  017.90563331
111  63.65440957  017.90581968
111  63.65444173  017.90641308
111  63.65473267  017.90628693
111  63.65492445  017.90813760
111  63.65512692  017.91006501
111  63.65517502  017.91051652
111  63.65492304  017.91078112
111  63.65501599  017.91135094
111  63.65528044  017.91112904
111  63.65545684  017.91162914
111  63.65569462  017.91204315
111  63.65597758  017.91230576
111  63.65634166  017.91242159
111  63.65669221  017.91234426
111  63.65698742  017.91213188
111  63.65724750  017.91164575
111  63.65738013  017.91108699
111  63.65752630  017.91033228
111  63.65778000  017.90890125
111  63.65793574  017.90824573
111  63.65817939  017.90778131
111  63.65829310  017.90769871
111  63.65832891  017.90837333
111  63.65856446  017.90833650
111  63.65851112  017.90763923
111  63.65876573  017.90770181
111  63.65938657  017.90810890
111  63.66050703  017.90887312
111  63.66098100  017.90926586
111  63.66147299  017.91004208
111  63.66179524  017.91075769
111  63.66219435  017.91169444
111  63.66195719  017.91214913
111  63.66209679  017.91255876
111  63.66234694  017.91213807
111  63.66260175  017.91291000
111  63.66291942  017.91456633
111  63.66306510  017.91608339
111  63.66300914  017.91783123
111  63.66273155  017.91780421
111  63.66267666  017.91861093
111  63.66287837  017.91898304
111  63.66279335  017.91959221
111  63.66260975  017.92053734
111  63.66232124  017.92195161
111  63.66195343  017.92338291
111  63.66162841  017.92455182
111  63.66109971  017.92638504
113  63.66122186  017.92655890
110 1 0.25 0.0000 Conn. taxiwy NE
111  63.63901734  017.97090743
111  63.63891355  017.97106925
111  63.63945247  017.97262447
111  63.63988311  017.97363879
111  63.64013393  017.97418530
111  63.64045259  017.97475534
111  63.64073285  017.97514406
111  63.64115665  017.97563213
111  63.64159304  017.97605079
111  63.64222872  017.97619775
111  63.64265938  017.97611809
111  63.64301332  017.97597110
111  63.64346615  017.97564360
111  63.64384774  017.97532867
111  63.64406607  017.97499021
111  63.64435697  017.97446878
111  63.64456312  017.97409925
111  63.64486003  017.97340303
111  63.64761606  017.96587444
111  63.64782197  017.96622651
111  63.64796044  017.96585641
111  63.64775815  017.96548627
111  63.65035884  017.95838202
111  63.65057036  017.95874500
111  63.65076410  017.95825887
111  63.65056657  017.95781457
111  63.65227629  017.95314417
111  63.65251496  017.95338969
111  63.65282871  017.95273314
111  63.65275538  017.95206164
111  63.65483204  017.94807639
111  63.65499823  017.94767243
111  63.65562174  017.94558515
111  63.65611664  017.94410318
111  63.65599642  017.94392791
111  63.65557561  017.94548418
111  63.65495683  017.94754481
111  63.65478702  017.94798311
111  63.65264805  017.95200859
111  63.65219438  017.95295957
111  63.64942882  017.96053449
111  63.64922796  017.96019805
111  63.64912346  017.96051847
111  63.64931593  017.96084370
111  63.64623053  017.96929464
111  63.64604403  017.96894926
111  63.64587839  017.96936033
111  63.64608266  017.96969966
111  63.64476290  017.97331450
111  63.64449318  017.97392702
111  63.64426784  017.97435127
111  63.64400498  017.97480317
111  63.64379186  017.97510911
111  63.64345052  017.97541960
111  63.64339954  017.97499730
111  63.64305078  017.97514395
111  63.64299082  017.97575392
111  63.64263817  017.97593755
111  63.64221317  017.97599936
111  63.64160321  017.97582442
111  63.64117992  017.97542105
111  63.64078702  017.97498766
111  63.64050159  017.97461186
111  63.64018104  017.97405807
111  63.63994391  017.97356360
113  63.63951661  017.97253411
111  63.65267680  017.95223163
111  63.65273860  017.95269576
111  63.65250513  017.95317535
113  63.65233345  017.95297423
110 1 0.25 0.0000 Main taxiway system 15/33
111  63.64231315  017.92735083
111  63.64245343  017.92750878
111  63.64263461  017.92848637
111  63.64251401  017.92870050
111  63.64264959  017.92935929
111  63.64280995  017.92928578
111  63.64305543  017.93048361
111  63.64304019  017.93069148
111  63.62456972  017.94817620
111  63.62426851  017.94838804
111  63.62399553  017.94840922
111  63.62365667  017.94819738
111  63.62338370  017.94771015
111  63.62320485  017.94692635
111  63.62320485  017.94614254
111  63.62330839  017.94552820
111  63.62344017  017.94525281
111  63.62307307  017.94495624
111  63.62261184  017.94563413
111  63.62226356  017.94635438
111  63.62190587  017.94726529
111  63.62162349  017.94823975
111  63.62141640  017.94927776
111  63.62129642  017.95009329
111  63.62113402  017.95033696
111  63.62104930  017.95099366
111  63.62118108  017.95141734
111  63.62125638  017.95173510
111  63.62150112  017.95173510
111  63.62183998  017.95160799
111  63.62216943  017.95137497
111  63.62264949  017.95086656
111  63.62317661  017.95035814
111  63.62355313  017.94982854
111  63.62383551  017.94910829
111  63.62394847  017.94872698
111  63.62401436  017.94857869
111  63.62426851  017.94857869
111  63.62457913  017.94836685
111  63.64314737  017.93073231
111  63.64352219  017.93023858
111  63.64370606  017.92977670
111  63.64384750  017.92921925
111  63.64400309  017.92899628
111  63.64405259  017.92839106
111  63.64390086  017.92730462
111  63.64364973  017.92711241
111  63.64351963  017.92688959
111  63.64337990  017.92672983
111  63.64313323  017.92659132
111  63.64323823  017.92648032
111  63.64357169  017.92606573
111  63.64402430  017.92528531
111  63.64435669  017.92444119
111  63.64459007  017.92353336
111  63.64473858  017.92278479
111  63.64480223  017.92211586
111  63.64486588  017.92200438
111  63.64501439  017.92173362
111  63.64509218  017.92106469
111  63.64500732  017.92050725
111  63.64486588  017.92023649
111  63.64449813  017.92014093
111  63.64410917  017.92018871
111  63.64360705  017.92047539
111  63.64323931  017.92084171
111  63.64271598  017.92178140
111  63.64257453  017.92229106
111  63.64258161  017.92324667
111  63.64268174  017.92361467
111  63.64251060  017.92408769
111  63.64251838  017.92471839
111  63.64263718  017.92529067
111  63.64254172  017.92582211
111  63.64230622  017.92660885
111  63.64201273  017.92704846
113  63.64162376  017.92743389
111  63.64285314  017.92924707
111  63.64297289  017.92900432
111  63.64284914  017.92833900
111  63.64270942  017.92840193
111  63.64252579  017.92743092
111  63.64256970  017.92712523
111  63.64297689  017.92675661
111  63.64333914  017.92688252
111  63.64348682  017.92708698
111  63.64367548  017.92756578
111  63.64377129  017.92815019
111  63.64380323  017.92859973
111  63.64377927  017.92918414
111  63.64364355  017.92969662
111  63.64347988  017.93010120
111  63.64324036  017.93047882
111  63.64314056  017.93054176
113  63.64309265  017.93045185
111  63.64256946  017.92611728
111  63.64269161  017.92559601
111  63.64278162  017.92498787
111  63.64278805  017.92422045
111  63.64274947  017.92364127
111  63.64285877  017.92322136
111  63.64279448  017.92204851
111  63.64280091  017.92186028
111  63.64327666  017.92100598
111  63.64362383  017.92065847
111  63.64411888  017.92036888
111  63.64449177  017.92032544
111  63.64482608  017.92045575
111  63.64492252  017.92068743
111  63.64478750  017.92115077
111  63.64476179  017.92200507
111  63.64449819  017.92236706
111  63.64446605  017.92301864
111  63.64451531  017.92349761
111  63.64428386  017.92435189
111  63.64396883  017.92514825
111  63.64353808  017.92588670
111  63.64319091  017.92630660
111  63.64304304  017.92649483
111  63.64291445  017.92648035
111  63.64270872  017.92650931
113  63.64238727  017.92669754
111  63.64496109  017.92087566
111  63.64501895  017.92107838
111  63.64496109  017.92165756
111  63.64485180  017.92175892
113  63.64484537  017.92119421
111  63.64469750  017.92229466
111  63.64465249  017.92270009
111  63.64456892  017.92327928
111  63.64453034  017.92301864
113  63.64455606  017.92245394
111  63.64274304  017.92213539
111  63.64278162  017.92312000
111  63.64272376  017.92342407
111  63.64266589  017.92313448
113  63.64264018  017.92233810
111  63.64269474  017.92385655
111  63.64271437  017.92424007
111  63.64270811  017.92497339
111  63.64266589  017.92507475
111  63.64258215  017.92469828
113  63.64256946  017.92414805
111  63.64291852  017.92664573
111  63.64246264  017.92705104
111  63.64242965  017.92686865
113  63.64270258  017.92667950
111  63.62323022  017.94544625
111  63.62315243  017.94598740
111  63.62312414  017.94643306
111  63.62315243  017.94694238
111  63.62325851  017.94764270
111  63.62332923  017.94784961
111  63.62361919  017.94834301
111  63.62380306  017.94850218
111  63.62384549  017.94864542
111  63.62383135  017.94880459
111  63.62366869  017.94932982
111  63.62354139  017.94966407
111  63.62324437  017.95012564
111  63.62278468  017.95057130
111  63.62253716  017.95081004
111  63.62244523  017.95076229
111  63.62241694  017.95063496
111  63.62242401  017.94918658
111  63.62260081  017.94875684
111  63.62260081  017.94805652
111  63.62249473  017.94749945
111  63.62257960  017.94689463
111  63.62272104  017.94633756
113  63.62293320  017.94584416
111  63.62315243  017.94530300
111  63.62296856  017.94552583
111  63.62269982  017.94605107
111  63.62251595  017.94668772
111  63.62240279  017.94743579
111  63.62238865  017.94907516
111  63.62221185  017.94948899
111  63.62220478  017.95020522
111  63.62235329  017.95066679
111  63.62236036  017.95095329
111  63.62215527  017.95122386
111  63.62182289  017.95149444
111  63.62150465  017.95160586
111  63.62130663  017.95158994
111  63.62125005  017.95139894
111  63.62135613  017.95022114
111  63.62141271  017.95006198
111  63.62154708  017.94988690
111  63.62162487  017.94950491
111  63.62166730  017.94913883
111  63.62164609  017.94872501
111  63.62177338  017.94812019
111  63.62199262  017.94738804
111  63.62232500  017.94652856
111  63.62266446  017.94584416
113  63.62315243  017.94520751
111  63.62255131  017.94807244
111  63.62255131  017.94869317
111  63.62244523  017.94894783
113  63.62246644  017.94780186
111  63.62236744  017.94934574
111  63.62237451  017.95042805
111  63.62228257  017.95018930
113  63.62226843  017.94955265
111  63.62161780  017.94913883
111  63.62158951  017.94942532
111  63.62151172  017.94977548
111  63.62142685  017.94988690
111  63.62148343  017.94936166
113  63.62160366  017.94882050
111  63.62127834  017.95030072
111  63.62119348  017.95120795
111  63.62111568  017.95093737
113  63.62117226  017.95045988
110 1 0.25 0.0000 Conn. taxiway E
111  63.62796995  017.94512644
111  63.62812553  017.94522197
111  63.62829526  017.94603392
111  63.62843111  017.94668229
111  63.62853571  017.94703691
111  63.62852864  017.94716428
111  63.62837397  017.94749168
111  63.62866357  017.94812645
111  63.62895296  017.94789663
111  63.62907319  017.94797623
111  63.62931501  017.94817987
111  63.62964988  017.94832885
111  63.63052485  017.94855811
111  63.63085695  017.94865482
111  63.63117329  017.94876973
111  63.63152202  017.94905462
111  63.63186970  017.94944414
111  63.63212450  017.94987177
111  63.63249055  017.95064132
111  63.63295899  017.95200330
111  63.63303353  017.95238624
111  63.63315466  017.95220007
111  63.63301250  017.95190255
111  63.63252415  017.95049043
111  63.63217074  017.94975934
111  63.63190045  017.94931254
111  63.63155816  017.94892729
111  63.63119408  017.94861555
111  63.63086581  017.94848951
111  63.63053130  017.94838444
111  63.62966781  017.94815679
111  63.62933803  017.94800095
111  63.62909254  017.94779786
111  63.62897401  017.94765864
111  63.62870398  017.94719555
111  63.62850468  017.94660221
111  63.62836324  017.94589309
111  63.62822654  017.94519100
113  63.62825193  017.94485523
99
