A
1000 Generated by WorldEditor

1   1507 1 0 ESNQ Kiruna
100 45.00 1 1 0.25 0 3 1 03  67.81268050  020.32034194    0   61 2 3 0 0 21  67.83130500  020.35320000    0   61 3 3 0 0
110 2 0.25 0.0000 Concrete
111  67.82382935  020.33208917
111  67.82380840  020.33218386
111  67.82385153  020.33226875
113  67.82387865  020.33217080
110 2 0.25 0.0000 Concrete
111  67.82502305  020.33510867
111  67.82505950  020.33488131
111  67.82498308  020.33479053
111  67.82489014  020.33532270
111  67.82496780  020.33541851
111  67.82500586  020.33520449
111  67.82516715  020.33540368
113  67.82518557  020.33530282
110 2 0.25 0.0000 Concrete
111  67.82123238  020.32692878
111  67.82114256  020.32730668
111  67.82142789  020.32782454
113  67.82152828  020.32743264
110 1 0.25 0.0000 Terminal area outlined
112  67.82413472  020.33878168  67.82428874  020.33818115 3
112  67.82452539  020.33723721  67.82457188  020.33704474 3
111  67.82473813  020.33702202 3
111  67.82514427  020.33703227 3
111  67.82529512  020.33696054 3
111  67.82553107  020.33634056 3
111  67.82509012  020.33405165 3
111  67.82503834  020.33345781 3
111  67.82487163  020.33254516 3
111  67.82480656  020.33210721 3
111  67.82431194  020.33221137 3
111  67.82432624  020.33275009 3
111  67.82428369  020.33292428 3
111  67.82376151  020.33200210 3
111  67.82389642  020.33145469 3
111  67.82294201  020.32981961 3
111  67.82271380  020.33077249 3
111  67.82288786  020.33110036 3
112  67.82266738  020.33199176  67.82262167  020.33215942 3
112  67.82241596  020.33207373  67.82229289  020.33186882 3
111  67.82172394  020.33075106 3
112  67.82163239  020.33047625  67.82159371  020.33031791 3
112  67.82156769  020.33003199  67.82156769  020.32982708 3
112  67.82162501  020.32942006  67.82164259  020.32930829 3
112  67.82176426  020.32915368  67.82182404  020.32917231 3
111  67.82186869  020.32928687 3
111  67.82227871  020.32762713 3
111  67.82143120  020.32610834 3
111  67.82112957  020.32731921 3
111  67.82101474  020.32780007 3
111  67.82119179  020.32807792 3
112  67.82137389  020.32842155  67.82143344  020.32854773 3
112  67.82136198  020.32933810  67.82130045  020.32959047 3
111  67.82090227  020.33111644 3
111  67.82070617  020.33185409 3
112  67.82057677  020.33226827  67.82052378  020.33242171 3
112  67.82038724  020.33274980  67.82028125  020.33299792 3
111  67.82014742  020.33286250 3
111  67.82073558  020.33391847 3
112  67.82071685  020.33332337  67.82075506  020.33293487 3
111  67.82077247  020.33286062 3
112  67.82089255  020.33225492  67.82095048  020.33201333 3
112  67.82113587  020.33152894  67.82125211  020.33128399 3
112  67.82149379  020.33130251  67.82162747  020.33145647 3
112  67.82191501  020.33184802  67.82208819  020.33214557 3
112  67.82407573  020.33566394  67.82432566  020.33611818 3
112  67.82427523  020.33724795  67.82419386  020.33755591 3
112  67.82399392  020.33834718  67.82380793  020.33907089 3
111  67.82352976  020.33884090 3
113  67.82419436  020.34001465 3
111  67.82396143  020.33381011 3
112  67.82381852  020.33444111  67.82380589  020.33449369 3
112  67.82374706  020.33440956  67.82372541  020.33437132 3
112  67.82311676  020.33331965  67.82309511  020.33327663 3
112  67.82309312  020.33319393  67.82310215  020.33316047 3
111  67.82327465  020.33252183 3
111  67.82360920  020.33308781 3
113  67.82393364  020.33365236 3
112  67.82319204  020.33244890  67.82317941  020.33249192 3
112  67.82303144  020.33305122  67.82302242  020.33308468 3
112  67.82299355  020.33305600  67.82298633  020.33301776 3
112  67.82291415  020.33269748  67.82291235  020.33256841 3
112  67.82294122  020.33240588  67.82296467  020.33233896 3
111  67.82304588  020.33222901 3
114  67.82318121  020.33231983  67.82319926  020.33234374 3
110 1 0.25 0.0000 Terminal area asphalt
112  67.82419428  020.33888313  67.82430150  020.33842913
112  67.82457219  020.33737247  67.82461869  020.33717999
111  67.82485726  020.33721364
111  67.82511023  020.33733660
111  67.82532916  020.33765938
112  67.82552324  020.33802340  67.82559132  020.33815866
111  67.82556711  020.33839391
111  67.82526769  020.33957959
111  67.82534328  020.33970612
112  67.82565235  020.33849866  67.82567363  020.33840849
112  67.82572709  020.33839460  67.82576113  020.33845095
111  67.82583850  020.33858696
111  67.82588993  020.33838598
111  67.82560325  020.33786528
111  67.82567418  020.33757422
111  67.82559593  020.33743497
111  67.82552089  020.33772283
112  67.82536055  020.33744177  67.82532780  020.33736657
112  67.82535777  020.33724282  67.82538397  020.33717340
111  67.82554738  020.33699713
112  67.82565329  020.33704929  67.82568350  020.33711599
111  67.82574647  020.33725810
111  67.82586468  020.33781514
111  67.82611173  020.33822380
111  67.82618106  020.33795263
111  67.82635684  020.33773429
111  67.82602201  020.33588752
111  67.82594984  020.33590016
111  67.82550787  020.33336506
111  67.82559147  020.33295570
111  67.82578836  020.33271937
111  67.82532488  020.32995528
111  67.82509715  020.32995697
111  67.82503409  020.32958368
111  67.82488711  020.32934798
111  67.82405812  020.32949151
111  67.82319385  020.32787876
112  67.82283212  020.32725904  67.82274975  020.32723176
112  67.82241707  020.32773359  67.82233469  020.32797906
111  67.82195400  020.32947229
111  67.82187521  020.32966043
111  67.82177644  020.32992113
111  67.82194584  020.33046006
111  67.82227963  020.33101176
111  67.82236424  020.33090640
111  67.82267200  020.32980758
111  67.82272137  020.32968621
111  67.82277039  020.32962668
111  67.82287354  020.32978763
111  67.82288658  020.32988055
111  67.82264816  020.33087524
111  67.82278788  020.33113965
112  67.82262058  020.33186779  67.82257487  020.33203544
112  67.82241128  020.33188777  67.82230693  020.33167046
111  67.82178946  020.33067668
112  67.82168388  020.33035228  67.82164520  020.33019394
112  67.82164258  020.32992041  67.82165662  020.32971550
112  67.82169989  020.32948205  67.82171748  020.32937028
112  67.82178298  020.32936444  67.82184276  020.32944506
111  67.82188742  020.32949763
111  67.82233955  020.32767672
111  67.82140312  020.32603395
111  67.82134955  020.32611665
111  67.82095858  020.32770089
111  67.82095309  020.32787956
112  67.82130369  020.32847114  67.82136324  020.32859732
112  67.82129178  020.32921413  67.82123025  020.32946650
111  67.82083675  020.33106685
111  67.82065001  020.33181689
112  67.82051125  020.33224347  67.82045825  020.33239691
112  67.82032191  020.33264253  67.82027600  020.33270898
111  67.82023994  020.33271522
111  67.82080108  020.33369765
112  67.82079625  020.33329708  67.82081262  020.33312414
111  67.82085782  020.33280804
112  67.82095805  020.33232327  67.82101598  020.33208168
112  67.82117557  020.33167615  67.82129181  020.33143121
112  67.82151137  020.33153536  67.82164505  020.33168932
112  67.82189040  020.33207156  67.82206357  020.33236911
112  67.82401406  020.33577284  67.82426398  020.33622709
112  67.82420196  020.33712396  67.82413170  020.33745008
112  67.82393436  020.33827955  67.82377815  020.33885673
111  67.82365740  020.33872819
113  67.82419010  020.33968778
111  67.82400592  020.32966420
111  67.82389265  020.33016878
111  67.82389780  020.33063244
111  67.82381514  020.33063687
111  67.82381321  020.33100056
111  67.82384607  020.33130207
111  67.82350653  020.33068699
111  67.82370216  020.32971875
113  67.82391839  020.32955510
111  67.82387721  020.32939146
111  67.82378454  020.32947328
112  67.82364553  020.32926872  67.82357860  020.32914599
111  67.82328000  020.32865505
111  67.82298654  020.32958238
111  67.82291962  020.32970511
111  67.82283284  020.32956036
111  67.82293506  020.32936418
111  67.82316159  020.32835504
111  67.82325426  020.32824594
113  67.82340356  020.32846413
111  67.82393347  020.33386910
111  67.82382435  020.33434055
111  67.82360618  020.33394412
111  67.82361402  020.33370666
111  67.82365436  020.33355527
111  67.82358265  020.33343358
111  67.82354343  020.33361167
111  67.82348069  020.33352856
111  67.82340338  020.33361167
111  67.82312439  020.33311300
113  67.82324764  020.33266777
111  67.82314693  020.33242022
111  67.82315053  020.33251105
111  67.82304588  020.33292693
111  67.82298813  020.33281220
111  67.82295204  020.33250627
111  67.82302061  020.33232462
113  67.82305851  020.33230549
111  67.82532925  020.33288504
111  67.82533594  020.33306226
111  67.82514641  020.33345215
112  67.82504384  020.33338717  67.82501931  020.33325130
112  67.82488552  020.33251288  67.82488106  020.33247153
111  67.82489890  020.33241836
111  67.82493681  020.33234747
111  67.82499478  020.33231203
112  67.82519100  020.33226477  67.82521107  020.33226477
113  67.82523114  020.33234747
112  67.82538653  020.33332633  67.82539156  020.33336635
112  67.82551252  020.33416100  67.82551806  020.33420134
111  67.82550811  020.33424336
112  67.82526029  020.33451347  67.82525022  020.33452347
112  67.82523990  020.33448512  67.82523486  020.33446178
112  67.82512636  020.33385354  67.82512133  020.33381686
112  67.82512888  020.33376351  67.82514021  020.33373016
114  67.82535418  020.33328665  67.82536551  020.33326331
110 2 0.25 0.0000 New Taxiway 34
111  67.81339285  020.31907042
111  67.81345221  020.31894468
111  67.81354718  020.31858317
111  67.81324743  020.31805663
111  67.81295658  020.31920402
113  67.81313168  020.31954195
110 1 0.25 0.0000 New Taxiway 33
111  67.81395377  020.32161669
111  67.81341956  020.32009207
111  67.81332756  020.31990346
111  67.81295658  020.31920402
111  67.81287941  020.31951838
111  67.81281709  020.31940049
111  67.81241050  020.32107443
111  67.81249360  020.32120017
111  67.81252921  020.32101942
113  67.81363918  020.32298413
110 2 0.25 0.0000 Concrete
111  67.80831664  020.32000156
111  67.80829457  020.32007299
111  67.80830683  020.32055355
111  67.80847362  020.32051458
111  67.80845154  020.32002104
111  67.80837551  020.32003403
111  67.80837306  020.32000156
111  67.80839023  020.31992363
111  67.80844909  020.31991714
111  67.80844419  020.31970283
111  67.80827792  020.31973227
113  67.80829019  020.31994438
110 2 0.25 0.0000 Concrete
111  67.80920700  020.32033274
111  67.80918492  020.32040417
111  67.80919718  020.32087174
111  67.80936397  020.32084576
111  67.80934190  020.32035222
111  67.80926586  020.32036521
111  67.80926341  020.32033274
111  67.80928058  020.32025481
111  67.80933944  020.32024831
111  67.80933454  020.32003401
111  67.80916827  020.32006345
113  67.80918054  020.32027556
110 2 0.25 0.0000 Concrete
111  67.80944737  020.32195624
111  67.80942529  020.32202767
111  67.80944001  020.32250173
111  67.80960434  020.32246926
111  67.80958227  020.32197572
111  67.80950623  020.32198871
111  67.80950378  020.32195624
111  67.80952095  020.32187831
111  67.80957982  020.32187181
111  67.80957491  020.32165751
111  67.80940864  020.32168695
113  67.80942091  020.32189906
110 2 0.25 0.0000 Concrete
111  67.81029112  020.32226145
111  67.81026904  020.32233289
111  67.81029112  020.32281997
111  67.81044809  020.32277448
111  67.81042602  020.32228094
111  67.81034998  020.32229392
111  67.81034753  020.32226145
111  67.81036470  020.32218353
111  67.81042357  020.32217703
111  67.81041866  020.32196273
111  67.81025239  020.32199217
113  67.81026466  020.32220428
110 1 0.00 0.0000 Asphalt
111  67.81308622  020.32201844
111  67.81286945  020.32161388
111  67.81235838  020.32159471
112  67.80995185  020.32206942  67.80989798  020.32207892
112  67.80971908  020.32175842  67.80966881  020.32169187
111  67.80955928  020.32167381
112  67.80932622  020.32171564  67.80928312  020.32172515
111  67.80907735  020.32196664
112  67.80892725  020.32198756  67.80887338  020.32193052
111  67.80829574  020.32139255
112  67.80812598  020.32110733  67.80808027  020.32098633
111  67.80805448  020.32080914
111  67.80802249  020.32053169
111  67.80882461  020.32032944
111  67.80902049  020.32075296
111  67.80917066  020.32077889
111  67.80946121  020.32072703
111  67.80964730  020.32053688
111  67.80980073  020.32032080
111  67.80996396  020.32019115
111  67.81112591  020.31996658
111  67.81164825  020.31992336
111  67.81209224  020.32007030
111  67.81216080  020.31979370
111  67.81030197  020.31898533
112  67.80878393  020.31829949  67.80870885  020.31825628
112  67.80856790  020.31828501  67.80850587  020.31829365
112  67.80836331  020.31845134  67.80830455  020.31851184
112  67.80816128  020.31878945  67.80811558  020.31887588
112  67.80808609  020.31902079  67.80805344  020.31914178
112  67.80793640  020.31976863  67.80791355  020.32002791
112  67.80792836  020.32048868  67.80793815  020.32068746
112  67.80807296  020.32123522  67.80810888  020.32133893
112  67.80830118  020.32158960  67.80835994  020.32165010
111  67.80886997  020.32217170
111  67.80910417  020.32232355
111  67.80941008  020.32237417
112  67.80985937  020.32228559  67.80992401  020.32228559
112  67.81009482  020.32263991  67.81012714  020.32267793
111  67.81022741  020.32271583
112  67.81052025  020.32264666  67.81060498  020.32262304
112  67.81082488  020.32237417  67.81087617  020.32228561
112  67.81099217  020.32213374  67.81109207  020.32211982
111  67.81143525  020.32203250
111  67.81234419  020.32184316
114  67.81278868  020.32184316  67.81292873  020.32183365
111  67.81131890  020.31969849
111  67.80995202  020.31996008
111  67.80892193  020.32011561
111  67.80874026  020.31990286
112  67.80849101  020.31972071  67.80838981  020.31972936
111  67.80823271  020.31974072
111  67.80801729  020.31980097
112  67.80809578  020.31931038  67.80812189  020.31922395
112  67.80820489  020.31897138  67.80823427  020.31889359
112  67.80837809  020.31863826  67.80842053  020.31857777
112  67.80858807  020.31846983  67.80863378  020.31846119
113  67.80880528  020.31848515
111  67.80975563  020.32018790
111  67.80958914  020.32042127
111  67.80940305  020.32054227
111  67.80910597  020.32058549
111  67.80903089  020.32054227
113  67.80891989  020.32033484
111  67.81082321  020.32211671
111  67.81066325  020.32239510
111  67.81041450  020.32249126
111  67.81030349  020.32251615
112  67.81012727  020.32248371  67.81008058  020.32243617
113  67.80998197  020.32225590
111  67.80978770  020.32210279
111  67.80940369  020.32219640
111  67.80914600  020.32215846
112  67.80928796  020.32193575  67.80934541  020.32189772
111  67.80944569  020.32189399
111  67.80960342  020.32186615
113  67.80970857  020.32194967
111  67.80874351  020.32016650
111  67.80801093  020.32034714
111  67.80800734  020.32010945
111  67.80805761  020.32001438
111  67.80852086  020.31990980
113  67.80864296  020.31999536
110 2 0.25 0.0000 Conrete
111  67.83161314  020.35214815
112  67.83199220  020.35064138  67.83202493  020.35050462
112  67.83194537  020.35005639  67.83187625  020.34990276
112  67.83171794  020.34963095  67.83166665  020.34954823
112  67.83151057  020.34967822  67.83146820  020.34982004
112  67.83135002  020.35027503  67.83132549  020.35037548
112  67.83132995  020.35085410  67.83135002  020.35106091
112  67.83138570  020.35124409  67.83139685  020.35130909
112  67.83141023  020.35153954  67.83140354  020.35163999
113  67.83138124  020.35174044
110 1 0.25 0.0000 Asphalt
111  67.83000421  020.35186053
111  67.83117976  020.35395609
111  67.83161228  020.35215399
111  67.83109920  020.35122726
113  67.83032575  020.35051338
110 1 0.25 0.0000 Club area
111  67.83248720  020.34660416
111  67.83243940  020.34681142
111  67.83236553  020.34669628
111  67.83183542  020.34906823
111  67.83195708  020.34928701
111  67.83190929  020.34935610
111  67.83176155  020.34928701
111  67.83135744  020.35089902
111  67.83171375  020.35147474
111  67.83235250  020.34901066
111  67.83264363  020.34934458
113  67.83303470  020.34753683
110 2 0.25 0.0000 New Taxiway 56
111  67.81574955  020.32322067
111  67.81542898  020.32261899
111  67.81509916  020.32364825
113  67.81543257  020.32423575
110 2 0.25 0.0000 Papi S
112  67.81601730  020.32513039  67.81602504  020.32510079
111  67.81619748  020.32440266
111  67.81611143  020.32424163
112  67.81592421  020.32500350  67.81591562  020.32504448
111  67.81589828  020.32505851
113  67.81601214  020.32525635
110 1 0.25 0.0000 Papi N
111  67.82863628  020.34944479
111  67.82813711  020.35149056
111  67.82895588  020.35288931
111  67.82910312  020.35229936
111  67.82839208  020.35106238
111  67.82836694  020.35082450
111  67.82849622  020.35027261
111  67.82861473  020.35049146
113  67.82880506  020.34974927
130 Airport Boundary 53
111  67.82083352  020.32863488
111  67.81328530  020.31483730
111  67.80943336  020.31267499
111  67.80853847  020.31514620
111  67.80772139  020.32183905
111  67.81165114  020.32379543
111  67.82852566  020.35341931
111  67.83197436  020.36092033
111  67.83337199  020.36101650
111  67.83435214  020.35986249
113  67.83398912  020.35255381
120 Linear Feature 27
111  67.82311599  020.33308695 5
115  67.82305354  020.33296591
120 Linear Feature 25
111  67.82303715  020.33322662 1 101
115  67.82323854  020.33245598
120 Linear Feature 24
111  67.82297321  020.33165148 5
115  67.82282616  020.33138049
120 Linear Feature 23
111  67.82089752  020.33223318 4 103
115  67.82070804  020.33185085
120 Linear Feature 22
111  67.82431710  020.33806567 4 103
115  67.82414564  020.33775900
120 Linear Feature 21
111  67.82106064  020.33101284 1 101
112  67.82159160  020.33096006  67.82189369  020.33137705
111  67.82159160  020.33096006
112  67.82159160  020.33096006  67.82130652  020.33047545 1 101
115  67.82144357  020.32945759
120 Linear Feature 17
112  67.82291360  020.33328291  67.82277992  020.33303656 1 101
112  67.82282351  020.33184331  67.82292522  020.33138911 1 101
115  67.82320130  020.33033443
120 Linear Feature 16
111  67.82441833  020.33610018 1 101
112  67.82448185  020.33556380  67.82452949  020.33537975 1 101
112  67.82472997  020.33468562  67.82476172  020.33460148 1 101
112  67.82487288  020.33471191  67.82489471  020.33476450 1 101
116  67.82494433  020.33502217  67.82494632  020.33516415
120 Linear Feature 15
111  67.82443524  020.33629085 1 101
112  67.82430074  020.33464924  67.82429876  020.33459666 1 101
112  67.82432236  020.33438200  67.82434419  020.33430313 1 101
112  67.82460889  020.33322373  67.82461881  020.33318692 1 101
112  67.82466843  020.33322899  67.82469225  020.33331839 1 101
112  67.82472202  020.33347615  67.82472004  020.33357606 1 101
115  67.82471607  020.33371278
120 Linear Feature 14
112  67.82440809  020.33718808  67.82453305  020.33669535 1 101
112  67.82429281  020.33570553  67.82416784  020.33548226 1 101
115  67.82159293  020.33096261
120 Linear Feature 13
111  67.82395255  020.33901289 1 101
112  67.82440959  020.33718533  67.82442927  020.33711145 1 101
112  67.82468435  020.33687038  67.82476145  020.33687038 1 101
112  67.82520901  020.33685699  67.82522869  020.33685699 1 101
112  67.82527791  020.33679180  67.82529759  020.33675268 1 101
115  67.82533368  020.33664403
120 Linear Feature 12
111  67.82404113  020.34037470 1 101
112  67.82395293  020.33900660  67.82411306  020.33817225
111  67.82395293  020.33900660
112  67.82395293  020.33900660  67.82377493  020.33968663 1 101
115  67.82342556  020.33929035
120 Linear Feature 26
111  67.82345818  020.33262146 1
115  67.82343691  020.33258036
120 Linear Feature 26
111  67.82334617  020.33242609 1
115  67.82332491  020.33238500
120 Linear Feature 26
111  67.82322581  020.33221783 1
115  67.82320455  020.33217673
120 Linear Feature 26
111  67.82342826  020.33267307 1
115  67.82344874  020.33260432
120 Linear Feature 26
111  67.82331486  020.33247401 1
115  67.82333534  020.33240527
120 Linear Feature 26
111  67.82319520  020.33226759 1
115  67.82321568  020.33219885
120 Linear Feature 19
111  67.82055695  020.33299696 1
115  67.82200946  020.32721487
120 Linear Feature 18
111  67.82072186  020.33452885 1 101
112  67.82055911  020.33299699  67.82075963  020.33215024
111  67.82055911  020.33299699
112  67.82055911  020.33299699  67.82034116  020.33380526 1 101
115  67.81993721  020.33312786
120 Linear Feature 38
111  67.81328403  020.31925464 4 103
115  67.81305551  020.31883970
120 Linear Feature 37
111  67.81379658  020.32230622 1 101
111  67.81361050  020.32195179 1 101
111  67.81356153  020.32180483 1 101
111  67.81306857  020.32011047 1 101
111  67.81301307  020.31995486 1 101
111  67.81295104  020.31985113 1 101
112  67.81288249  020.31985113  67.81284005  020.31986842 1 101
112  67.81276169  020.32010182  67.81273231  020.32020556 1 101
112  67.81271273  020.32043897  67.81270946  020.32051677 1 101
112  67.81274864  020.32083662  67.81278781  020.32097494 1 101
115  67.81287269  020.32113054
120 Linear Feature 35
111  67.81382319  020.32171886 3
111  67.81336614  020.32041429 3
111  67.81329788  020.32024925 3
112  67.81314058  020.31998205  67.81306342  020.31984059 3
111  67.81312871  020.31954195 3
111  67.81344404  020.31893682 3
111  67.81353306  020.31857531 3
111  67.81324966  020.31809397 3
115  67.81279046  020.31987202
120 Linear Feature 51
111  67.83172634  020.35149971 4 103
115  67.83139691  020.35093345
120 Linear Feature 50
111  67.83017205  020.35119417 1 101
111  67.83036158  020.35150144 1 101
111  67.83043962  020.35157826 1 101
112  67.83124011  020.35214552  67.83128245  020.35217887 1 101
111  67.83131152  020.35221915 1 101
112  67.83135794  020.35230110  67.83138197  020.35235568 1 101
112  67.83139168  020.35250309  67.83138939  020.35255464 1 101
112  67.83136721  020.35280142  67.83134204  020.35294393 1 101
116  67.83127092  020.35313037  67.83125948  020.35315767
120 Linear Feature 49
111  67.83164593  020.35135963 1 101
112  67.83132930  020.35261824  67.83130924  020.35268914 1 101
112  67.83127579  020.35311459  67.83123119  020.35329777 1 101
112  67.83104835  020.35323277  67.83097700  020.35312050 1 101
115  67.83091902  020.35292550
120 Linear Feature 48
111  67.83044159  020.35103276 3
111  67.83095667  020.35142275 3
111  67.83101241  020.35149956 3
111  67.83124208  020.35191319 3
111  67.83126438  020.35191910 3
112  67.83139370  020.35185410  67.83140992  020.35183799 3
112  67.83142492  020.35178319  67.83144945  020.35169220 3
112  67.83144945  020.35139911  67.83144454  020.35130811 3
111  67.83142715  020.35119230 3
112  67.83136249  020.35068413  67.83135513  020.35058663 3
112  67.83137810  020.35040050  67.83140262  020.35030950 3
112  67.83151188  020.34984505  67.83155648  020.34970324 3
112  67.83173709  020.34979187  67.83180175  020.34991596 3
112  67.83191101  020.35010505  67.83195338  020.35019368 3
112  67.83195561  020.35032368  67.83195784  020.35043595 3
112  67.83195338  020.35057186  67.83194669  020.35062504 3
112  67.83193331  020.35069594  67.83191547  020.35077276 3
115  67.83141823  020.35276408
21  67.81605093  020.32476313 2 33.6300 3.0 03 PAPI-4L
21  67.82867034  020.35005436 2 213.6600 3.0 21 PAPI-4L
14  67.82546813  020.33425112 121.39 0 Tower view
1300  67.83213069  020.34912857  80.27 misc turboprops|props|helos Club area N
15  67.82191626  020.32760841  96.20 Maint.-2
15  67.82309453  020.33078362  96.20 Maint.-1
15  67.82495195  020.33507552  76.20 Main terminal-2
15  67.82471336  020.33382315  96.20 Main terminal-1
18  67.82250152  020.33373437 1 BCN
19  67.81428848  020.32150683 1 WS
19  67.82993648  020.35217481 1 WS
54 13015 TWR
99
