I
1100 Generated by WorldEditor 1.7.21r1

1     23 1 0 ESNU Umea
1302 city Umeå
1302 country Sweden
1302 datum_lat 63.793055556
1302 datum_lon 20.28
1302 faa_code 
1302 iata_code UME
1302 icao_code ESNU
1302 region_code ES
1302 state Västerbottens län
1302 transition_alt 5000
1302 transition_level 
100 45.11 1 0 0.00 1 2 0 14  63.79854122  020.26930574    0   68 3 12 1 1 32  63.78307047  020.30031358   61   57 3 12 1 1
102 H1  63.79564171  020.27996698  48.52 18.60 18.70 15 0 0 0.00 0
110 1 0.00 0.0000 New Taxiway 4
111  63.78839784  020.29238691
112  63.78850041  020.29261783  63.78851153  020.29266459
111  63.78881367  020.29438585
111  63.78874062  020.29444412
111  63.78874512  020.29452818
111  63.78861967  020.29470728
111  63.78859518  020.29463218
111  63.78857735  020.29466632
111  63.78859931  020.29474471
111  63.78851348  020.29488037
111  63.78853540  020.29497020
111  63.78876477  020.29463813
111  63.78879097  020.29478538
111  63.78882993  020.29475146
111  63.78884070  020.29480236
111  63.78886453  020.29477863
111  63.78906266  020.29597016
111  63.78887488  020.29629683
111  63.78898403  020.29661727
111  63.78901876  020.29673365
111  63.78906794  020.29664585
111  63.78913448  020.29685925
111  63.78922495  020.29670785
112  63.78916272  020.29668570  63.78915104  020.29665771
111  63.78911705  020.29655817
111  63.78922204  020.29637074
112  63.79007074  020.29466372  63.79009742  020.29463351
111  63.79007074  020.29466372
112  63.79007074  020.29466372  63.79009742  020.29465941
112  63.79021957  020.29491599  63.79024817  020.29494836
111  63.79021957  020.29491599
112  63.79021957  020.29491599  63.79031680  020.29498937
111  63.79047887  020.29459841
111  63.79044659  020.29451797
112  63.79026310  020.29479606  63.79013203  020.29490997
111  63.79026310  020.29479606
112  63.79026310  020.29479606  63.79023397  020.29479157
111  63.79012471  020.29456460
112  63.79027850  020.29424834  63.79029306  020.29425133
111  63.79027850  020.29424834
112  63.79027850  020.29424834  63.79031753  020.29428095
112  63.79044659  020.29451797  63.79049453  020.29459836
111  63.79044659  020.29451797
112  63.79044659  020.29451797  63.79046251  020.29455837
111  63.79047887  020.29459841
112  63.79073389  020.29448229  63.79082656  020.29420652
111  63.79073389  020.29448229
112  63.79073389  020.29448229  63.79075044  020.29445082
111  63.79079834  020.29436259
111  63.79072277  020.29416413
111  63.79092641  020.29376758
111  63.79103673  020.29399637
111  63.79113166  020.29377966
111  63.79105571  020.29353475
111  63.79108836  020.29347116
111  63.79113778  020.29259849
111  63.79116473  020.29248225
111  63.79129925  020.29223362
111  63.79133905  020.29236415
111  63.79122238  020.29261900
111  63.79148730  020.29324990
111  63.79180711  020.29262832
111  63.79177650  020.29254236
111  63.79170877  020.29266562
111  63.79143788  020.29196634
111  63.79150105  020.29184742
111  63.79155720  020.29174173
111  63.79151126  020.29162704
111  63.79112218  020.29229889
111  63.79101375  020.29200364
111  63.79068569  020.29256305
111  63.79082295  020.29294532
111  63.79008912  020.29447536
112  63.79004992  020.29448793  63.79004264  020.29446538
111  63.78997794  020.29431065
111  63.79017943  020.29374690
111  63.79009104  020.29345104
111  63.78946566  020.29382948
111  63.78935102  020.29349385
111  63.78913755  020.29389215
111  63.78908814  020.29374000
111  63.78902686  020.29386083
111  63.78906442  020.29399508
111  63.78901303  020.29409800
111  63.78906244  020.29467975
112  63.78898885  020.29473512  63.78897690  020.29472575
112  63.78895644  020.29462283  63.78894909  020.29461242
111  63.78892564  020.29464062
111  63.78854598  020.29241507
113  63.78850915  020.29213526
112  63.79060917  020.29388407  63.79066279  020.29404294
111  63.79060917  020.29388407
112  63.79060917  020.29388407  63.79067404  020.29407741
111  63.79060714  020.29416882
112  63.79043850  020.29423002  63.79036304  020.29404567
111  63.79043850  020.29423002
112  63.79043850  020.29423002  63.79037363  020.29397373
114  63.79045890  020.29387793  63.79049253  020.29380809
111  63.79066015  020.29350408
111  63.79104791  020.29277892
111  63.79102847  020.29332279
112  63.79068260  020.29374931  63.79058000  020.29351999
111  63.79068260  020.29374931
114  63.79068260  020.29374931  63.79064289  020.29366987
111  63.78923872  020.29506836
111  63.78947232  020.29563874
111  63.78949073  020.29568368
112  63.78921793  020.29606623  63.78917218  020.29596696
111  63.78921793  020.29606623
112  63.78921793  020.29606623  63.78910831  020.29583099
111  63.78900707  020.29501439
112  63.78918479  020.29473391  63.78927058  020.29474470
111  63.78918479  020.29473391
114  63.78918479  020.29473391  63.78926105  020.29474254
111  63.78958055  020.29452204
111  63.78955135  020.29459107
111  63.78971095  020.29507521
111  63.78985051  020.29483288
111  63.78966320  020.29439113
111  63.78962598  020.29444158
112  63.78946703  020.29402303  63.78947255  020.29398557
111  63.78946703  020.29402303
112  63.78946703  020.29402303  63.78955695  020.29380197
111  63.78978644  020.29398441
111  63.78999233  020.29461217
111  63.78949073  020.29568368
111  63.78947232  020.29563874
111  63.78965604  020.29526478
111  63.78941035  020.29471782
112  63.78929642  020.29470850  63.78927849  020.29466583
111  63.78923602  020.29451583
112  63.78939196  020.29419582  63.78942120  020.29419082
111  63.78939196  020.29419582
114  63.78939196  020.29419582  63.78948794  020.29415211
111  63.79005930  020.29371767
111  63.79010738  020.29384079
111  63.79002095  020.29404038
113  63.78997287  020.29390559
110 1 0.00 0.0000 New Taxiway 3
111  63.78791512  020.29114505
111  63.78839784  020.29238691
111  63.78850915  020.29213526
111  63.78866944  020.29177285
111  63.78869311  020.29182204
111  63.78873161  020.29174534
111  63.78869156  020.29164229
111  63.78867212  020.29168103
113  63.78822431  020.29052899
110 1 0.00 0.0000 New Taxiway 2
111  63.79569224  020.28211259
112  63.79448787  020.28454823  63.79445201  020.28461568
111  63.79441186  020.28461955
111  63.79419850  020.28409707
112  63.79387215  020.28475586  63.79368046  020.28512664
111  63.79387215  020.28475586
112  63.79387215  020.28475586  63.79385055  020.28479763
112  63.79380530  020.28488403  63.79378237  020.28492760
111  63.79380530  020.28488403
112  63.79380530  020.28488403  63.79372023  020.28504571
112  63.79353046  020.28538534  63.79343419  020.28555288
111  63.79353046  020.28538534
112  63.79353046  020.28538534  63.79351957  020.28540429
112  63.79349770  020.28544198  63.79348676  020.28546078
111  63.79349770  020.28544198
112  63.79349770  020.28544198  63.79343946  020.28554202
112  63.79332191  020.28573205  63.79326337  020.28582431
111  63.79332191  020.28573205
112  63.79332191  020.28573205  63.79330731  020.28575507
112  63.79327821  020.28580001  63.79326368  020.28582229
111  63.79327821  020.28580001
112  63.79327821  020.28580001  63.79307803  020.28610697
112  63.79275530  020.28636355  63.79262360  020.28638811
111  63.79275530  020.28636355
112  63.79275530  020.28636355  63.79270424  020.28627404
112  63.79182588  020.28393332  63.79179002  020.28378094
111  63.79182588  020.28393332
112  63.79182588  020.28393332  63.79177678  020.28358734
111  63.79182677  020.28334088
111  63.79125223  020.28444426
112  63.79147690  020.28444252  63.79158556  020.28448137
111  63.79223915  020.28638479
112  63.79212303  020.28729734  63.79194118  020.28782545
111  63.79212303  020.28729734
112  63.79212303  020.28729734  63.79212027  020.28730140
111  63.79097884  020.29029790
111  63.79151126  020.29162704
111  63.79155720  020.29174173
111  63.79158724  020.29181671
111  63.79161491  020.29175993
111  63.79195817  020.29105543
111  63.79414429  020.28656866
111  63.79452411  020.28578912
111  63.79480760  020.28643104
111  63.79515939  020.28571949
111  63.79499886  020.28530185
111  63.79519355  020.28486101
111  63.79508090  020.28455339
111  63.79471525  020.28526823
111  63.79454802  020.28482234
111  63.79508441  020.28371071
111  63.79519256  020.28398625
111  63.79523774  020.28471813
111  63.79540504  020.28513136
111  63.79570317  020.28460543
111  63.79547092  020.28396760
111  63.79524856  020.28380721
111  63.79516455  020.28357222
113  63.79576735  020.28229163
111  63.79169580  020.29105618
111  63.79160932  020.29106550
111  63.79159834  020.29050918
113  63.79168894  020.29050297
111  63.79208150  020.28984719
111  63.79205817  020.28985652
111  63.79207464  020.29005232
111  63.79203346  020.29005853
111  63.79201973  020.28986895
111  63.79200189  020.28988449
111  63.79196071  020.28948356
113  63.79204032  020.28944938
111  63.79232994  020.28956748
111  63.79218033  020.28969801
111  63.79220504  020.28998083
111  63.79211033  020.29001191
111  63.79205954  020.28948045
113  63.79227504  020.28928155
111  63.79247819  020.28930019
111  63.79240544  020.28936235
111  63.79234779  020.28877183
113  63.79242191  020.28873765
111  63.79266898  020.28891791
111  63.79257701  020.28893345
111  63.79253172  020.28840820
113  63.79261956  020.28837090
111  63.79300527  020.28806942
111  63.79295997  020.28808496
111  63.79295311  020.28852319
111  63.79287212  020.28853873
111  63.79286938  020.28810050
111  63.79282820  020.28807874
111  63.79281996  020.28785807
113  63.79300801  020.28784253
111  63.79323251  020.28799714
111  63.79313560  020.28803422
111  63.79308558  020.28749074
113  63.79318450  020.28743949
111  63.79372314  020.28699091
111  63.79363667  020.28707483
111  63.79357764  020.28649983
113  63.79367647  020.28648429
111  63.79345323  020.28750413
111  63.79341590  020.28750953
111  63.79340875  020.28774156
111  63.79334203  020.28774516
111  63.79334812  020.28749416
111  63.79331740  020.28748434
111  63.79331414  020.28740767
113  63.79345164  020.28744118
110 1 0.00 0.0000 New Taxiway 1
111  63.79635599  020.28021647
112  63.79590759  020.28023496  63.79571409  020.27980755
111  63.79590759  020.28023496
112  63.79590759  020.28023496  63.79587009  020.28015118
112  63.79539966  020.27895746  63.79517150  020.27837373
111  63.79539966  020.27895746
112  63.79539966  020.27895746  63.79538160  020.27891126
112  63.79534586  020.27881963  63.79532809  020.27877403
111  63.79534586  020.27881963
112  63.79534586  020.27881963  63.79516583  020.27835776
112  63.79497920  020.27785365  63.79495239  020.27776643
111  63.79497920  020.27785365
112  63.79497920  020.27785365  63.79491629  020.27764902
111  63.79497005  020.27703513
111  63.79443588  020.27808677
112  63.79476988  020.27820852  63.79483622  020.27835357
112  63.79586215  020.28094398  63.79590790  020.28104327
111  63.79586215  020.28094398
112  63.79586215  020.28094398  63.79593840  020.28140592
111  63.79585562  020.28164092
111  63.79575747  020.28185745
111  63.79569224  020.28211259
111  63.79576735  020.28229163 3
111  63.79591080  020.28214935 3
112  63.79600078  020.28195282  63.79603318  020.28189238 3
111  63.79615476  020.28194250 3
111  63.79628758  020.28227906
111  63.79639256  020.28206449
111  63.79713908  020.28053875
113  63.79674298  020.27946448
110 1 0.00 0.0000 New Taxiway 19
111  63.78285970  020.30130800
111  63.78281552  020.30141104
112  63.78329408  020.30224871  63.78355487  020.30244031
111  63.78329408  020.30224871
111  63.78328466  020.30193960
114  63.78328466  020.30193960  63.78314511  020.30193960
110 2 0.00 0.0000 New Taxiway 29
111  63.79367647  020.28648429
111  63.79357764  020.28649983
111  63.79363667  020.28707483
113  63.79372314  020.28699091
110 2 0.00 0.0000 New Taxiway 28
111  63.79345164  020.28744118
111  63.79331414  020.28740767
111  63.79331740  020.28748434
111  63.79334812  020.28749416
111  63.79334203  020.28774516
111  63.79340875  020.28774156
111  63.79341590  020.28750953
113  63.79345323  020.28750413
110 2 0.00 0.0000 New Taxiway 27
111  63.79308558  020.28749074
111  63.79313560  020.28803422
111  63.79323251  020.28799714
113  63.79318450  020.28743949
110 2 0.00 0.0000 New Taxiway 26
111  63.79282820  020.28807874
111  63.79286938  020.28810050
111  63.79287212  020.28853873
111  63.79295311  020.28852319
111  63.79295997  020.28808496
111  63.79300527  020.28806942
111  63.79300801  020.28784253
113  63.79281996  020.28785807
110 2 0.00 0.0000 New Taxiway 25
111  63.79257701  020.28893345
111  63.79266898  020.28891791
111  63.79261956  020.28837090
113  63.79253172  020.28840820
110 2 0.00 0.0000 New Taxiway 24
111  63.79247819  020.28930019
111  63.79242191  020.28873765
111  63.79234779  020.28877183
113  63.79240544  020.28936235
110 2 0.00 0.0000 New Taxiway 23
111  63.79220504  020.28998083
111  63.79218033  020.28969801
111  63.79232994  020.28956748
111  63.79227504  020.28928155
111  63.79205954  020.28948045
113  63.79211033  020.29001191
110 2 0.00 0.0000 New Taxiway 22
111  63.79196071  020.28948356
111  63.79200189  020.28988449
111  63.79201973  020.28986895
111  63.79203346  020.29005853
111  63.79207464  020.29005232
111  63.79205817  020.28985652
111  63.79208150  020.28984719
113  63.79204032  020.28944938
110 2 0.00 0.0000 New Taxiway 21
111  63.79159834  020.29050918
111  63.79160932  020.29106550
111  63.79169580  020.29105618
113  63.79168894  020.29050297
110 2 0.00 0.0000 New Taxiway 3
111  63.78859518  020.29463218
111  63.78856665  020.29454672
111  63.78854786  020.29458318
113  63.78857735  020.29466632
110 2 0.00 0.0000 New Taxiway 5
111  63.78997287  020.29390559
111  63.79002095  020.29404038
111  63.79010738  020.29384079
113  63.79005930  020.29371767
130 Airport Boundary 9
111  63.78124447  020.29724856
111  63.78215956  020.30042812
111  63.78140558  020.30270340
111  63.78179868  020.30312637
111  63.78508526  020.30312663
111  63.79085499  020.29486315
111  63.79213783  020.29489339
111  63.79435606  020.29114271
111  63.79549153  020.28714128
111  63.79830330  020.28096369
111  63.79724541  020.27909361
111  63.79870233  020.27585729
111  63.79975094  020.27507978
111  63.80027061  020.27388200
111  63.80026133  020.27001543
111  63.80066036  020.26680028
111  63.79919416  020.26425758
111  63.79850745  020.26564451
111  63.79738460  020.26398440
111  63.79503682  020.27114998
111  63.79480483  020.27249474
111  63.78760374  020.28665448
111  63.78710263  020.28552019
111  63.78474557  020.28993122
111  63.78389183  020.28757881
113  63.78288962  020.28957416
120 Linear Feature 43
111  63.79357997  020.28566150 1
112  63.79382099  020.28630693  63.79383923  020.28637759
111  63.79382099  020.28630693
112  63.79382099  020.28630693  63.79386996  020.28642868 1
115  63.79389864  020.28689934
120 Linear Feature 25
111  63.79452106  020.27806611 3 102
112  63.79486813  020.27826817  63.79501904  020.27860402
111  63.79486813  020.27826817
112  63.79486813  020.27826817  63.79494705  020.27843904 3 102
112  63.79541262  020.27965397  63.79567512  020.28032278
111  63.79541262  020.27965397
112  63.79541262  020.27965397  63.79564068  020.28023503 3 102
112  63.79585500  020.28078629  63.79585597  020.28079287
111  63.79585500  020.28078629
112  63.79585500  020.28078629  63.79594243  020.28142974 3 102
111  63.79588102  020.28159143 3 102
111  63.79575747  020.28185745 3 102
115  63.79569224  020.28211259
120 Linear Feature 27
111  63.79541262  020.27965397 4 103
115  63.79553254  020.27941999
120 Linear Feature 20
111  63.79665308  020.28074163 1
111  63.79664568  020.28075846 1
115  63.79663888  020.28077401
120 Linear Feature 24
111  63.79674298  020.27946448 3
112  63.79636664  020.28021957  63.79634280  020.28027072
111  63.79636664  020.28021957
112  63.79636664  020.28021957  63.79617340  020.28067141 3 102
112  63.79588645  020.28030917  63.79588645  020.28030510
111  63.79588645  020.28030917
112  63.79588645  020.28030917  63.79588645  020.28030741 3 102
112  63.79553254  020.27941999  63.79534231  020.27894073
111  63.79553254  020.27941999
112  63.79553254  020.27941999  63.79528388  020.27879352 3 102
112  63.79495675  020.27792500  63.79492365  020.27780445
111  63.79495675  020.27792500
112  63.79495675  020.27792500  63.79487183  020.27752946 3 102
115  63.79494158  020.27724084
120 Linear Feature 23
111  63.79594646  020.28165199 1
111  63.79595397  020.28170367 1
115  63.79596239  020.28176162
120 Linear Feature 26
111  63.79641309  020.28129633 1
115  63.79620248  020.28146462
120 Linear Feature 22
111  63.79620248  020.28146462 1
115  63.79598759  020.28167476
120 Linear Feature 21
111  63.79585271  020.28051795 1
111  63.79620248  020.28146462 1
112  63.79609666  020.28164836  63.79605024  020.28170235 1
111  63.79598759  020.28167476 1
115  63.79595397  020.28170367
120 Linear Feature 19
111  63.79651769  020.28042313 1
115  63.79664568  020.28075846
120 Linear Feature 18
111  63.79656633  020.28064647 1
115  63.79655140  020.28068119
120 Linear Feature 17
111  63.79657663  020.28003570 1
112  63.79649456  020.28010666  63.79646075  020.28018323 1
111  63.79644811  020.28029816 1
112  63.79645767  020.28040590  63.79646870  020.28043023 1
115  63.79675796  020.28118754
120 Linear Feature 16
111  63.79657517  020.27995810 1
115  63.79660930  020.28004033
120 Linear Feature 15
111  63.79697786  020.28052429 1
111  63.79695747  020.28056378 1
115  63.79693732  020.28060195
120 Linear Feature 14
111  63.79478763  020.27778573 1 101
112  63.79585424  020.28051664  63.79586174  020.28051946
111  63.79585424  020.28051664
112  63.79585424  020.28051664  63.79610278  020.28095786 1 101
111  63.79635382  020.28049071 1 101
111  63.79644811  020.28029816 1 101
111  63.79657663  020.28003570 1 101
111  63.79665001  020.27988584 1
112  63.79676683  020.27997242  63.79679845  020.28006790
111  63.79676683  020.27997242
112  63.79676683  020.27997242  63.79679845  020.28003948 1
111  63.79680559  020.28017942 1
115  63.79695747  020.28056378
120 Linear Feature 13
111  63.79478763  020.27778573 1 101
112  63.79434063  020.27773240  63.79413420  020.27809182
111  63.79434063  020.27773240
112  63.79434063  020.27773240  63.79427211  020.27787970 1 101
115  63.79393732  020.27855729
120 Linear Feature 12
111  63.79523224  020.27595884 1 101
112  63.79482546  020.27677393  63.79476301  020.27690356
111  63.79482546  020.27677393
112  63.79482546  020.27677393  63.79464159  020.27715889 1 101
115  63.79478763  020.27778573
120 Linear Feature 42
111  63.79359257  020.28701421 1
115  63.79367119  020.28692136
120 Linear Feature 41
111  63.79360448  020.28711905 1
115  63.79368050  020.28701439
120 Linear Feature 40
112  63.79362617  020.28568974  63.79362716  020.28568974 1
112  63.79369208  020.28619183  63.79365807  020.28647549
111  63.79369208  020.28619183
112  63.79369208  020.28619183  63.79366968  020.28636653 1
111  63.79362638  020.28647361 1
111  63.79367119  020.28692136 1
115  63.79368050  020.28701439
120 Linear Feature 39
111  63.79353981  020.28567249 1
112  63.79357997  020.28566150  63.79360087  020.28566041
111  63.79357997  020.28566150
112  63.79357997  020.28566150  63.79359784  020.28566057 1
112  63.79362617  020.28568974  63.79363543  020.28571340
111  63.79362617  020.28568974
112  63.79362617  020.28568974  63.79364626  020.28574108 1
116  63.79397579  020.28674394  63.79402591  020.28718749
120 Linear Feature 38
111  63.79406259  020.28622861 1
115  63.79401036  020.28625377
120 Linear Feature 37
111  63.79169470  020.28425883 1 101
111  63.79241203  020.28610302 1 101
112  63.79262219  020.28661021  63.79275264  020.28690235
111  63.79262219  020.28661021
112  63.79262219  020.28661021  63.79281142  020.28695104 1 101
111  63.79303688  020.28651646 1
111  63.79353981  020.28567249 1
112  63.79380081  020.28547623  63.79390047  020.28541361
111  63.79380081  020.28547623
112  63.79380081  020.28547623  63.79390220  020.28543448 1
111  63.79398181  020.28571036 1 101
115  63.79403796  020.28624055
120 Linear Feature 36
111  63.79169470  020.28425883 1 101
112  63.79114223  020.28416915  63.79086866  020.28461544
111  63.79114223  020.28416915
112  63.79114223  020.28416915  63.79113776  020.28417308 1 101
115  63.79061792  020.28520765
120 Linear Feature 35
111  63.79224075  020.28196107 1 101
112  63.79173647  020.28297226  63.79165882  020.28311291
111  63.79173647  020.28297226
112  63.79173647  020.28297226  63.79148441  020.28353217 1 101
115  63.79169470  020.28425883
120 Linear Feature 46
111  63.79143972  020.28423503 3 102
112  63.79162887  020.28445856  63.79172536  020.28466835 3 102
111  63.79188213  020.28508940 3 102
112  63.79229124  020.28627717  63.79232767  020.28646415
111  63.79229124  020.28627717
112  63.79229124  020.28627717  63.79239083  020.28673877 3 102
112  63.79220244  020.28735922  63.79210310  020.28771019
111  63.79220244  020.28735922
112  63.79220244  020.28735922  63.79201767  020.28786846 3 102
112  63.79134749  020.28961442  63.79123395  020.28982475 3 102
111  63.79100344  020.29031162 3 102
115  63.79149082  020.29157402
120 Linear Feature 45
111  63.79441237  020.28466235 3 102
111  63.79420643  020.28413861 3 102
111  63.79339485  020.28570088 3 102
111  63.79304055  020.28624622 3 102
112  63.79266303  020.28636755  63.79254025  020.28612147 3 102
112  63.79177265  020.28410148  63.79172678  020.28396191 3 102
115  63.79171745  020.28368731
120 Linear Feature 44
111  63.79188213  020.28508940 4 103
115  63.79203537  020.28476981
120 Linear Feature 52
111  63.79206599  020.28998155 1
115  63.79213927  020.28989702
120 Linear Feature 51
111  63.79207774  020.29008956 1
115  63.79214640  020.28998419
120 Linear Feature 49
111  63.79199228  020.28831667 1
115  63.79214640  020.28998419
120 Linear Feature 50
111  63.79243599  020.28709875 1
111  63.79261392  020.28882841 1
115  63.79262123  020.28889947
120 Linear Feature 48
111  63.79169124  020.28909244 1
112  63.79176250  020.28958714  63.79184131  020.28978750
111  63.79176250  020.28958714
112  63.79176250  020.28958714  63.79194777  020.28998474 1
115  63.79214952  020.28973691
120 Linear Feature 54
111  63.79157008  020.29102468 1
115  63.79164921  020.29095177
120 Linear Feature 53
111  63.79157077  020.29114051 1
115  63.79164934  020.29103397
120 Linear Feature 47
111  63.79241203  020.28610302 1 101
112  63.79243599  020.28709875  63.79232566  020.28759077
111  63.79243599  020.28709875
112  63.79243599  020.28709875  63.79242688  020.28712514 1
111  63.79199228  020.28831667 1
111  63.79169124  020.28909244 1
111  63.79151205  020.28954685 1
112  63.79155173  020.28978357  63.79158423  020.28994010 1
111  63.79163331  020.28996220 1
115  63.79164934  020.29103397
120 Linear Feature 55
111  63.79151067  020.29162319 30
111  63.79185909  020.29096500 30
111  63.79186706  020.29047586 30
111  63.79213285  020.29043303 30
111  63.79244544  020.28976356 30
111  63.79245141  020.28959224 30
111  63.79279586  020.28892276 30
111  63.79281278  020.28849221 30
111  63.79303975  020.28863197 30
111  63.79335831  020.28803010 30
111  63.79336827  020.28748909 30
111  63.79349370  020.28773254 30
111  63.79428389  020.28613361 30
111  63.79430300  020.28616878 30
111  63.79452522  020.28573300 30
115  63.79456670  020.28583997
120 Linear Feature 1
111  63.78800593  020.29110451 1 101
112  63.78844263  020.29223636  63.78852064  020.29245571
111  63.78844263  020.29223636
112  63.78844263  020.29223636  63.78847790  020.29231292 1 101
112  63.78863434  020.29317507  63.78870293  020.29363599
111  63.78863434  020.29317507
112  63.78863434  020.29317507  63.78863440  020.29317553 1 101
112  63.78891424  020.29480177  63.78894003  020.29490686 1 101
111  63.78901398  020.29481092 1 101
115  63.78912669  020.29463725
120 Linear Feature 2
112  63.78807173  020.29096600  63.78806713  020.29097294 20
111  63.78807036  020.29104998 20
115  63.78850915  020.29213526
120 Linear Feature 7
111  63.78864121  020.29340471 4
115  63.78870311  020.29334116
120 Linear Feature 6
111  63.78860990  020.29322891 4
115  63.78867373  020.29316728
120 Linear Feature 14
112  63.79310850  020.28810767  63.79310850  020.28810917 1
115  63.79318635  020.28800190
120 Linear Feature 13
111  63.79310134  020.28799817 1
115  63.79317641  020.28791039
120 Linear Feature 12
111  63.79303688  020.28651646 1
112  63.79315029  020.28676784  63.79316038  020.28704961
111  63.79315029  020.28676784
112  63.79315029  020.28676784  63.79316401  020.28699365 1
112  63.79309912  020.28710255  63.79309066  020.28711547
111  63.79309912  020.28710255
112  63.79309912  020.28710255  63.79309267  020.28711440 1
115  63.79318590  020.28800150
120 Linear Feature 16
111  63.79253419  020.28892105 1
115  63.79261392  020.28882841
120 Linear Feature 15
111  63.79254331  020.28902251 1
115  63.79262123  020.28889947
21  63.78559325  020.29390512 2 318.4900 3.00 PAPI-4L RWY32
21  63.79637586  020.27501534 2 138.4900 3.00 PAPI-4L RWY14
20  63.78879396  020.29318925 253.2700 0 2 {@R}32-14{@L}D{@@}D
20  63.78853062  020.29342439 248.4300 0 2 {@L}D{@R}32-14
20  63.78880903  020.28981597 141.3400 0 2 {@Y,^l}D
20  63.78753935  020.29236621 319.3200 0 2 {@Y}D{^r}
20  63.79213288  020.28459638 229.2500 0 2 {@R}14-32{@L}C
20  63.79179633  020.28526725 232.6800 0 2 {@L}C{@R}14-32
20  63.79091257  020.28561889 319.4900 0 2 {@Y}C{^r}
20  63.79561689  020.27925381 233.0600 0 2 {@R}14-32{@L}B
20  63.79532056  020.27984233 232.9800 0 2 {@L}B{@R}14-32
20  63.79520986  020.27706004 144.7000 0 2 {@Y,^l}B
1300  63.79666280  020.28093854  49.17 gate jets|turboprops|props Cargo Ramp 2
1301 C cargo 
1300  63.79664499  020.28075710  49.36 gate turboprops|props Cargo Ramp 2B
1301 B cargo 
1300  63.79695720  020.28056398  48.24 gate jets|turboprops|props Cargo Ramp 1
1301 C cargo 
1300  63.79595019  020.28170486 164.65 gate turboprops|props Cargo Ramp 3
1301 B cargo 
1300  63.78943724  020.29515874 229.47 hangar turboprops|props GA Hangar 3
1301 A none 
1300  63.78962077  020.29451211 226.63 tie_down turboprops|props GA Hangar 2
1301 A general_aviation 
1300  63.78999155  020.29380233 -136.38 tie_down turboprops|props GA Hangar 1
1301 A general_aviation 
1300  63.79403776  020.28623809  75.96 gate jets|turboprops Gate 1
1301 C airline 
1300  63.79164970  020.29100415  87.18 gate jets|turboprops Gate 6
1301 C airline 
1300  63.79213408  020.28975427 -14.25 gate jets|turboprops Gate 5C
1301 B airline 
1300  63.79214313  020.28994134  78.22 gate jets|turboprops Gate 5D
1301 C airline 
1300  63.79262031  020.28888747  76.84 gate jets|turboprops Gate 4
1301 C airline 
1300  63.79318544  020.28799412  74.95 gate jets|turboprops Gate 3
1301 C airline 
1300  63.79367697  020.28697934  77.18 gate jets|turboprops Gate 2
1301 C airline 
1300  63.78914844  020.29400772 142.15 tie_down turboprops|props GA Fuel Ramp
1301 B general_aviation 
19  63.78961822  020.29107547 0 New Windsock 44
19  63.79291642  020.27659833 0 New Windsock 45
54 11980 TWR
51 11807 Club RDO
1000 Wind calm
1001 ESNU 000 360 2
1002 ESNU 0
1003 ESNU 0.0
1101 14 left
1100 14  13300 arrivals|departures jets|turboprops|props|helos 000000 000000 Arr,Dep Rwy 14
1000 North-Western Winds
1001 ESNU 050 230 35
1002 ESNU 0
1003 ESNU 0.0
1101 14 left
1100 14  13300 arrivals|departures jets|turboprops|props|helos 000000 000000 Arr,Dep Rwy 14
1000 South Eastern Winds
1001 ESNU 230 050 35
1002 ESNu 0
1003 ESNu 0.0
1101 32 left
1100 32  13300 arrivals|departures jets|turboprops|props|helos 000000 000000 Arr,Dep Rwy 32
1200 
1201  63.78913174  020.29462772 both 0 D_stop
1201  63.78896863  020.29484509 both 1 D_stop
1201  63.78892581  020.29486315 both 2 D_stop
1201  63.78866836  020.29338082 both 3 D_stop
1201  63.78848482  020.29238415 both 4 D_stop
1201  63.78784285  020.29074712 both 5 D_start
1201  63.79169299  020.28425676 both 6 C_stop
1201  63.79195291  020.28492275 both 7 C_start
1201  63.79622321  020.28065498 both 8 _stop
1201  63.79608621  020.28113974 both 9 _stop
1201  63.79586143  020.28052893 both 10 _stop
1201  63.78307047  020.30031358 both 11 _stop
1201  63.79854122  020.26930574 both 12 _start
1201  63.79481043  020.27677040 both 13 _start
1201  63.79155476  020.28322482 both 14 _start
1201  63.79126500  020.28389960 both 15 _start
1201  63.79434221  020.27770805 both 16 _stop
1201  63.79478763  020.27778573 both 17 _stop
1201  63.79546753  020.27953077 both 18 _start
1201  63.79353592  020.28565094 both 19 C_stop
1201  63.79304014  020.28651179 both 20 C_stop
1201  63.79270876  020.28674446 both 21 C_stop
1201  63.79151169  020.28953050 both 22 C_stop
1201  63.79242876  020.28710509 both 23 C_stop
1201  63.79242362  020.28605812 both 24 C_stop
1202 1 0 twoway taxiway_B D
1202 2 1 twoway taxiway_B D
1202 3 2 twoway taxiway_B D
1202 4 3 twoway taxiway_B D
1204 departure 14,32
1204 arrival 14,32
1202 5 4 twoway taxiway_B D
1204 departure 14,32
1204 arrival 14,32
1202 6 14 twoway taxiway_D C
1204 departure 14,32
1204 arrival 14,32
1202 6 15 twoway taxiway_D C
1204 departure 14,32
1204 arrival 14,32
1202 7 6 twoway taxiway_D C
1204 departure 14,32
1204 arrival 14,32
1202 10 8 twoway taxiway_D B
1202 10 9 twoway taxiway_D B
1202 18 10 twoway taxiway_D B
1202 12 13 twoway runway 14/32
1204 departure 14,32
1204 arrival 14,32
1204 ils 14,32
1202 13 16 twoway runway 14/32
1204 departure 14,32
1204 arrival 14,32
1204 ils 14,32
1202 16 14 twoway runway 14/32
1204 departure 14,32
1204 arrival 14,32
1204 ils 14,32
1202 14 15 twoway runway 14/32
1204 departure 14,32
1204 arrival 14,32
1204 ils 14,32
1202 15 5 twoway runway 14/32
1204 departure 14,32
1204 arrival 14,32
1204 ils 14,32
1202 5 11 twoway runway 14/32
1204 departure 14,32
1204 arrival 14,32
1204 ils 14,32
1202 17 13 twoway taxiway_D B
1204 departure 14,32
1204 arrival 14,32
1202 17 16 twoway taxiway_D B
1204 departure 14,32
1204 arrival 14,32
1202 18 17 twoway taxiway_D B
1204 departure 14,32
1204 arrival 14,32
1202 20 19 twoway taxiway_D C
1202 21 20 twoway taxiway_D C
1202 24 21 twoway taxiway_D C
1202 23 22 twoway taxiway_D C
1202 24 23 twoway taxiway_D C
1202 7 24 twoway taxiway_D C
99
