I
1100 Generated by WorldEditor 1.7.0r3

1    187 1 0 ESOE Orebro
1302 city Örebro
1302 country Sweden
1302 datum_lat 59.228055556
1302 datum_lon 15.04
1302 faa_code 
1302 iata_code ORB
1302 icao_code ESOE
1302 region_code ES
1302 state Örebro län
1302 transition_alt 5000
1302 transition_level 
100 60.00 3 0 0.00 0 0 0 01R  59.22623571  015.05115443    0    0 0 0 0 0 19L  59.23471300  015.05241400    0    0 0 0 0 0
100 45.00 1 1 0.25 0 3 1 01  59.21095219  015.03279774    0    0 3 1 0 0 19  59.23629795  015.04302553    0    0 3 3 0 0
110 1 0.00 0.0000 Asphalt parking area
111  59.22760767  015.04896705
112  59.22758114  015.04911067  59.22756240  015.04917989
111  59.22753403  015.04918132
111  59.22732311  015.04921026
112  59.22707148  015.04919332  59.22704285  015.04918939
111  59.22685973  015.04913140
111  59.22636427  015.04878203
111  59.22635272  015.04882706
112  59.22684929  015.04918785  59.22691408  015.04923358
111  59.22684929  015.04918785
112  59.22684929  015.04918785  59.22687572  015.04920650
112  59.22706980  015.04925979  59.22717765  015.04928458
111  59.22706980  015.04925979
112  59.22706980  015.04925979  59.22712192  015.04926246
112  59.22724903  015.04933832  59.22727460  015.04941180
111  59.22724903  015.04933832
112  59.22724903  015.04933832  59.22726021  015.04953018
111  59.22721324  015.04985744
111  59.22751402  015.04983533
111  59.22757912  015.04926445
113  59.22768087  015.04900381
110 3 0.50 95.0000 Grass area
111  59.23482462  015.05440692
111  59.23495417  015.05308515
111  59.23499500  015.04982965
111  59.23359911  015.05005099
111  59.23234039  015.05029456
111  59.23129353  015.05046506
111  59.22996004  015.05044070
111  59.22888826  015.05005099
112  59.22814890  015.04980716  59.22812397  015.04980716
111  59.22814890  015.04980716
112  59.22814890  015.04980716  59.22814087  015.04980716
112  59.22771854  015.04909481  59.22763932  015.04907624
111  59.22771854  015.04909481
112  59.22771854  015.04909481  59.22755187  015.04905575
111  59.22753322  015.04961953
111  59.22640092  015.04891766
111  59.22533738  015.04824792
111  59.22540812  015.05221642
111  59.22884619  015.05227071
113  59.23389095  015.05344110
110 1 0.25 0.0000 Asphalt
111  59.23517521  015.04218738
111  59.23619725  015.04360597
111  59.23637003  015.04494834
111  59.23646059  015.04489594
111  59.23637087  015.04366187
111  59.23651508  015.04221862
111  59.23640428  015.04215906 1 102
114  59.23557758  015.04182242  59.23543474  015.04183793 1 102
110 1 0.25 0.0000 Asphalt
111  59.23255830  015.04112562
111  59.23248143  015.04190514
111  59.23295711  015.04225263
111  59.23377898  015.04292776
111  59.23392116  015.04151672 1
111  59.23397946  015.04097193 1
112  59.23333925  015.04069323  59.23319781  015.04065291 1
113  59.23303943  015.04063412 1
110 1 0.25 0.0000 Asphalt
111  59.20882504  015.03234751
111  59.20817382  015.03190630
111  59.20743553  015.03169045 1
111  59.20738570  015.03227319 1 102
111  59.20741458  015.03242128 1 102
111  59.20727740  015.03374708 1 102
111  59.20818350  015.03409968 1 102
112  59.20832068  015.03291493  59.20834234  015.03271042 1 102
112  59.20847951  015.03257643  59.20855893  015.03251296 1 102
114  59.20871925  015.03234759  59.20878062  015.03234054 1 102
112  59.20803910  015.03270337  59.20808964  015.03272452 1 102
112  59.20809686  015.03287262  59.20808964  015.03295019 1 102
112  59.20806076  015.03326754  59.20803910  015.03346500 1 102
112  59.20785138  015.03354257  59.20776835  015.03350731 1 102
112  59.20766005  015.03348615  59.20760229  015.03345794 1 102
112  59.20754453  015.03319702  59.20754453  015.03304892 1 102
112  59.20757702  015.03270337  59.20758785  015.03259053 1 102
114  59.20766005  015.03255527  59.20771781  015.03258348 1 102
110 1 0.25 0.0000 Asphalt
111  59.21234156  015.03376130
111  59.21242098  015.03298557
112  59.21236683  015.03280927  59.21230185  015.03276695
111  59.21104197  015.03225920 1
111  59.21088675  015.03369783 1 102
111  59.21091563  015.03384592 1 102
111  59.21077845  015.03517172 1 102
111  59.21168455  015.03552432 1 102
112  59.21182173  015.03433957  59.21184339  015.03413506 1 102
112  59.21198056  015.03400107  59.21205998  015.03393760 1 102
114  59.21224409  015.03376835  59.21230546  015.03376130 1 102
112  59.21154015  015.03412801  59.21159069  015.03414916 1 102
112  59.21159791  015.03429726  59.21159069  015.03437483 1 102
112  59.21156181  015.03469218  59.21154015  015.03488964 1 102
112  59.21135243  015.03496721  59.21126940  015.03493195 1 102
112  59.21116110  015.03491079  59.21110334  015.03488258 1 102
112  59.21104558  015.03462166  59.21104558  015.03447356 1 102
112  59.21107807  015.03412801  59.21108890  015.03401517 1 102
114  59.21116110  015.03397991  59.21121886  015.03400812 1 102
110 4 0.00 0.0000 New Taxiway 8
111  59.21388887  015.03358164
112  59.21395845  015.03261628  59.21393571  015.03249467
112  59.21390578  015.03235435  59.21388783  015.03221871
112  59.21386868  015.03204799  59.21388065  015.03191936
111  59.21394289  015.03136977
112  59.21387705  015.03110083  59.21377291  015.03103768
111  59.21347964  015.03091140
112  59.21342338  015.03082019  59.21338148  015.03070326
112  59.21327495  015.03059335  59.21319235  015.03055359
111  59.21252201  015.03029166
112  59.21251962  015.03025425  59.21254116  015.03019344
111  59.21257588  015.03009522
111  59.21253757  015.03007651
111  59.21247054  015.03024723
112  59.21239991  015.03025425  59.21233767  015.03021917
111  59.21048594  015.02945527
111  59.21045219  015.02940494
111  59.20510832  015.02678611
112  59.20509603  015.02678866  59.20509097  015.02679483
111  59.20469347  015.03006243
111  59.20470724  015.03006911
111  59.20510038  015.02683255
112  59.20510512  015.02681442  59.20510896  015.02681066
111  59.20511948  015.02682065
111  59.20875479  015.02876804
112  59.21043978  015.02951401  59.21045765  015.02958518
111  59.21043978  015.02951401
112  59.21043978  015.02951401  59.21043516  015.02952035
112  59.21040389  015.02979391  59.21038266  015.02995448
111  59.21040389  015.02979391
112  59.21040389  015.02979391  59.21034531  015.03023684
112  59.21020702  015.03126683  59.21017568  015.03146098
111  59.21020702  015.03126683
112  59.21020702  015.03126683  59.21020211  015.03129725
112  59.21018490  015.03133378  59.21018151  015.03133708
111  59.21018490  015.03133378
112  59.21018490  015.03133378  59.21018111  015.03133716
112  59.21015335  015.03133412  59.21013519  015.03132630
111  59.21015335  015.03133412
112  59.21015335  015.03133412  59.20993800  015.03124146
112  59.20887241  015.03068642  59.20881364  015.03071771
111  59.20887241  015.03068642
112  59.20887241  015.03068642  59.20885520  015.03068678
112  59.20864939  015.03083944  59.20852902  015.03095545
111  59.20864939  015.03083944
112  59.20864939  015.03083944  59.20853697  015.03089402
112  59.20841993  015.03100036  59.20835266  015.03121116
111  59.20841993  015.03100036
112  59.20841993  015.03100036  59.20838628  015.03121312
112  59.20830816  015.03181751  59.20830688  015.03181705
111  59.20830816  015.03181751
112  59.20830816  015.03181751  59.20826264  015.03180134
112  59.20668363  015.03117007  59.20612576  015.03094799
111  59.20668363  015.03117007
112  59.20668363  015.03117007  59.20668084  015.03116896
112  59.20667141  015.03116520  59.20666864  015.03116409
111  59.20667141  015.03116520
112  59.20667141  015.03116520  59.20639698  015.03105595
111  59.20619407  015.03097510
112  59.20616925  015.03090641  59.20612995  015.03089429
111  59.20599756  015.03088217
112  59.20589828  015.03074884  59.20586932  015.03067611
112  59.20582138  015.03058727  59.20578813  015.03056562
111  59.20412417  015.02980182
111  59.20412506  015.02990217
112  59.20584691  015.03075040  59.20587385  015.03083121
112  59.20593783  015.03097968  59.20594072  015.03098344
111  59.20608023  015.03123620
112  59.20615864  015.03120989  59.20618462  015.03110559
112  59.20619231  015.03106519  59.20619328  015.03104263
112  59.20619520  015.03103888  59.20619664  015.03103888
111  59.20619520  015.03103888
112  59.20619520  015.03103888  59.20619594  015.03103888
112  59.20666740  015.03121832  59.20690029  015.03130708
111  59.20666740  015.03121832
112  59.20666740  015.03121832  59.20667239  015.03122022
112  59.20668236  015.03122403  59.20668734  015.03122592
111  59.20668236  015.03122403
112  59.20668236  015.03122403  59.20689888  015.03130655
112  59.20710687  015.03138660  59.20710782  015.03138753
111  59.20710687  015.03138660
112  59.20710687  015.03138660  59.20710886  015.03138855
112  59.20715675  015.03151910  59.20714777  015.03160678
111  59.20711984  015.03176266
111  59.20718268  015.03177240
111  59.20719964  015.03158535
112  59.20725949  015.03146454  59.20731535  015.03148402
111  59.20817323  015.03183281
112  59.20827710  015.03196737  59.20826613  015.03209013
111  59.20800300  015.03412033
112  59.20795818  015.03423818  59.20794095  015.03424154
111  59.20791438  015.03448392
111  59.20789361  015.03449708
111  59.20438176  015.03273960
112  59.20436603  015.03272458  59.20436373  015.03271875
111  59.20469726  015.03016673
111  59.20468396  015.03016248
111  59.20435036  015.03272686
112  59.20435275  015.03275337  59.20435573  015.03276189
111  59.20436257  015.03276384
111  59.20792981  015.03456031
111  59.20796163  015.03433582
112  59.20803747  015.03444694  59.20811332  015.03452438
112  59.20820812  015.03456142  59.20825984  015.03458162
111  59.20993013  015.03527192
112  59.21006803  015.03540661  59.21010940  015.03545039
112  59.21030935  015.03557161  59.21034038  015.03557835
111  59.21077821  015.03578713
111  59.21342586  015.03684115
112  59.21349138  015.03688758  59.21351050  015.03691519
111  59.21350800  015.03695417
111  59.21357607  015.03681898
112  59.21352874  015.03681300  59.21351566  015.03680538
112  59.21342128  015.03675154  59.21338398  015.03673468
111  59.21277768  015.03648519
112  59.21274469  015.03637395  59.21272474  015.03628041
112  59.21269980  015.03586920  59.21270079  015.03575812
112  59.21266289  015.03511890  59.21266289  015.03510331
112  59.21267985  015.03453036  59.21268184  015.03440953
111  59.21271465  015.03390922
111  59.21266635  015.03388963
112  59.21263197  015.03449138  59.21262299  015.03460051
112  59.21262897  015.03519296  59.21263695  015.03529430
111  59.21267985  015.03616153
112  59.21271276  015.03642852  59.21271676  015.03644801
111  59.21271476  015.03645775
111  59.21087150  015.03572497
112  59.21083319  015.03568521  59.21082960  015.03565481
111  59.21082721  015.03564312
111  59.21116597  015.03531105
111  59.21111689  015.03529235
111  59.21082721  015.03559869
112  59.21083200  015.03549346  59.21083918  015.03539992
111  59.21087030  015.03519179
111  59.21083080  015.03518244
111  59.21079728  015.03550281
112  59.21072187  015.03567118  59.21065484  015.03563610
111  59.21012096  015.03536015
112  59.21006350  015.03529000  59.21004914  015.03525726
112  59.20997013  015.03520114  59.20994260  015.03518945
111  59.20818775  015.03447624
112  59.20805847  015.03410445  59.20809079  015.03377242
111  59.20805847  015.03410445
112  59.20805847  015.03410445  59.20808499  015.03383194
112  59.20850063  015.03104241  59.20861599  015.03027651
111  59.20850063  015.03104241
112  59.20850063  015.03104241  59.20856154  015.03100998
111  59.20867811  015.03100167
112  59.20888359  015.03081732  59.20902069  015.03076200
111  59.20888359  015.03081732
112  59.20888359  015.03081732  59.20923894  015.03100449
112  59.21021755  015.03145724  59.21044101  015.03152850
111  59.21021755  015.03145724
112  59.21021755  015.03145724  59.21025486  015.03142136
111  59.21046725  015.02963005
112  59.21049104  015.02956237  59.21052130  015.02951786
111  59.21049104  015.02956237
112  59.21049104  015.02956237  59.21059518  015.02960212
111  59.21241469  015.03033460
112  59.21241350  015.03039307  59.21238716  015.03045621
112  59.21231654  015.03090755  59.21233808  015.03109464
111  59.21246700  015.03172857
112  59.21251044  015.03231048  59.21251044  015.03241150
112  59.21254767  015.03255294  59.21256629  015.03262164
111  59.21259503  015.03275437
112  59.21260341  015.03281752  59.21260341  015.03285259
111  59.21260590  015.03306825
111  59.21266814  015.03309163
112  59.21265249  015.03284558  59.21263693  015.03280115
112  59.21259384  015.03259067  59.21258785  015.03255793
112  59.21255553  015.03232407  59.21254835  015.03220948
111  59.21251842  015.03184700
112  59.21248251  015.03160847  59.21245618  015.03147517
111  59.21236999  015.03094197
112  59.21237717  015.03075956  59.21240111  015.03065900
111  59.21247413  015.03038305
112  59.21253877  015.03039708  59.21259504  015.03042281
111  59.21325580  015.03068005
112  59.21334318  015.03079931  59.21338029  015.03089286
112  59.21352633  015.03106124  59.21367237  015.03111736
111  59.21386030  015.03120623
112  59.21389621  015.03139099  59.21388664  015.03152195
111  59.21385910  015.03170904
111  59.21380883  015.03168799
111  59.21382439  015.03147518
111  59.21327974  015.03108462
111  59.21315166  015.03233814
111  59.21374898  015.03213234
111  59.21379566  015.03177686
111  59.21384354  015.03178622
111  59.21383038  015.03202008
112  59.21383516  015.03221887  59.21385551  015.03230540
111  59.21390339  015.03249951
112  59.21393212  015.03274741  59.21392734  015.03284096
111  59.21390100  015.03316136
113  59.21385895  015.03356857
110 4 0.00 0.0000 New Taxiway 7
111  59.23387003  015.04211948
112  59.23415100  015.04227786  59.23417513  015.04229134
111  59.23421133  015.04229471
112  59.23495253  015.04261484  59.23498873  015.04263168
112  59.23507147  015.04274289  59.23510594  015.04281028
112  59.23513180  015.04283050  59.23513869  015.04283724
112  59.23525246  015.04279680  59.23530762  015.04276311
111  59.23539036  015.04279680
112  59.23624705  015.04312030  59.23626602  015.04312703
112  59.23644184  015.04317084  59.23647286  015.04318769
112  59.23673142  015.04331238  59.23674349  015.04331912
112  59.23710720  015.04349435  59.23711754  015.04350446
111  59.23711064  015.04359208
112  59.23710720  015.04410094  59.23711064  015.04415823
112  59.23716236  015.04429640  59.23718476  015.04434021
112  59.23727957  015.04458284  59.23730198  015.04464687
112  59.23727612  015.04474123  59.23725027  015.04477830
111  59.23716063  015.04479178
111  59.23679692  015.04483896
111  59.23679520  015.04488614
112  59.23693310  015.04488614  59.23696930  015.04488614
112  59.23729681  015.04482548  59.23744160  015.04476819
112  59.23795872  015.04481875  59.23805697  015.04484234
111  59.23812592  015.04489290
111  59.23983703  015.04648440
111  59.23986400  015.04640592
112  59.23818625  015.04487941  59.23791562  015.04463676
111  59.23730370  015.04476818
112  59.23733645  015.04465697  59.23734335  015.04459968
112  59.23727612  015.04446151  59.23725888  015.04442444
112  59.23717270  015.04421550  59.23713995  015.04412788
112  59.23716063  015.04362575  59.23716753  015.04347747
111  59.23724165  015.04349769
111  59.23841945  015.04399842
111  59.23847100  015.04407415
112  59.23845311  015.04433730  59.23846424  015.04437355
112  59.23855033  015.04439918  59.23857629  015.04436534
111  59.23860741  015.04415772
111  59.23871683  015.04412727
111  59.23974013  015.04455990
112  59.23974384  015.04451035  59.23973350  015.04450361
111  59.23974384  015.04451035
112  59.23974384  015.04451035  59.23973805  015.04450658
112  59.23873444  015.04407234  59.23825702  015.04386940
111  59.23873444  015.04407234
112  59.23873444  015.04407234  59.23868420  015.04405098
112  59.23864222  015.04386691  59.23862133  015.04378123
111  59.23864222  015.04386691
112  59.23864222  015.04386691  59.23863656  015.04381903
112  59.23866108  015.04353340  59.23866652  015.04340751
111  59.23866108  015.04353340
112  59.23866108  015.04353340  59.23864470  015.04353979
112  59.23854860  015.04351648  59.23851619  015.04353182
111  59.23854860  015.04351648
112  59.23854860  015.04351648  59.23852193  015.04376357
112  59.23847061  015.04396117  59.23845238  015.04395342
111  59.23847061  015.04396117
112  59.23847061  015.04396117  59.23822276  015.04385587
111  59.23800698  015.04377066
112  59.23725199  015.04344039  59.23725027  015.04343365
112  59.23720890  015.04323482  59.23720373  015.04315394
112  59.23719338  015.04270911  59.23718476  015.04252376
112  59.23718821  015.04216991  59.23719511  015.04189020
111  59.23737445  015.04156148
111  59.23731897  015.04149708
112  59.23714765  015.04184721  59.23713730  015.04187417
112  59.23708651  015.04221372  59.23708651  015.04226427
112  59.23712291  015.04247509  59.23714532  015.04259977
112  59.23713650  015.04325504  59.23712788  015.04341005
111  59.23708306  015.04340332
112  59.23680554  015.04330222  59.23670901  015.04327189
112  59.23650389  015.04314046  59.23642632  015.04308317
111  59.23627808  015.04307643
112  59.23540908  015.04275850  59.23533842  015.04273737
112  59.23525612  015.04275525  59.23522537  015.04276662
112  59.23514889  015.04278450  59.23510317  015.04277637
112  59.23503667  015.04263174  59.23498596  015.04254723
112  59.23482719  015.04250498  59.23478978  015.04249036
112  59.23458232  015.04241356  59.23448511  015.04238525
112  59.23418104  015.04222755  59.23413760  015.04221947
113  59.23387904  015.04204559
110 3 0.00 0.0000 New Taxiway 60
111  59.22744734  015.04658248
111  59.22738918  015.04701076
111  59.22770993  015.04715429
113  59.22776339  015.04678571
130 Airport Boundary 3
111  59.23887506  015.04371024
111  59.23882575  015.04335918
111  59.23853950  015.04321275
111  59.23719063  015.04169678
111  59.23575877  015.04113595
111  59.23575002  015.04091243
111  59.23561260  015.04067105
111  59.23567024  015.03994437
111  59.21401756  015.03127285
111  59.21403263  015.03107962
111  59.21358412  015.03087965
111  59.21333367  015.03040652
111  59.20506326  015.02662626
111  59.20465585  015.02981697
111  59.20248605  015.02864939
111  59.20236880  015.02915348
111  59.20459065  015.03031849
111  59.20427930  015.03282549
111  59.20821918  015.03477801
111  59.21282732  015.03690222
111  59.21284887  015.03771901
111  59.21258489  015.03869380
111  59.21247002  015.03922046
111  59.21291273  015.03982205
111  59.21388054  015.04004741
111  59.21378365  015.03874639
111  59.21497987  015.03878222
111  59.21495746  015.03748748
111  59.22356055  015.04090970
111  59.22351386  015.04752458
111  59.22529410  015.04994301
111  59.22534646  015.05242633
111  59.23137874  015.05294128
111  59.23395475  015.05366722
111  59.23482789  015.05502046
111  59.23504106  015.05433592
111  59.23502914  015.04827885
111  59.23611127  015.04813662
111  59.23631792  015.04607929
111  59.23809347  015.04696490
111  59.24043446  015.04672585
111  59.24074263  015.04618571
111  59.24271453  015.04696333
113  59.24281936  015.04541867
120 Linear Feature 34
111  59.22476066  015.04106064 4
115  59.22497442  015.04115247
120 Linear Feature 33
111  59.22761241  015.04220667 4
115  59.22782196  015.04229503
120 Linear Feature 36
111  59.20756092  015.03385233 4
115  59.20760240  015.03343497
120 Linear Feature 35
111  59.21106726  015.03527054 4
115  59.21111270  015.03487103
120 Linear Feature 46
111  59.22637456  015.04586662 20
111  59.22638654  015.04483750 20
112  59.22636726  015.04467225  59.22634204  015.04459977 20
112  59.22607421  015.04359867  59.22606646  015.04357654 20
112  59.22607208  015.04350123  59.22607356  015.04348964 20
115  59.22612313  015.04306886
120 Linear Feature 44
111  59.22616614  015.04309046 20
112  59.22611360  015.04352235  59.22611122  015.04354565 20
112  59.22612910  015.04361206  59.22613804  015.04364469 20
111  59.22642214  015.04466355 20
112  59.22643549  015.04484330  59.22643104  015.04491577 20
115  59.22642608  015.04587970
120 Linear Feature 43
111  59.23776038  015.04627239 22
116  59.23355282  015.04262870  59.23352089  015.04260051
120 Linear Feature 48
111  59.22496165  015.04770502 22
115  59.22803432  015.04909970
120 Linear Feature 62
111  59.22760390  015.04663648 20
115  59.22732324  015.04652220
120 Linear Feature 61
111  59.22761121  015.04655648 20
115  59.22732616  015.04643363
120 Linear Feature 14
111  59.22880030  015.04618448 1 102
112  59.22889916  015.04510469  59.22890809  015.04501744 1 102
112  59.22887019  015.04489693  59.22884680  015.04484690 1 102
111  59.22878356  015.04481675 1 102
112  59.22847777  015.04468369  59.22839534  015.04464742 1 102
115  59.22834331  015.04454774
120 Linear Feature 13
111  59.22455504  015.04247979 1 106
115  59.22425424  015.04495840
120 Linear Feature 12
111  59.22493462  015.03884378 1 102
112  59.22499548  015.03897898  59.22500960  015.03906519 1 102
111  59.22500134  015.03916639 1 102
111  59.22476066  015.04106064 1 102
111  59.22459682  015.04236165 1 102
115  59.22455502  015.04248084
120 Linear Feature 11
111  59.22508820  015.04268913 1 102
112  59.22486014  015.04259113  59.22479969  015.04256023 1 102
111  59.22481217  015.04245942 1 102
111  59.22497442  015.04115247 1 102
112  59.22520299  015.03929450  59.22521526  015.03920071 1 102
112  59.22525767  015.03908729  59.22529339  015.03900222 1 102
115  59.22538825  015.03903930
120 Linear Feature 10
111  59.22611519  015.04312665 1 102
115  59.22513235  015.04270838
120 Linear Feature 9
111  59.22636782  015.04323595 1 102
115  59.22616126  015.04314839
120 Linear Feature 8
111  59.22758085  015.03992283 1 102
112  59.22775619  015.04020363  59.22778897  015.04036948 1 102
112  59.22777708  015.04063825  59.22775972  015.04080033 1 102
111  59.22761241  015.04220667 1 102
111  59.22753725  015.04292921 1 102
116  59.22708013  015.04352663  59.22674457  015.04337586
120 Linear Feature 7
111  59.22834331  015.04454774 1 102
112  59.22825423  015.04433824  59.22822144  015.04425908 1 102
111  59.22818480  015.04423269 1 102
112  59.22794759  015.04411961  59.22772003  015.04400653 1 102
111  59.22770205  015.04345621 1 102
111  59.22782224  015.04229527 1 102
112  59.22799016  015.04075637  59.22800579  015.04061458 1 102
112  59.22812744  015.04035937  59.22822342  015.04021758 1 102
115  59.22837836  015.04023866
120 Linear Feature 19
111  59.22864439  015.04722523 1
112  59.22869299  015.04741069  59.22875084  015.04743330 1
115  59.22879708  015.04744869
120 Linear Feature 18
111  59.22866522  015.04703978 1
112  59.22872539  015.04725237  59.22880175  015.04727951 1
115  59.22882165  015.04728408
120 Linear Feature 17
111  59.22869993  015.04673220 1
112  59.22877398  015.04690409  59.22884572  015.04693123 1
115  59.22885035  015.04693123
120 Linear Feature 16
111  59.22885006  015.04005482 1
111  59.22832367  015.03983305 1
112  59.22792282  015.04029534  59.22786658  015.04084189 1
111  59.22761291  015.04325216 1
112  59.22766245  015.04399993  59.22777430  015.04427132 1
112  59.22796715  015.04437687  59.22803465  015.04439948 1
111  59.22814072  015.04444848 1
112  59.22825450  015.04462564  59.22829693  015.04475380 1
112  59.22838057  015.04480984  59.22844305  015.04483698 1
111  59.22878324  015.04502243 1
112  59.22883638  015.04526868  59.22881786  015.04549484 1
111  59.22869993  015.04673220 1
111  59.22866522  015.04703978 1
111  59.22864439  015.04722523 1
116  59.22849628  015.04732474  59.22836900  015.04727951
120 Linear Feature 15
111  59.22692746  015.04347009 1
115  59.22636782  015.04323595
120 Linear Feature 30
111  59.22516519  015.04311630 1
112  59.22480495  015.04364624  59.22473830  015.04421068 1
115  59.22468831  015.04461230
120 Linear Feature 29
111  59.22714938  015.04393900 1
112  59.22689329  015.04457428  59.22684331  015.04498678 1
115  59.22682664  015.04514417
120 Linear Feature 28
111  59.22636625  015.04361877 1
112  59.22587689  015.04416181  59.22578247  015.04484566 1
115  59.22574359  015.04517673
120 Linear Feature 27
111  59.22585250  015.04340168 1
112  59.22539368  015.04395015  59.22533259  015.04448745 1
115  59.22527705  015.04493249
120 Linear Feature 26
111  59.22468061  015.04248060 1
115  59.22443838  015.04457428
120 Linear Feature 25
111  59.22603394  015.03892774 1
111  59.22537578  015.03866722 1
116  59.22511813  015.03911363  59.22505704  015.03960209
120 Linear Feature 24
111  59.22761291  015.04325216 1
112  59.22736044  015.04387386  59.22719104  015.04397699 1
111  59.22714938  015.04393900 1
111  59.22636625  015.04361877 1
111  59.22585250  015.04340168 1
111  59.22516519  015.04311630 1
111  59.22471530  015.04290790 1
112  59.22468531  015.04247154  59.22472530  015.04212637 1
111  59.22511813  015.03911363 1
112  59.22496755  015.03850984  59.22475927  015.03842300 1
115  59.22427606  015.03821677
120 Linear Feature 23
111  59.22838057  015.04480984 1
112  59.22840512  015.04485406  59.22841265  015.04487615 1
111  59.22844380  015.04496135 1
112  59.22844887  015.04514828  59.22843036  015.04529302 1
115  59.22837781  015.04581410
120 Linear Feature 22
111  59.22766245  015.04399993 1
111  59.22782033  015.04463092 1
112  59.22783704  015.04497760  59.22780927  015.04520827 1
115  59.22776993  015.04555202
120 Linear Feature 21
111  59.22761291  015.04325216 1
115  59.22738146  015.04537073
120 Linear Feature 17
111  59.22711942  015.03934080 1
111  59.22770139  015.03958753 1
116  59.22792282  015.04029534  59.22788243  015.04084310
21  59.21402553  015.03311336 2 11.6600 3.00 01  PAPI-4L
21  59.23275421  015.04259674 2 193.0100 3.00 19  PAPI-4L
20  59.23392886  015.04325708 44.6400 0 2 {no-entry}
20  59.23407029  015.04281725 24.5700 0 2 {no-entry}
20  59.22747949  015.04216893 102.0300 0 2 {@@,@L}A{@R}01-19
20  59.22424703  015.03889016 12.1500 0 2 {@Y}C{^r}
20  59.22706983  015.03999888 12.1500 0 2 {@Y}A{^r}
20  59.22585961  015.03952406 192.6700 0 2 {@Y,^l}C
20  59.22874267  015.04070607 192.6700 0 2 {@Y,^l}A
20  59.22470385  015.04094438 102.0300 0 2 {@@,@L}A{@R}01-19
20  59.22504924  015.04111181 102.0300 0 2 {@L}A{@Y}APRON{^l}|CARGO{^u,@@,@L}A{@R}01-19
20  59.22797936  015.04236976 102.0300 0 2 {@L}A{@Y}APRON{^u}|CARGO{^r,@@,@L}A{@R}01-19
20  59.21082887  015.03401849 106.5600 0 2 {no-entry}
20  59.20732954  015.03251394 106.5600 0 2 {no-entry}
20  59.21114267  015.03416496 106.5600 0 2 {no-entry}
20  59.20764335  015.03266041 106.5600 0 2 {no-entry}
20  59.21114314  015.03467260 192.5800 0 2 {@R}CAT1-01
20  59.20768781  015.03330925 192.5800 0 2 {@R}CAT1-01
20  59.21104498  015.03553129 192.5800 0 2 {@R}CAT1-01
20  59.20757900  015.03410300 192.5800 0 2 {@R}CAT1-01
20  59.21574538  015.03552045 175.5900 0 2 {no-entry}
20  59.21584535  015.03604676 175.5900 0 2 {no-entry}
20  59.20839306  015.03318424 104.1200 0 2 {@L}B{@Y}MAX_TURN_RAD_25M
20  59.21230922  015.03403407 191.4500 0 2 {@Y,^l}B
14  59.22767906  015.04624852  59.06 0 ATC Tower
1300  59.22878840  015.04745648  13.31 tie_down turboprops|props|helos|fighters General Aviation Apron 1
1301 A general_aviation 
1300  59.22775071  015.04570217 103.24 gate heavy|jets|turboprops|props Apron 2
1301 E airline 
1300  59.22468505  015.04464404 103.24 gate heavy|jets|turboprops|props|helos Cargo Apron 7
1301 E cargo 
1300  59.22809543  015.04991256  71.07 tie_down turboprops|props Glider Strip Club Parking
1301 B general_aviation 
1300  59.21294398  015.03923630 259.69 tie_down jets|turboprops|props|helos South Excecutive Apron
1301 B general_aviation 
19  59.22697124  015.05186387 0 New Windsock 11
19  59.23381010  015.05308498 0 New Windsock 10
19  59.21382467  015.03181690 1 WS
19  59.23039314  015.04352210 1 WS
54 12027 TWR
54 12150 TWR
50 12627 ATIS Skavska Mil (ESKN)
1000 N wind flow rwy 1
1001 ESKN 098 278 80
1002 ESKN 500
1003 ESKN 0.5
1101 01 left
1100 01  12027 arrivals|departures heavy|jets|turboprops|props|helos|fighters 000000 000000 Arr,Dep Rwy 01
1000 S wind flow rwy 19
1001 ESKN 278 098 80
1002 ESKN 500
1003 ESKN 0.5
1101 19 left
1100 01  12027 arrivals|departures heavy|jets|turboprops|props|helos|fighters 000000 000000 Arr,Dep Rwy 01
1000 N wind flow rwy 1R
1001 ESKN 098 278 30
1002 ESKN 1000
1003 ESKN 1.0
1101 01R left
1100 01R  12027 arrivals|departures turboprops|props 000000 000000 Arr,Dep Rwy 01R
1000 S wind flow rwy 19L
1001 ESKN 278 098 30
1002 ESKN 1000
1003 ESKN 1.0
1101 01R left
1100 19L  12027 arrivals|departures turboprops|props 000000 000000 Arr,Dep Rwy 19L
1200 
1201  59.21093578  015.03479661 both 0 B_stop
1201  59.21111418  015.03507903 both 1 B_stop
1201  59.21136640  015.03519320 both 2 B_stop
1201  59.21161862  015.03509706 both 3 B_stop
1201  59.21180010  015.03379314 both 4 B_stop
1201  59.22617397  015.04433448 both 5 _stop
1201  59.22466192  015.04546413 both 6 _stop
1201  59.22439167  015.04429845 both 7 _stop
1201  59.22452257  015.04321209 both 8 _stop
1201  59.22510050  015.04348494 both 9 _stop
1201  59.22629434  015.04397037 both 10 _stop
1201  59.22748442  015.04439197 both 11 _stop
1201  59.22813799  015.04466162 both 12 _stop
1201  59.22820029  015.04499909 both 13 _stop
1201  59.22809893  015.04586940 both 14 _stop
1201  59.22850467  015.04608804 both 15 _stop
1201  59.22863283  015.04516261 both 16 _stop
1201  59.22869869  015.04463379 both 17 _stop
1201  59.22853493  015.04455377 both 18 _start
1201  59.22783930  015.04595022 both 19 _stop
1201  59.22778909  015.04632780 both 20 _stop
1201  59.22761465  015.04629301 both 21 _stop
1201  59.22760753  015.04608427 both 22 _stop
1201  59.22778125  015.04612348 both 23 _stop
1201  59.22780925  015.04588832 both 24 _stop
1201  59.22786385  015.04585814 both 25 _stop
1201  59.22897849  015.04481235 both 26 _stop
1201  59.22816508  015.05038299 both 27 _stop
1201  59.23472060  015.05133910 both 28 _stop
1201  59.22602711  015.05003846 both 29 _stop
1201  59.22603121  015.05037048 both 30 _stop
1201  59.22605184  015.04946824 both 31 _start
1201  59.23466673  015.05239901 both 32 N_stop
1201  59.23470356  015.05169649 both 33 N_stop
1201  59.22624556  015.05114780 both 34 N_start
1201  59.23628532  015.04301964 both 35 N_stop
1201  59.21096050  015.03279721 both 36 N_start
1201  59.21113879  015.03286777 both 37 N_start
1201  59.21220303  015.03328839 both 38 N_start
1201  59.22518926  015.03854344 both 39 N_start
1201  59.22800391  015.03967449 both 40 N_start
1201  59.23495329  015.04248232 both 41 N_start
1201  59.23554710  015.04271616 both 42 N_start
1201  59.23609290  015.04294053 both 43 N_start
1201  59.22755102  015.04381339 both 44 A_stop
1201  59.22771911  015.04227113 both 45 A_stop
1201  59.22485629  015.04113837 both 46 _stop
1201  59.22467724  015.04251349 both 47 _stop
1201  59.22474948  015.04291866 both 48 _stop
1201  59.22867202  015.04698878 both 49 _stop
1201  59.22871565  015.04657521 both 50 _stop
1201  59.22883781  015.04526629 both 51 _stop
1201  59.22879636  015.04502753 both 52 _stop
1201  59.22844628  015.04484624 both 53 _stop
1201  59.22865855  015.04495616 both 54 _stop
1201  59.22530548  015.04317649 both 55 _stop
1201  59.22630946  015.04359875 both 56 _stop
1201  59.22721656  015.04394693 both 57 _stop
1201  59.22831462  015.04476843 both 58 _stop
1201  59.22819672  015.04446823 both 59 _stop
1201  59.22782611  015.04427051 both 60 _stop
1201  59.23587818  015.04346362 both 61 _stop
1201  59.23615586  015.04278715 both 62 _stop
1201  59.23604052  015.04218166 both 63 _stop
1201  59.23546380  015.04200211 both 64 _stop
1202 0 37 twoway taxiway_E B
1204 departure 01,19
1204 arrival 01,19
1202 1 0 twoway taxiway_E B
1204 departure 01,19
1204 arrival 01,19
1202 2 1 twoway taxiway_E B
1204 departure 01,19
1204 arrival 01,19
1202 3 2 twoway taxiway_E B
1204 departure 01,19
1204 arrival 01,19
1202 4 3 twoway taxiway_E B
1204 departure 01,19
1204 arrival 01,19
1202 38 4 twoway taxiway_E B
1204 departure 01,19
1204 arrival 01,19
1202 27 29 twoway taxiway_B 
1202 28 27 twoway taxiway_B 
1202 32 33 twoway taxiway_B 
1204 departure 01R,19L
1204 arrival 01R,19L
1202 33 28 twoway taxiway_B 
1202 29 30 twoway taxiway_B 
1202 30 34 twoway taxiway_B 
1204 departure 01R,19L
1204 arrival 01R,19L
1202 31 29 twoway taxiway_B 
1202 34 32 twoway runway 01R/19L
1204 departure 01R,19L
1204 arrival 01R,19L
1204 ils 01R,19L
1202 36 37 twoway runway 01/19
1204 departure 01,19
1204 arrival 01,19
1204 ils 01,19
1202 37 38 twoway runway 01/19
1204 departure 01,19
1204 arrival 01,19
1204 ils 01,19
1202 38 39 twoway runway 01/19
1204 departure 01,19
1204 arrival 01,19
1204 ils 01,19
1202 39 40 twoway runway 01/19
1204 departure 01,19
1204 arrival 01,19
1204 ils 01,19
1202 40 41 twoway runway 01/19
1204 departure 01,19
1204 arrival 01,19
1204 ils 01,19
1202 41 42 twoway runway 01/19
1204 departure 01,19
1204 arrival 01,19
1204 ils 01,19
1202 42 43 twoway runway 01/19
1204 departure 01,19
1204 arrival 01,19
1204 ils 01,19
1202 43 35 twoway runway 01/19
1204 departure 01,19
1204 arrival 01,19
1204 ils 01,19
1202 45 44 twoway taxiway_E A
1202 40 45 twoway taxiway_E A
1204 departure 01,19
1204 arrival 01,19
1202 46 39 twoway taxiway_E C
1204 departure 01,19
1204 arrival 01,19
1202 47 46 twoway taxiway_E C
1202 48 47 twoway taxiway_E 
1202 55 48 twoway taxiway_E 
1202 50 49 twoway taxiway_A 
1202 51 50 twoway taxiway_A 
1202 52 51 twoway taxiway_A 
1202 53 54 twoway taxiway_A 
1202 54 52 twoway taxiway_A 
1202 58 53 twoway taxiway_C 
1202 59 58 twoway taxiway_C 
1202 56 55 twoway taxiway_D 
1202 57 56 twoway taxiway_D 
1202 44 57 twoway taxiway_D 
1202 60 59 twoway taxiway_C 
1202 44 60 twoway taxiway_E 
1202 61 42 oneway taxiway_E 
1204 departure 01,19
1204 arrival 01,19
1202 62 43 oneway taxiway_E 
1204 departure 01,19
1204 arrival 01,19
1202 43 61 oneway taxiway_E 
1204 departure 01,19
1204 arrival 01,19
1202 63 62 oneway taxiway_E 
1204 departure 01,19
1204 arrival 01,19
1202 64 63 oneway taxiway_E 
1204 departure 01,19
1204 arrival 01,19
1202 41 64 oneway taxiway_E 
1204 departure 01,19
1204 arrival 01,19
1206 10 5 twoway  
1206 7 6 twoway  
1206 8 7 twoway  
1206 9 8 twoway  
1206 10 9 twoway  
1206 11 10 twoway  
1206 12 11 twoway  
1206 13 12 twoway  
1206 14 13 twoway  
1206 15 14 twoway  
1206 16 15 twoway  
1206 17 54 twoway  
1206 54 16 twoway  
1206 18 17 twoway  
1206 19 25 oneway  
1206 20 19 oneway  
1206 21 20 oneway  
1206 22 21 oneway  
1206 23 22 oneway  
1206 24 23 oneway  
1206 25 24 oneway  
1206 14 25 twoway  
1206 17 26 twoway  
1400  59.22726209  15.04572016  193.63 pushback 0 New Service Truck 213
1400  59.22734531  15.04502625  196.39 food 0 New Service Truck 212
1400  59.22716866  15.04512095  333.44 fuel_jets 0 New Service Truck 211
1400  59.22748550  15.04479740  95.19 crew_car 0 New Service Truck 210
1400  59.22726538  15.04519642 -144.09 baggage_train 3 New Service Truck 209
1400  59.22852328  15.04672895  93.81 fuel_liners 0 New Service Truck 208
1400  59.22470553  15.04564700  195.25 crew_limo 0 New Service Truck 218
1400  59.22467990  15.04581231  192.09 crew_car 0 New Service Truck 217
1400  59.22844446  15.04433424  68.46 crew_car 0 New Service Truck 216
1400  59.22799511  15.04566460  106.70 gpu 0 New Service Truck 215
1401  59.22646645  15.04437143  189.46 baggage_train|crew_car|crew_ferrari|gpu New Service Truck Destination 197
1401  59.22574677  15.04409653  108.44 pushback New Service Truck Destination 207
1401  59.22834059  15.04617496  90.00 baggage_loader|baggage_train|gpu|pushback New Service Truck Destination 206
1401  59.22845184  15.04623294  100.78 baggage_loader|baggage_train|gpu New Service Truck Destination 205
1401  59.22724733  15.04468310  100.31 baggage_loader|baggage_train New Service Truck Destination 204
1401  59.22801629  15.04548965  103.50 baggage_loader New Service Truck Destination 203
1401  59.22735754  15.04487347  103.39 baggage_loader New Service Truck Destination 202
1401  59.22602211  15.04428735  115.20 baggage_loader|food New Service Truck Destination 201
1401  59.22861444  15.04625383  198.43 food New Service Truck Destination 200
1401  59.22903245  15.04469438  83.66 fuel_jets|fuel_liners|fuel_props New Service Truck Destination 199
1401  59.22902627  15.04496498  182.12 fuel_jets|fuel_liners|fuel_props New Service Truck Destination 198
1401  59.22624303  15.04487990  10.89 baggage_train|crew_car|crew_ferrari|gpu New Service Truck Destination 195
1401  59.22622936  15.04461773  0.00 baggage_train New Service Truck Destination 194
1401  59.22768611  15.04619741  0.00 baggage_train New Service Truck Destination 193
99
