A
1000 Generated by WorldEditor

1     32 0 0 ESQO Arboga
100 50.00 3 0 0.25 0 0 0 15L  59.39125655  015.91967826    0    0 0 0 0 0 33R  59.38801876  015.92379497    0    0 0 0 0 0
100 40.00 1 0 0.25 0 0 0 15  59.39585330  015.91266713    0    0 0 0 0 0 33  59.38081880  015.93178639    0    0 0 0 0 0
110 1 0.25 0.0000 Small hangar area
111  59.38781338  015.91874707
111  59.38766301  015.91893736
112  59.38773653  015.91898329  59.38775992  015.91906203
112  59.38813083  015.92018409  59.38817093  015.92027596
112  59.38828120  015.92022347  59.38832129  015.92021034
112  59.38837476  015.92002661  59.38838144  015.91995443
111  59.38837810  015.91987569
111  59.38875903  015.92002005
111  59.38880751  015.91977709
111  59.38880582  015.91949511
111  59.38834468  015.91929169
111  59.38828120  015.91967228
111  59.38802390  015.91960010
114  59.38780001  015.91893080  59.38777997  015.91885206
111  59.38830793  015.91988882
112  59.38829122  015.92008567  59.38826783  015.92013816
112  59.38818429  015.92009223  59.38814085  015.92005942
111  59.38805397  015.91972477
111  59.38814085  015.91975102
113  59.38817761  015.91984288
110 1 0.25 0.0000 Taxiways & asphalt
112  59.39589350  015.91216143  59.39592463  015.91191684
112  59.39588722  015.91134678  59.39586498  015.91111966
112  59.39574801  015.91053273  59.39569019  015.91034055
112  59.39551968  015.90992289  59.39545297  015.90978312
111  59.39527815  015.90950900
111  59.39411125  015.90830362
111  59.39402247  015.90832451
111  59.39335281  015.90763420
111  59.39343197  015.90710496
111  59.39318805  015.90687570
111  59.39305680  015.90733222
111  59.39190653  015.90619440
111  59.39173538  015.90591979
111  59.39165176  015.90583362
111  59.39153868  015.90584844
111  59.39134212  015.90569129
111  59.39105457  015.90685658
112  59.39123038  015.90699760  59.39129074  015.90704946
112  59.39131534  015.90737076  59.39129082  015.90750412
111  59.39052310  015.91091650
111  59.39041367  015.91100650
111  59.39033078  015.91093285
111  59.39030081  015.91107035
111  59.39038848  015.91114400
111  59.39041745  015.91141115
111  59.38998651  015.91328077
111  59.38990098  015.91340701
111  59.38980892  015.91331247
111  59.38977521  015.91346819
111  59.38986444  015.91355439
111  59.38987888  015.91378800
111  59.38947743  015.91548932
111  59.38938511  015.91556754
111  59.38929662  015.91548616
111  59.38925650  015.91564522
111  59.38934450  015.91573498
111  59.38934422  015.91597062
112  59.38924601  015.91630441  59.38920333  015.91643753
112  59.38889799  015.91712373  59.38883774  015.91726178
111  59.38851361  015.91772361
111  59.38838211  015.91773367
111  59.38833516  015.91761340
111  59.38826986  015.91770172
111  59.38830885  015.91783304
111  59.38827144  015.91801081
111  59.38801686  015.91834248
111  59.38746056  015.91904846
111  59.38732388  015.91904866
111  59.38728561  015.91893251
111  59.38721237  015.91903135
111  59.38725769  015.91916085
111  59.38721233  015.91936348
111  59.38609272  015.92078434
111  59.38595862  015.92077717
111  59.38590545  015.92064860
111  59.38584165  015.92075247
111  59.38588926  015.92087461
111  59.38584326  015.92110093
111  59.38478936  015.92237704
111  59.38470067  015.92234084
111  59.38464778  015.92217297
111  59.38456142  015.92229087
111  59.38460646  015.92245959
111  59.38459813  015.92260900
111  59.38358166  015.92391777
111  59.38350923  015.92390222
111  59.38346858  015.92375586
111  59.38339345  015.92385848
111  59.38342987  015.92398209
111  59.38338634  015.92416254
111  59.38220749  015.92565043
111  59.38211365  015.92563449
111  59.38208033  015.92551163
111  59.38200269  015.92560441
111  59.38203767  015.92572854
111  59.38201250  015.92589565
111  59.38070582  015.92753652
111  59.37983407  015.92867318
111  59.37969401  015.92887580
111  59.37959574  015.92894553
112  59.37947040  015.92921542  59.37944529  015.92933372
112  59.37938145  015.92969170  59.37937392  015.92981985
111  59.37938145  015.92969170
112  59.37938145  015.92969170  59.37937392  015.92981985
112  59.37938549  015.93011241  59.37939302  015.93023071
112  59.37944614  015.93062838  59.37946622  015.93071710
112  59.37959978  015.93097765  59.37962991  015.93101708
112  59.37975900  015.93117451  59.37980670  015.93127802
111  59.37996855  015.93152891
112  59.38016566  015.93172851  59.38022089  015.93177287
112  59.38041464  015.93185071  59.38051004  015.93187535
111  59.38075076  015.93186700
111  59.38081923  015.93188737
111  59.38089185  015.93200958
111  59.38072278  015.93149615
112  59.38059269  015.93164402  59.38054248  015.93169331
112  59.38037130  015.93167090  59.38030603  015.93165612
112  59.38017502  015.93157681  59.38011477  015.93151273
112  59.37987604  015.93115561  59.37982081  015.93104718
112  59.37969346  015.93063136  59.37967631  015.93053036
112  59.37963810  015.92998619  59.37963966  015.92986683
112  59.37966092  015.92956947  59.37967028  015.92949296
112  59.37972483  015.92935888  59.37974509  015.92932521
112  59.37984351  015.92933199  59.37987469  015.92935954
112  59.38001697  015.92952018  59.38003411  015.92954467
112  59.38006884  015.92964831  59.38008443  015.92973400
112  59.38021503  015.93028752  59.38026273  015.93042553
112  59.38045737  015.93075240  59.38052539  015.93078023
111  59.38115257  015.93079863
112  59.38118784  015.93082715  59.38119351  015.93085219
111  59.38117539  015.93092084
111  59.38139533  015.93064384
112  59.38084231  015.93063289  59.38072591  015.93058360
112  59.38048099  015.93018611  59.38040080  015.93000243
112  59.38030535  015.92944496  59.38029198  015.92926128
112  59.38032966  015.92875377  59.38034637  015.92859632
112  59.38043430  015.92825873  59.38050447  015.92805536
112  59.38074746  015.92764861  59.38084102  015.92753053
111  59.38845815  015.91794299
112  59.38894620  015.91721647  59.38901398  015.91707842
112  59.38930823  015.91635673  59.38938355  015.91613487
111  59.38961645  015.91522773
112  59.39155957  015.90662800  59.39159541  015.90647501
112  59.39194630  015.90640371  59.39211945  015.90657263
111  59.39521873  015.90971501
112  59.39543935  015.91006891  59.39551051  015.91024361
112  59.39564561  015.91064499  59.39569898  015.91086337
112  59.39577298  015.91136330  59.39579077  015.91158168
112  59.39580054  015.91200533  59.39578720  015.91221497
111  59.39574890  015.91237758
113  59.39581269  015.91256254
111  59.38037280  015.92818171
112  59.38031087  015.92842969  59.38029684  015.92849702
112  59.38023245  015.92893614  59.38022622  015.92901878
112  59.38020906  015.92911983  59.38019971  015.92913819
112  59.38000523  015.92931664  59.37996158  015.92932276
112  59.37985152  015.92917887  59.37983125  015.92911460
112  59.37983815  015.92894270  59.37985374  015.92885089
111  59.37996847  015.92868685
113  59.38034272  015.92818171
14  59.38857096  015.91966002  32.81 0 Tower Viewpoint
1300  59.39141030  015.92043255 216.99 misc props Grass rwy
1300  59.38853892  015.91986908   9.86 misc props Fuel & hangar
19  59.39502173  015.91269255 1 WS N
19  59.38125704  015.93010221 1 WS S
54 12315 Club RDO
54 13500 Field RDO
99
