I
1100 Generated by WorldEditor 1.6.1r1

1     13 1 0 ESQP Berga Orlogsbas
1302 city Berga Naval Base
1302 country Sweden
1302 datum_lat 59.070277778
1302 datum_lon 18.116944444
1302 faa_code 
1302 iata_code 
1302 icao_code ESQP
1302 region_code ES
1302 state Stockholms län
1302 transition_alt 
1302 transition_level 
100 12.00 1 0 0.25 0 2 0 06  59.07014290  018.11629450    0    0 0 0 0 0 24  59.07090500  018.11894400    0    0 2 0 0 0
100 12.00 1 0 0.25 0 2 0 01  59.06921465  018.11640099    0    0 2 0 0 0 19  59.07036405  018.11705806    0    0 0 0 0 0
110 1 0.25 0.0000 Asphalt area
111  59.07095828  018.11889393
111  59.07095458  018.11885797
112  59.07069977  018.11795622  59.07068579  018.11789794
112  59.07073711  018.11778528  59.07076307  018.11776196
111  59.07091551  018.11761450
111  59.07122257  018.11770408
111  59.07128947  018.11767183
111  59.07112010  018.11602562
111  59.07096321  018.11540352
111  59.07061326  018.11418999
111  59.07069300  018.11334194
111  59.07080505  018.11321184
111  59.07047770  018.11194773
111  59.07019287  018.11143149
111  59.06988398  018.11130459
111  59.06968061  018.11131480
112  59.06931252  018.11136147  59.06927024  018.11136944
112  59.06922242  018.11144633  59.06921833  018.11151797
112  59.06921417  018.11161242  59.06921281  018.11167611
111  59.06916374  018.11175317
112  59.06900475  018.11193669  59.06897340  018.11197843
111  59.06893655  018.11213390
111  59.06888560  018.11220362
112  59.06878624  018.11185271  59.06875984  018.11177244
112  59.06866398  018.11178549  59.06862272  018.11179512
112  59.06853906  018.11195096  59.06851265  018.11201196
112  59.06848626  018.11216117  59.06847801  018.11225428
112  59.06853511  018.11249907  59.06856977  018.11258576
111  59.06866549  018.11276573
111  59.06856888  018.11306592
111  59.06834577  018.11362913
111  59.06817908  018.11335942
111  59.06803385  018.11374150
111  59.06849431  018.11453456
111  59.06865274  018.11420385
111  59.06838538  018.11370940
111  59.06847450  018.11348785
111  59.06860477  018.11309101
111  59.06872711  018.11277028
111  59.06883758  018.11258885
112  59.06891020  018.11257600  59.06893121  018.11258184
112  59.06896301  018.11266269  59.06897652  018.11272107
111  59.06907524  018.11315073
111  59.06906534  018.11316357
111  59.06900758  018.11321494
111  59.06899018  018.11326805
111  59.06910486  018.11367877
111  59.06913220  018.11369021
111  59.06919756  018.11362856
111  59.06928242  018.11377337
112  59.06997330  018.11608837  59.06998685  018.11613780
112  59.07000864  018.11633732  59.07000101  018.11642300
112  59.06992742  018.11653369  59.06989608  018.11655840
112  59.06981219  018.11660599  59.06979440  018.11659775
111  59.06906147  018.11617774
111  59.06904924  018.11627664
112  59.06860478  018.11613993  59.06851032  018.11612284
112  59.06836035  018.11611491  59.06827908  018.11612773
111  59.06814166  018.11619624
111  59.06814809  018.11630886
112  59.06830890  018.11625255  59.06838578  018.11623118
112  59.06856284  018.11625005  59.06865071  018.11627141
111  59.06877372  018.11630133
111  59.06903501  018.11640521
111  59.06894036  018.11703210
112  59.07000166  018.11763894  59.07001778  018.11765100
112  59.07004559  018.11770732  59.07005179  018.11773627
111  59.07019277  018.11823296
111  59.07022777  018.11830262
111  59.07060768  018.11851652
111  59.07069319  018.11852461
111  59.07083660  018.11898731
112  59.07086470  018.11902785  59.07087521  018.11905412
112  59.07087836  018.11919217  59.07087536  018.11924179
112  59.07073312  018.12051667  59.07072816  018.12055044
112  59.07070045  018.12059084  59.07068805  018.12060532
112  59.07061875  018.12065795  59.07059891  018.12068931
112  59.07058063  018.12080276  59.07057319  018.12086066
112  59.07059878  018.12099349  59.07061490  018.12104656
112  59.07068229  018.12109239  59.07071205  018.12110445
112  59.07079122  018.12106766  59.07081850  018.12103871
112  59.07085113  018.12085221  59.07085361  018.12076777
112  59.07080392  018.12065088  59.07078533  018.12061229
112  59.07078304  018.12053205  59.07078800  018.12048139
111  59.07091323  018.11933308
112  59.07092811  018.11914491  59.07093111  018.11907777
113  59.07092341  018.11893413
112  59.07062830  018.11565895  59.07063829  018.11570169
111  59.07091266  018.11666999
111  59.07086308  018.11754856
111  59.07071402  018.11770882
112  59.07066368  018.11772376  59.07064371  018.11772376
112  59.07061544  018.11769873  59.07060545  018.11766765
112  59.07019091  018.11620957  59.07018092  018.11615906
112  59.07020377  018.11604688  59.07022973  018.11601192
114  59.07056076  018.11563392  59.07057674  018.11561838
111  59.07007804  018.11212295
111  59.07014225  018.11258098
111  59.07012085  018.11285579
111  59.06931952  018.11370175
111  59.06920559  018.11344541
111  59.06910862  018.11311777
111  59.06900443  018.11267550
111  59.06903784  018.11253101
111  59.06917482  018.11234780
111  59.06933749  018.11197305
111  59.06940598  018.11181482
111  59.06978696  018.11168158
113  59.06995390  018.11179817
112  59.06929076  018.11194997  59.06927921  018.11198529
112  59.06918766  018.11218957  59.06916621  018.11223452
112  59.06910963  018.11231067  59.06907827  018.11232994
112  59.06903784  018.11232412  59.06901308  018.11232091
112  59.06899503  018.11226452  59.06898513  018.11223241
112  59.06899503  018.11211462  59.06900163  018.11207288
111  59.06905496  018.11198970
112  59.06923243  018.11183659  59.06926049  018.11181412
114  59.06928777  018.11185325  59.06929932  018.11187894
112  59.06882809  018.11239776  59.06882263  018.11246941
112  59.06874291  018.11256346  59.06869940  018.11258389
112  59.06861405  018.11248937  59.06857054  018.11241932
112  59.06857981  018.11227285  59.06858526  018.11220386
112  59.06862261  018.11214793  59.06864171  018.11211609
112  59.06870395  018.11212295  59.06873259  018.11213091
114  59.06878100  018.11221455  59.06880555  018.11225436
130 Airport Boundary 3
111  59.07192539  018.11517018
111  59.07159767  018.11388526
111  59.07113382  018.11333598
111  59.07086156  018.11265919
111  59.07023134  018.11128603
111  59.06930365  018.11120756
111  59.06849696  018.11185491
111  59.06795749  018.11374792
111  59.06809144  018.11603033
111  59.06812353  018.11647307
111  59.06877126  018.11647307
111  59.06893767  018.11704049
111  59.06963857  018.11747822
111  59.07005522  018.11807082
111  59.07067844  018.12018241
111  59.07056290  018.12068647
111  59.07058741  018.12117690
111  59.07088851  018.12127908
113  59.07141020  018.11767574
120 Linear Feature 11
111  59.07056392  018.11775487
112  59.07067651  018.11779735  59.07074840  018.11774198
111  59.07067651  018.11779735
112  59.07067651  018.11779735  59.07061360  018.11786728
115  59.07063627  018.11800202
120 Linear Feature 10
111  59.07106445  018.11736637
111  59.07088787  018.11759997
115  59.07067950  018.11779922
120 Linear Feature 9
112  59.07011223  018.11641284  59.07012974  018.11646394 1
116  59.06982912  018.11676489  59.06962481  018.11667404
120 Linear Feature 7
111  59.07084864  018.11990218 1
115  59.07080040  018.11988085
14  59.07132405  018.11496518  82.02 0 Tower viewpoint
1300  59.07071444  018.12083502 285.68 misc helos Readiness ramp
1301 B none 
1300  59.07101514  018.11744186 136.85 misc helos Hangars & fuel
1301 B none 
19  59.06992351  018.11635073 1 WS
19  59.07072754  018.11889726 1 WS
54 13410 TWR
99
