A
1000 Generated by WorldEditor

1     43 0 0 ESSC Eskilstuna Ekeby
100 40.00 3 0 0.25 0 0 0 05  59.37900700  016.43895300    0    0 1 0 0 0 23  59.38468400  016.45037900    0    0 1 0 0 0
100 100.00 3 0 0.25 0 0 0 17  59.38504976  016.44367267    0    0 1 0 0 0 35  59.37932800  016.44557100    0    0 1 0 0 0
110 3 0.25 0.0000 Grass taxiarea
111  59.38455531  016.45062543
111  59.38450491  016.45052444
111  59.38446281  016.45079576
111  59.38416502  016.45110776
111  59.38379632  016.45133154
111  59.38316292  016.45143269
111  59.38288613  016.45128861
111  59.38265609  016.45119207
111  59.38243434  016.45115640
111  59.38195944  016.45120048
111  59.38143272  016.44900827
111  59.38069727  016.44780424
111  59.37992393  016.44626621
111  59.37942425  016.44644767
111  59.37985858  016.44725907
111  59.37954949  016.44785506
111  59.37976209  016.44949623
111  59.38059492  016.44802743
111  59.38135411  016.44915842
111  59.38184707  016.45118515
111  59.38178491  016.45111317
112  59.38170094  016.45093220  59.38164974  016.45081679
112  59.38141488  016.45028647  59.38138806  016.45018116
112  59.38129522  016.44981367  59.38125947  016.44976102
111  59.38118660  016.44969391
112  59.38129597  016.44993856  59.38131385  016.45000292
112  59.38131291  016.45016205  59.38130397  016.45026151
111  59.38131291  016.45016205
112  59.38131291  016.45016205  59.38133079  016.45027321
111  59.38139467  016.45037088
112  59.38172194  016.45110790  59.38181729  016.45126533
111  59.38172194  016.45110790
112  59.38172194  016.45110790  59.38172046  016.45117888
111  59.38170644  016.45126636
111  59.38111790  016.45080206
111  59.38103088  016.45103676
111  59.38100023  016.45116151
111  59.38095333  016.45144942
111  59.38089150  016.45174571
111  59.38087659  016.45197494
111  59.38091267  016.45206662
111  59.38105986  016.45193949
111  59.38118885  016.45179152
111  59.38133492  016.45171942
111  59.38138854  016.45137890
111  59.38148887  016.45146218
111  59.38141185  016.45150172
111  59.38138119  016.45168795
111  59.38143975  016.45182103
111  59.38205412  016.45174850
111  59.38203891  016.45157657
111  59.38212049  016.45146063
111  59.38232625  016.45127800
111  59.38239090  016.45125830
111  59.38268159  016.45132506
111  59.38309933  016.45152286
111  59.38324508  016.45160198
111  59.38380154  016.45148773
111  59.38418031  016.45131342
111  59.38453847  016.45089699
111  59.38462092  016.45073606
113  59.38461868  016.45049429
110 3 0.25 60.0000 New Taxiway 14
112  59.38246648  016.45110626  59.38241404  016.45120923
111  59.38246648  016.45110626
112  59.38246648  016.45110626  59.38253532  016.45111269
111  59.38267298  016.45116418
111  59.38288603  016.45124140
111  59.38315808  016.45138942
111  59.38379396  016.45128645
111  59.38408567  016.45110626
111  59.38420695  016.45100973
111  59.38440033  016.45082310
111  59.38445033  016.45076673
111  59.38447461  016.45066108
111  59.38448872  016.45055091
111  59.38445605  016.45057211
111  59.38444294  016.45050776
111  59.38440689  016.45048845
111  59.38436428  016.45034687
111  59.38431183  016.45032757
111  59.38428889  016.45023103
111  59.38423645  016.45019886
111  59.38423317  016.45014094
111  59.38420039  016.45003797
111  59.38420039  016.44998005
111  59.38418400  016.44994787
111  59.38416761  016.44996718
111  59.38412500  016.44996718
111  59.38412828  016.44986421
111  59.38406601  016.44974837
111  59.38401684  016.44965827
111  59.38397095  016.44954244
111  59.38389884  016.44941373
111  59.38385295  016.44927215
111  59.38379723  016.44919492
111  59.38376773  016.44909195
111  59.38373496  016.44905977
113  59.38364646  016.44887958
110 3 0.50 45.0000 Grass-45
111  59.38125609  016.43507248
111  59.38130254  016.43524347
111  59.38083220  016.43514088
111  59.38055929  016.43482169
111  59.38048380  016.43511808
111  59.38051283  016.43535747
111  59.38091349  016.43618965
112  59.38140125  016.43713582  59.38140706  016.43714722
111  59.38133738  016.43717002
111  59.38170901  016.43795661
111  59.38254516  016.43648604
111  59.38260904  016.43638344
111  59.38243484  016.43598445
111  59.38208063  016.43547147
113  59.38162771  016.43494708
110 3 0.50 45.0000 Grass-45
111  59.38019109  016.43583351
111  59.38017367  016.43612990
111  59.37995882  016.43639208
111  59.37998205  016.43679106
111  59.37991237  016.43682526
111  59.37970333  016.43714444
111  59.38078917  016.43918492
111  59.38092853  016.43939011
111  59.38098660  016.43933312
111  59.38146274  016.43846676
111  59.38158468  016.43822738
111  59.38167759  016.43803359
111  59.38167178  016.43796519
111  59.38151500  016.43765741
111  59.38135242  016.43725843
111  59.38101563  016.43674546
111  59.38062078  016.43587911
113  59.38041755  016.43559413
110 3 0.50 45.0000 Grass-45
111  59.37970913  016.43757762
111  59.37961042  016.43785120
111  59.37945364  016.43803359
111  59.37926783  016.43838697
111  59.37914589  016.43864915
111  59.37930509  016.43893807
111  59.37932406  016.43902774
111  59.37947129  016.43924106
111  59.37948943  016.43934899
111  59.37959975  016.43957373
111  59.37974387  016.43979408
111  59.37976189  016.43990154
111  59.37992404  016.44014450
111  59.37993448  016.44024768
111  59.38003180  016.44044496
111  59.38008875  016.44049973
111  59.38019689  016.44079223
111  59.38088788  016.43950411
111  59.38089950  016.43941291
111  59.38084724  016.43935591
111  59.38062078  016.43894554
111  59.38031883  016.43843257
111  59.38027819  016.43834137
111  59.38016786  016.43811338
111  59.37988914  016.43760041
113  59.37979043  016.43749782
110 3 0.50 45.0000 Grass-45
111  59.38272062  016.43657224
111  59.38262901  016.43651228
111  59.38254175  016.43658937
111  59.38025013  016.44082838
111  59.38026458  016.44092455
111  59.38049702  016.44132509
111  59.38050926  016.44140940
111  59.38065080  016.44162721
111  59.38066003  016.44170107
111  59.38084718  016.44205203
111  59.38086411  016.44212873
111  59.38116459  016.44266249
111  59.38120533  016.44280572
111  59.38124051  016.44285997
111  59.38153203  016.44348711
111  59.38156922  016.44352331
111  59.38166435  016.44375992
111  59.38254859  016.44549560
111  59.38255457  016.44553924
111  59.38296167  016.44628354
111  59.38297884  016.44636148
111  59.38316609  016.44672688
111  59.38330172  016.44655658
111  59.38333503  016.44663470
111  59.38328863  016.44676435
111  59.38335059  016.44668167
111  59.38342198  016.44664639
111  59.38337520  016.44685610
111  59.38330349  016.44693746
111  59.38337558  016.44708160
111  59.38347730  016.44699043
111  59.38349616  016.44703421
111  59.38342826  016.44719385
111  59.38346582  016.44726869
111  59.38355798  016.44718480
111  59.38360049  016.44725465
111  59.38357266  016.44734124
111  59.38369392  016.44753173
111  59.38369346  016.44757986
111  59.38374382  016.44774274
111  59.38367573  016.44770558
111  59.38378712  016.44792462
111  59.38384342  016.44781717
111  59.38382556  016.44800020
111  59.38410481  016.44854928
111  59.38411777  016.44862266
111  59.38415240  016.44864285
111  59.38424653  016.44882797
111  59.38423735  016.44888445
111  59.38427526  016.44888446
111  59.38439216  016.44911433
111  59.38447863  016.44916417
111  59.38455592  016.44904002
111  59.38608057  016.44519516
111  59.38608057  016.44504342
111  59.38620002  016.44478132
111  59.38632648  016.44438127
111  59.38643890  016.44421574
111  59.38645998  016.44405020
111  59.38600329  016.44307077
111  59.38581358  016.44272590
111  59.38572224  016.44272132
111  59.38566541  016.44264300
111  59.38564954  016.44247168
111  59.38552263  016.44222249
111  59.38531640  016.44185649
111  59.38504274  016.44133475
111  59.38490789  016.44110892
111  59.38480478  016.44108555
111  59.38455095  016.44082079
111  59.38446370  016.44050151
111  59.38438835  016.44002649
111  59.38432489  016.43984738
111  59.38413055  016.43941908
111  59.38390346  016.43888181
111  59.38355445  016.43835231
111  59.38346323  016.43805642
111  59.38318165  016.43748020
113  59.38278504  016.43670153
110 3 0.00 45.0000 Grass-135
112  59.38324680  016.45165276  59.38318810  016.45168292
111  59.38324680  016.45165276
112  59.38324680  016.45165276  59.38318038  016.45159852
112  59.38310293  016.45154597  59.38312213  016.45159308
112  59.38310984  016.45175936  59.38311880  016.45180771
112  59.38397022  016.45239177  59.38410454  016.45248848
112  59.38427163  016.45248281  59.38432760  016.45248721
112  59.38444492  016.45220613  59.38449193  016.45206987
112  59.38469591  016.45132521  59.38473173  016.45117576
112  59.38467150  016.45084959  59.38462225  016.45073970
112  59.38464160  016.45052384  59.38466846  016.45047549
112  59.38481957  016.45011969  59.38484643  016.45004936
112  59.38480736  016.44980345  59.38475811  016.44968916
112  59.38461964  016.44947402  59.38455248  016.44938611
111  59.38446832  016.44920090
111  59.38461388  016.45083205
111  59.38455602  016.45091854
111  59.38418246  016.45136839
113  59.38380361  016.45153480
110 3 0.50 135.0000 Grass-135
111  59.37800169  016.44089439
111  59.37889413  016.44296895
111  59.37887197  016.44310932
111  59.37884857  016.44318569
111  59.37825013  016.44427365
112  59.38048747  016.44903497  59.38062269  016.44931285
112  59.38079465  016.44945929  59.38088437  016.44952131
112  59.38117837  016.44968431  59.38126440  016.44972880
112  59.38135726  016.44997205  59.38138492  016.45012184
112  59.38143993  016.45029405  59.38148775  016.45046312
111  59.38179029  016.45105141
112  59.38206949  016.45114423  59.38225610  016.45110776
111  59.38206949  016.45114423
112  59.38206949  016.45114423  59.38216809  016.45113907
111  59.38242500  016.45109694
111  59.38363362  016.44882893
111  59.38339045  016.44833009
111  59.38335289  016.44831084
111  59.38314240  016.44782771
111  59.38311925  016.44780829
111  59.38300576  016.44758703
111  59.38298836  016.44758130
111  59.38293072  016.44742797
111  59.38286227  016.44728684
111  59.38283366  016.44727791
111  59.38283433  016.44722924
111  59.38270929  016.44697146
111  59.38267890  016.44694894
111  59.38267047  016.44689143
111  59.38260702  016.44676060
111  59.38258437  016.44674872
111  59.38258238  016.44670981
111  59.38249148  016.44652239
111  59.38245994  016.44652216
111  59.38246447  016.44646672
111  59.38230467  016.44613726
111  59.38225159  016.44610370
111  59.38204099  016.44566470
111  59.38203514  016.44560468
111  59.38120860  016.44401313
111  59.38118130  016.44390272
111  59.38111855  016.44377110
111  59.38104658  016.44372219
111  59.38093686  016.44344576
111  59.38070212  016.44292267
111  59.38066313  016.44287486
111  59.38053145  016.44255729
111  59.38050855  016.44254536
111  59.38041884  016.44235413
111  59.38039747  016.44233442
111  59.38032788  016.44218486
111  59.38032549  016.44214131
111  59.38009434  016.44175453
111  59.38008300  016.44167290
111  59.37990826  016.44129523
111  59.37987253  016.44128680
111  59.37968592  016.44087001
111  59.37964563  016.44085929
111  59.37948043  016.44044343
111  59.37945899  016.44042913
111  59.37939628  016.44028459
111  59.37932362  016.44015315
111  59.37927417  016.44008464
111  59.37906948  016.43965778
111  59.37906923  016.43962371
111  59.37899053  016.43945501
111  59.37896977  016.43943785
111  59.37887538  016.43923241
113  59.37854037  016.43984246
111  59.37991413  016.44615650
111  59.38002272  016.44636968
111  59.38007381  016.44652015
111  59.38017601  016.44665809
111  59.38026543  016.44690889
111  59.38041234  016.44710953
111  59.38054009  016.44741048
111  59.38065506  016.44759858
111  59.38069338  016.44771144
111  59.38074448  016.44781176
111  59.38087862  016.44801240
111  59.38105107  016.44827573
111  59.38112772  016.44845129
111  59.38124269  016.44857669
111  59.38131934  016.44872717
111  59.38142154  016.44884003
111  59.38148541  016.44900304
111  59.38152374  016.44927892
111  59.38159400  016.44945448
111  59.38163871  016.44975544
111  59.38169619  016.45000623
111  59.38170723  016.45009022
111  59.38178140  016.45036430
111  59.38182939  016.45060413
111  59.38189047  016.45081825
111  59.38190792  016.45092104
111  59.38194937  016.45108595
111  59.38178140  016.45099812
111  59.38175522  016.45086108
111  59.38168106  016.45060413
111  59.38161562  016.45029578
111  59.38142366  016.44957631
111  59.38140621  016.44943927
111  59.38134077  016.44919944
111  59.38116417  016.44895887
111  59.38097836  016.44873088
111  59.38083900  016.44848008
111  59.38062996  016.44813809
111  59.38057770  016.44816089
111  59.38046156  016.44828628
111  59.38041511  016.44849148
111  59.38036285  016.44850288
111  59.38027126  016.44851336
111  59.38010736  016.44816089
111  59.38012478  016.44802409
111  59.38014800  016.44771629
111  59.38010736  016.44760229
111  59.38010736  016.44739710
111  59.38004349  016.44712350
111  59.38004929  016.44704370
111  59.37999123  016.44694110
111  59.37986929  016.44669031
111  59.37974154  016.44654211
112  59.37971251  016.44640531  59.37970089  016.44634831
113  59.37967186  016.44627991
110 3 0.50 90.0000 Grass-90
111  59.37890295  016.43912036
111  59.37888363  016.43899714
111  59.37900224  016.43888999
111  59.37902547  016.43877926
111  59.37919100  016.43845684
111  59.37926747  016.43827250
111  59.37941974  016.43800184
111  59.37960386  016.43780525
111  59.37966067  016.43754307
111  59.37981462  016.43742634
111  59.37965988  016.43716979
111  59.37968662  016.43708019
111  59.37994716  016.43672111
111  59.37993598  016.43634759
111  59.38014148  016.43604963
111  59.38017781  016.43576572
111  59.38040238  016.43551191
111  59.38047538  016.43536475
111  59.38044102  016.43507794
111  59.38052828  016.43478691
111  59.38041710  016.43459117
111  59.38031423  016.43491426
111  59.37986161  016.43578254
111  59.37894608  016.43727679
111  59.37784745  016.43846825
111  59.37748741  016.43903361
111  59.37749770  016.43923553
113  59.37799238  016.44086759
130 Airport Boundary
111  59.38126931  016.43352427
111  59.37708708  016.43958397
111  59.38073408  016.45224092
111  59.38430640  016.45304725
113  59.38660911  016.44439752
120 Linear Feature 19
111  59.38022971  016.44717476
111  59.38026540  016.44771569
111  59.38018523  016.44822376
115  59.37980093  016.44886175
120 Linear Feature 18
111  59.38195265  016.45151967
111  59.38136630  016.44909631
111  59.38057421  016.44788462
111  59.37980383  016.44629982
111  59.37982412  016.44541446
115  59.38002688  016.44535123
120 Linear Feature 17
111  59.38108977  016.45102348
111  59.38195357  016.45151168
111  59.38204396  016.45137457
111  59.38227146  016.45123767
111  59.38245905  016.45122910
111  59.38269703  016.45127598
111  59.38291770  016.45136726
111  59.38322251  016.45151175
111  59.38349241  016.45146899
111  59.38378550  016.45141403
111  59.38402465  016.45130625
111  59.38437803  016.45098933
111  59.38453782  016.45076201
111  59.38461044  016.45022739
115  59.38446767  016.44994435
14  59.38274209  016.44554823   6.56 0 Tower view
1300  59.38191191  016.45150013 298.56 misc props Larger hangar
1300  59.38144641  016.45126459 355.66 misc props Small hangars
1300  59.38116328  016.45105732 355.66 misc props Small hangars
1300  59.37998101  016.44856491 280.49 misc props Long row hangar
19  59.37966910  016.43921822 0 WS SW
19  59.38411918  016.45029996 0 WS NE
19  59.37966375  016.44406664 0 WS SE
19  59.38480341  016.44503643 0 WS NW
99
