A
1000 Generated by WorldEditor

1    366 0 0 ESSF Hultsfred
100 39.93 2 0 0.25 0 3 0 12  57.52957850  015.80934853    0   50 2 0 0 0 30  57.52190500  015.83855200    0    0 3 1 0 0
110 3 0.50 0.0000 Grass strip
111  57.52425791  015.82329393
111  57.52364073  015.82569455
111  57.52376516  015.82580578
113  57.52438732  015.82340516
110 1 0.25 0.0000 Asphalt taxi
112  57.52271613  015.83416979  57.52265630  015.83411408
111  57.52184896  015.83336918
111  57.52182166  015.83309779
111  57.52192734  015.83264663
111  57.52173236  015.83251430
111  57.52163396  015.83254489
111  57.52144650  015.83239447
111  57.52137264  015.83267757
111  57.52135227  015.83268120
111  57.52133001  015.83276193
111  57.52154289  015.83294853
111  57.52141180  015.83351047
111  57.52163763  015.83370842
111  57.52176880  015.83359987
112  57.52266944  015.83437993  57.52273301  015.83444957
111  57.52271182  015.83475506
113  57.52288374  015.83410194
110 1 0.25 0.0000 Aphalt road & area
111  57.52131416  015.82813922
112  57.52134737  015.82826763  57.52132949  015.82832947
112  57.52115836  015.82875277  57.52113538  015.82881936
111  57.52106386  015.82886692
111  57.52122222  015.82896204
112  57.52121200  015.82881460  57.52123243  015.82874801
111  57.52142655  015.82830093
112  57.52152360  015.82825337  57.52156958  015.82832471
112  57.52179825  015.82879145  57.52183400  015.82889133
112  57.52187008  015.82919852  57.52187263  015.82929364
111  57.52186346  015.82964259
111  57.52174344  015.83056358
111  57.52159942  015.83147382
111  57.52145292  015.83210406
111  57.52137568  015.83237195
111  57.52131327  015.83232120
111  57.52115527  015.83217967
111  57.52090358  015.83323986
111  57.52083227  015.83350825
111  57.51999690  015.83666317
111  57.51870346  015.84165926
111  57.51861814  015.84205735
112  57.51850732  015.84281544  57.51849608  015.84293576
111  57.51836560  015.84298962
111  57.51867350  015.84308854
112  57.51862713  015.84284182  57.51863556  015.84270581
111  57.51868796  015.84209979
111  57.51874637  015.84168224
111  57.52003221  015.83669229
111  57.52086558  015.83353637
111  57.52094128  015.83355022
111  57.52103410  015.83349988
111  57.52116377  015.83341741
111  57.52135191  015.83267870
111  57.52135580  015.83260212
111  57.52148703  015.83212815
111  57.52163300  015.83149958
111  57.52179122  015.83058327
111  57.52191508  015.82968129
112  57.52192055  015.82918172  57.52192310  015.82909611
112  57.52183843  015.82873313  57.52179501  015.82862850
112  57.52162162  015.82830494  57.52157053  015.82820505
112  57.52150445  015.82807045  57.52147380  015.82801337
111  57.52151540  015.82782576
113  57.52141685  015.82774420
111  57.52121455  015.83252837
111  57.52127289  015.83256225
112  57.52130218  015.83265718  57.52130218  015.83268642
111  57.52113291  015.83331151
112  57.52108068  015.83339669  57.52106149  015.83340319
112  57.52101349  015.83338230  57.52099430  015.83336605
112  57.52097722  015.83317897  57.52098943  015.83310750
111  57.52110125  015.83265927
114  57.52114699  015.83255018  57.52116443  015.83251770
110 2 0.25 0.0000 Old sqdn area
111  57.52177704  015.83360588
111  57.52163224  015.83371541
111  57.52141053  015.83351320
111  57.52121144  015.83426307
111  57.52103831  015.83411807
111  57.52112070  015.83376996
111  57.52093995  015.83362716
111  57.52048295  015.83534997
111  57.52104580  015.83578368
111  57.52115262  015.83571227
111  57.52159605  015.83407771
113  57.52202590  015.83382494
110 3 0.25 26.0000 Club area
111  57.52390179  015.82981976
111  57.52249911  015.82845474
111  57.52259865  015.82781436
111  57.52193550  015.82697790
111  57.52133171  015.82666841
111  57.52100140  015.82782278
111  57.52113093  015.82793807
111  57.52091068  015.82925655
111  57.52119080  015.82940782
111  57.52139522  015.82930738
111  57.52191993  015.82966809
111  57.52212807  015.82887604
111  57.52240861  015.82871595
111  57.52385654  015.83010625
111  57.52387916  015.83031690
113  57.52403753  015.82969337
110 4 0.00 0.0000 NDB area
111  57.52315722  015.83454904
111  57.52388944  015.83494639
111  57.52399428  015.83503179
111  57.52395386  015.83522874
111  57.52406272  015.83531702
111  57.52411371  015.83508613
111  57.52390022  015.83490854
113  57.52316783  015.83450637
110 1 0.25 0.0000 Old taxiway system
112  57.52158612  015.84218168  57.52157636  015.84233166
112  57.52165538  015.84260043  57.52168467  015.84268678
112  57.52181100  015.84291470  57.52186713  015.84297378
112  57.52230660  015.84308458  57.52253601  015.84308458
112  57.52289732  015.84287656  57.52305596  015.84275385
112  57.52374999  015.84163396  57.52394524  015.84111582
112  57.52401877  015.84061571  57.52403586  015.84039755
112  57.52411145  015.83934043  57.52412610  015.83909045
112  57.52423194  015.83768178  57.52428815  015.83743219
111  57.53138536  015.81059039
111  57.53148913  015.81026020
111  57.53245014  015.80662503
112  57.53254728  015.80609240  57.53255243  015.80588560
112  57.53243890  015.80539145  57.53236048  015.80521776
112  57.53214452  015.80511797  57.53204704  015.80510500
112  57.53181340  015.80520656  57.53173681  015.80529734
111  57.53161452  015.80550454
111  57.53148480  015.80552870
111  57.53129456  015.80587499
111  57.53125997  015.80611659
111  57.52994800  015.80834261
111  57.52989189  015.80833161
111  57.53035553  015.80656592
111  57.53052977  015.80672543
111  57.53055339  015.80664842
111  57.53037621  015.80647791
111  57.53081031  015.80478922
111  57.53074535  015.80473972
111  57.53029942  015.80643390
111  57.53012224  015.80629639
111  57.53010452  015.80635139
111  57.53028171  015.80649441
111  57.52979932  015.80831090
111  57.52971662  015.80843864
111  57.52964199  015.80839356
111  57.52961779  015.80845742
111  57.52993648  015.80874671
111  57.52974082  015.80948307
112  57.53007433  015.80915746  57.53016561  015.80910245
112  57.53039179  015.80905687  57.53051973  015.80907281
112  57.53076789  015.80939110  57.53086798  015.80942204
111  57.53138167  015.80944297
112  57.53133989  015.81046753  57.53120481  015.81096684
111  57.52418921  015.83764086
112  57.52376280  015.83923359  57.52371620  015.83940300
112  57.52353120  015.83992022  57.52342914  015.84013095
112  57.52317562  015.84029687  57.52308687  015.84033819
112  57.52287352  015.84036341  57.52274483  015.84031796
112  57.52235701  015.84000045  57.52217064  015.83971122
111  57.52208658  015.83922848
111  57.52203616  015.83878901
111  57.52206641  015.83869135
111  57.52185462  015.83850730
113  57.52184176  015.83885038
111  57.52413652  015.83808720
112  57.52405095  015.83931655  57.52402933  015.83959835
112  57.52396092  015.84053660  57.52393930  015.84078620
111  57.52389618  015.84091947
111  57.52382712  015.84095162
111  57.52357386  015.84081634
111  57.52355459  015.84071366
111  57.52332613  015.84059408
111  57.52324316  015.84063971
111  57.52308475  015.84055509
112  57.52318834  015.84044792  57.52327914  015.84039156
112  57.52355095  015.84008327  57.52366337  015.83990614
113  57.52383288  015.83929049
112  57.52375477  015.84136016  57.52368571  015.84154234
111  57.52343536  015.84202134
111  57.52330980  015.84192455
111  57.52267030  015.84099933
112  57.52231845  015.84044878  57.52226225  015.84027165
111  57.52212120  015.83983737
111  57.52203585  015.83927864
111  57.52216419  015.83978028
112  57.52231777  015.84009250  57.52243883  015.84028573
111  57.52254543  015.84034475
111  57.52299307  015.84062284
111  57.52324146  015.84075789
111  57.52329416  015.84086544
111  57.52350027  015.84097221
111  57.52356009  015.84091734
113  57.52374643  015.84102703
112  57.52226695  015.84055522  57.52233181  015.84074041
111  57.52262986  015.84109434
111  57.52315164  015.84183933
111  57.52330412  015.84205181
111  57.52333731  015.84220738
111  57.52290740  015.84273649
111  57.52281543  015.84275105
111  57.52278828  015.84267082
111  57.52273108  015.84271273
112  57.52219620  015.84092139  57.52215722  015.84078831
112  57.52204001  015.84021111  57.52200428  015.83994494
111  57.52194092  015.83928041
111  57.52194335  015.83909290
113  57.52207127  015.83987392
111  57.52188780  015.83928435
112  57.52198322  015.84021875  57.52200596  015.84042443
112  57.52214260  015.84093764  57.52218544  015.84108509
111  57.52246663  015.84205540
111  57.52266113  015.84269755
111  57.52265280  015.84287392
112  57.52243422  015.84295119  57.52229778  015.84296934
111  57.52218259  015.84292231
112  57.52191236  015.84128925  57.52188963  015.84102913
111  57.52181836  015.83984333
113  57.52186019  015.83927603
111  57.52178862  015.84014387
112  57.52185410  015.84132403  57.52187684  015.84151760
111  57.52209001  015.84279887
111  57.52210630  015.84295384
112  57.52197906  015.84292684  57.52192059  015.84289055
112  57.52174060  015.84263498  57.52164965  015.84239905
113  57.52164599  015.84217127
111  57.53173992  015.80896148
111  57.53160628  015.80950325
111  57.53150015  015.80954718
111  57.53145299  015.80943004
111  57.53139796  015.80906398
114  57.53163379  015.80903398  57.53168480  015.80901898
111  57.53130362  015.80903470
111  57.53137188  015.80931362
112  57.53077299  015.80928398  57.53070050  015.80927398
111  57.53057109  015.80901969
113  57.53099310  015.80900541
112  57.53101228  015.80845204  57.53107940  015.80853705
111  57.53118570  015.80873453
111  57.53125147  015.80891328
112  57.53048251  015.80891328  57.53036975  015.80892328
112  57.53009415  015.80899201  57.52998945  015.80904702
111  57.52987518  015.80915184
111  57.52998293  015.80872721
111  57.52997901  015.80865399
112  57.53029384  015.80828097  57.53036901  015.80826597
114  57.53068815  015.80824472  57.53082775  015.80829473
112  57.53174308  015.80855774  57.53178603  015.80860274
111  57.53178316  015.80874185
112  57.53173206  015.80884435  57.53169984  015.80886435
112  57.53157254  015.80892524  57.53152690  015.80893524
111  57.53138617  015.80893220
112  57.53129576  015.80882238  57.53129183  015.80880774
113  57.53117046  015.80850453
111  57.53183819  015.80814883
111  57.53190894  015.80829525
111  57.53186963  015.80843436
111  57.53124649  015.80840579
112  57.53111553  015.80839079  57.53105378  015.80837579
113  57.53085553  015.80819276
112  57.53208582  015.80766563  57.53206141  015.80778135
111  57.53201113  015.80798044
111  57.53187356  015.80806097
111  57.53061576  015.80807562
111  57.53180281  015.80718975
112  57.53197062  015.80724737  57.53203053  015.80728870
114  57.53205830  015.80738010  57.53207827  015.80746276
111  57.53231065  015.80683908
111  57.53213225  015.80748222
112  57.53207957  015.80724209  57.53204932  015.80717822
113  57.53195385  015.80710705
112  57.53236646  015.80604970  57.53233822  015.80598583
111  57.53226015  015.80600019
111  57.53211544  015.80607720
111  57.53209182  015.80597269
111  57.53192939  015.80607720
111  57.53194121  015.80619272
111  57.53121178  015.80669329
111  57.53091868  015.80698210
111  57.53087513  015.80695183
111  57.53141850  015.80606070
111  57.53148938  015.80613771
111  57.53162227  015.80590668
111  57.53160455  015.80585717
111  57.53174039  015.80563164
111  57.53178469  015.80543361
112  57.53189405  015.80530349  57.53195859  015.80523962
112  57.53212703  015.80523763  57.53218956  015.80524891
112  57.53236820  015.80545632  57.53245493  015.80561788
112  57.53247754  015.80589580  57.53248964  015.80610620
113  57.53244877  015.80631384
112  57.53219222  015.80639075  57.53213171  015.80641329
112  57.53191166  015.80655857  57.53180294  015.80659990
111  57.53169610  015.80647326
111  57.53196483  015.80629724
111  57.53199436  015.80642375
111  57.53216269  015.80632474
111  57.53213878  015.80617998
111  57.53226015  015.80611021
112  57.53233693  015.80615422  57.53236517  015.80623687
111  57.53242934  015.80637707
113  57.53241350  015.80647112
111  57.53237619  015.80653900
111  57.53238727  015.80658583
111  57.53235169  015.80668779
111  57.53028155  015.80812900
111  57.53026383  015.80805749
111  57.53064774  015.80740839
111  57.53088171  015.80714578
111  57.53152482  015.80659428
111  57.53163999  015.80656127
112  57.53190282  015.80666029  57.53197825  015.80663549
114  57.53219813  015.80649526  57.53226066  015.80646896
130 Airport Boundary
111  57.52979305  015.79939035
111  57.51848812  015.84198264
111  57.51903013  015.84789223
111  57.52023031  015.84868498
111  57.52348242  015.84407262
111  57.53347102  015.80976817
113  57.53304515  015.79975069
21  57.52889123  015.81382602 2 116.0500 3.0 12  PAPI-4L
21  57.52271347  015.83371612 2 296.0800 3.0 30  PAPI-4L
14  57.52080992  015.83523754  49.21 0 Tower Viewpoint
1300  57.52098212  015.83509735 317.52 misc turboprops|props|helos Sqn area tower hangar
1300  57.52113220  015.83453842  73.10 misc turboprops|props|helos Sqn area
1300  57.52161460  015.83275514  73.10 misc turboprops|props|helos Sqn area small hangar
1300  57.52146900  015.82813444  35.71 misc turboprops|props|helos Club area-2
1300  57.52158696  015.82761670  59.03 misc turboprops|props|helos Club area-1
19  57.52908341  015.80980644 1 WS W
19  57.52205073  015.83651264 1 WS E
51 12305 Hultsfred airport
99
