I
1100 Generated by WorldEditor 1.7.21r1

1    881 0 0 ESSG Ludvika
1302 city Ludvika
1302 country Sweden
1302 datum_lat 60.088333333
1302 datum_lon 15.096388889
1302 faa_code 
1302 iata_code 
1302 icao_code ESSG
1302 region_code ES
1302 state Dalarnas län
1302 transition_alt 
1302 transition_level 
100 27.00 3 0 0.00 0 0 0 01L  60.07860290  015.08922872    0    0 0 0 0 0 19R  60.08471830  015.09003729    0    0 0 0 0 0
100 29.87 1 0 0.25 0 2 0 01  60.08460151  015.09511360    0    0 1 0 0 0 19  60.09179745  015.09759586    0    0 1 0 0 0
110 1 0.25 0.0000 Asphalt club area
111  60.08881777  015.09382184
111  60.08839296  015.09368356
111  60.08835076  015.09391424
111  60.08811408  015.09386970
112  60.08808526  015.09377626  60.08809064  015.09373065
111  60.08810171  015.09357925
111  60.08739713  015.09333507
111  60.08732541  015.09419799
111  60.08755271  015.09443205
111  60.08755284  015.09473623
111  60.08767315  015.09474058
111  60.08767094  015.09444142
112  60.08779825  015.09444065  60.08781066  015.09446969
111  60.08769844  015.09577169
111  60.08764740  015.09590344
111  60.08777247  015.09594528
111  60.08776787  015.09580213
112  60.08790470  015.09445797  60.08790987  015.09435842
111  60.08790470  015.09445797
112  60.08790470  015.09445797  60.08792332  015.09434805
113  60.08876812  015.09456307
110 3 0.25 49.0000 Club area & taxiway
111  60.08175339  015.08823093
111  60.08174252  015.08919101
111  60.08232743  015.08924833
111  60.08268131  015.08970572
112  60.08278598  015.08994444  60.08285217  015.09009541
111  60.08278598  015.08994444
112  60.08278598  015.08994444  60.08319088  015.09086803
112  60.08464095  015.09420296  60.08464948  015.09424788
111  60.08464095  015.09420296
112  60.08464095  015.09420296  60.08465088  015.09425522
111  60.08464780  015.09435332
112  60.08472689  015.09453718  60.08472938  015.09462676
111  60.08469756  015.09489031
111  60.08494235  015.09497885
112  60.08495566  015.09451452  60.08495619  015.09450479
111  60.08495566  015.09451452
112  60.08495566  015.09451452  60.08495556  015.09450960
112  60.08496322  015.09425065  60.08496235  015.09424631
111  60.08496322  015.09425065
112  60.08496322  015.09425065  60.08496196  015.09425043
111  60.08481199  015.09408538
112  60.08275213  015.08931419  60.08274790  015.08919260
111  60.08275213  015.08931419
112  60.08275213  015.08931419  60.08275887  015.08907045
111  60.08295164  015.08905266
113  60.08295831  015.08826739
130 Airport Boundary
111  60.08893689  015.09360841
111  60.08548228  015.09282008
111  60.08541890  015.08880546
111  60.08306129  015.08801779
111  60.07829490  015.08829756
111  60.07833292  015.08969485
111  60.08254543  015.09060758
111  60.08406827  015.09555060
111  60.09226538  015.09908950
113  60.09245095  015.09674558
120 Linear Feature 8
112  60.08265170  015.08938217  60.08260487  015.08923193
112  60.08272976  015.08898779  60.08280157  015.08898779
115  60.08285153  015.08899405
120 Linear Feature 5
111  60.08788924  015.09624122 1
112  60.08773570  015.09578366  60.08775916  015.09539879
111  60.08773570  015.09578366
112  60.08773570  015.09578366  60.08768026  015.09613859 1
115  60.08753310  015.09611293
120 Linear Feature 9
111  60.08787318  015.09430821 1
112  60.08799870  015.09414587  60.08810106  015.09418008 1
115  60.08870457  015.09433403
120 Linear Feature 4
111  60.08773570  015.09578366 1
112  60.08787318  015.09430821  60.08788171  015.09420130 1
112  60.08780483  015.09407730  60.08775152  015.09405164 1
115  60.08748619  015.09397479
120 Linear Feature 6
111  60.08786049  015.09491340 1
115  60.08777227  015.09488466
1300  60.08749382  015.09397789  56.48 tie_down turboprops|props|helos Club asphalt area hangars
1301 B general_aviation 
1300  60.08868543  015.09432693 -172.99 tie_down turboprops|props|helos Club asphalt area
1301 B general_aviation 
1300  60.08210193  015.08902952   0.00 tie_down turboprops|props|helos Club Grass Area
1301 B general_aviation 
1300  60.08279388  015.08899832 -181.64 tie_down props|helos Club grass area
1301 B general_aviation 
19  60.08868210  015.09466900 0 New Windsock 3
54 12210 RDO Ludvika
1200 
1201  60.08222759  015.08902611 both 0 _stop
1201  60.08253586  015.08903833 both 1 _stop
1201  60.08859929  015.09430476 both 2 _stop
1201  60.08797933  015.09413470 both 3 _stop
1201  60.08757285  015.09399983 both 4 _stop
1201  60.08780826  015.09407313 both 5 _stop
1201  60.08787698  015.09424319 both 6 _stop
1201  60.08781918  015.09490007 both 7 _stop
1201  60.08481637  015.09432179 both 8 _stop
1201  60.08310578  015.09046161 both 9 _stop
1201  60.08263424  015.08928556 both 10 _stop
1201  60.09180224  015.09759171 both 11 _stop
1201  60.08460268  015.09511363 both 12 _start
1201  60.08478274  015.09517493 both 13 _start
1201  60.08769219  015.09617691 both 14 _start
1201  60.07860080  015.08922647 both 15 _stop
1201  60.08471846  015.09003432 both 16 _start
1201  60.08278289  015.08977904 both 17 _start
1202 1 0 twoway taxiway_B 
1202 10 1 twoway taxiway_B 
1202 3 2 twoway taxiway_B 
1202 6 3 twoway taxiway_B 
1202 5 4 twoway taxiway_B 
1202 6 5 twoway taxiway_B 
1202 7 6 twoway taxiway_B 
1202 14 7 twoway taxiway_B 
1204 departure 01,19
1204 arrival 01,19
1202 8 13 twoway taxiway_B 
1204 departure 01,19
1204 arrival 01,19
1202 9 8 twoway taxiway_B 
1202 17 9 twoway taxiway_B 
1204 departure 01L,19R
1204 arrival 01L,19R
1202 17 10 twoway taxiway_B 
1204 departure 01L,19R
1204 arrival 01L,19R
1202 12 13 twoway runway 01/19
1204 departure 01,19
1204 arrival 01,19
1204 ils 01,19
1202 13 14 twoway runway 01/19
1204 departure 01,19
1204 arrival 01,19
1204 ils 01,19
1202 14 11 twoway runway 01/19
1204 departure 01,19
1204 arrival 01,19
1204 ils 01,19
1202 16 17 twoway runway 01L/19R
1204 departure 01L,19R
1204 arrival 01L,19R
1204 ils 01L,19R
1202 17 15 twoway runway 01L/19R
1204 departure 01L,19R
1204 arrival 01L,19R
1204 ils 01L,19R
99
