A
1000 Generated by WorldEditor

1    309 0 0 ESSI Visingso
100 25.00 3 0 0.25 0 0 0 15  58.10242220  014.40321621    0    0 1 0 0 0 33  58.09545400  014.41199000    0    0 1 0 0 0
100 25.00 3 0 0.25 0 0 0 01  58.09559718  014.40295052    0    0 1 0 0 0 19  58.10161739  014.40501049    0    0 1 0 0 0
110 12 0.00 0.0000 T
111  58.10042170  014.40082795
111  58.10040266  014.40087597
111  58.10044778  014.40095201
111  58.10042522  014.40101204
111  58.10044848  014.40104939
111  58.10052180  014.40087998
111  58.10049783  014.40084263
113  58.10046893  014.40090132
110 3 0.00 0.0000 Grass area
111  58.10055480  014.40077283
111  58.10050592  014.40069884
111  58.10041989  014.40069144
111  58.10034559  014.40076543
111  58.10033191  014.40092823
111  58.10035341  014.40105772
111  58.10043162  014.40112432
111  58.10051765  014.40110582
112  58.10056849  014.40101332  58.10057044  014.40100222
113  58.10057435  014.40087273
110 3 0.50 90.0000 Grass area
111  58.10105585  014.40453051
111  58.09633766  014.40288687
111  58.09607990  014.40276146
111  58.09582950  014.40263606
111  58.09564538  014.40245492
111  58.09549072  014.40266393
111  58.09542444  014.40294260
111  58.09543181  014.40320735
111  58.09549809  014.40338848
111  58.09568221  014.40345815
111  58.09586632  014.40341635
111  58.09723615  014.40390403
111  58.10045374  014.40493479
111  58.10054948  014.40497659
111  58.10049792  014.40517168
111  58.09547878  014.41160946
111  58.09538304  014.41163732
111  58.09512528  014.41183240
111  58.09486751  014.41216682
111  58.09480123  014.41248730
111  58.09482333  014.41277991
111  58.09491907  014.41287745
111  58.09514737  014.41287745
111  58.09533149  014.41279385
111  58.09556716  014.41248730
111  58.09571445  014.41219469
111  58.09615633  014.41162339
111  58.10123260  014.40518549
111  58.10146091  014.40525517
111  58.10166712  014.40536666
111  58.10179232  014.40553389
111  58.10193225  014.40564537
111  58.10212373  014.40565931
111  58.10232258  014.40553389
111  58.10235204  014.40525517
111  58.10234120  014.40493826
111  58.10218109  014.40465413
111  58.10200719  014.40459478
111  58.10181441  014.40476742
111  58.10168731  014.40477283
111  58.10163930  014.40468438
111  58.10164156  014.40456617
111  58.10236677  014.40362469
111  58.10247724  014.40356895
111  58.10259507  014.40352714
111  58.10278655  014.40327630
111  58.10284547  014.40305333
111  58.10283074  014.40274674
111  58.10277182  014.40255164
111  58.10263926  014.40248197
111  58.10245514  014.40250984
111  58.10229312  014.40281642
113  58.10224157  014.40306727
110 3 0.25 90.0000 Hangar area
111  58.09949214  014.40355794
111  58.09967352  014.40360107
111  58.09975187  014.40268193
111  58.09916165  014.40248427
111  58.09872289  014.40233602
111  58.09874378  014.40206917
111  58.09799164  014.40175291
111  58.09788195  014.40181221
111  58.09780360  014.40216800
111  58.09774092  014.40230637
111  58.09762601  014.40318597
111  58.09749020  014.40332434
111  58.09860798  014.40371967
111  58.09864882  014.40331669
111  58.09878296  014.40336522
111  58.09874046  014.40375021
111  58.09886392  014.40379874
111  58.09890713  014.40340430
111  58.09904151  014.40345282
111  58.09900186  014.40384141
111  58.09913553  014.40388768
111  58.09917874  014.40347214
111  58.09931763  014.40351841
111  58.09927632  014.40394024
113  58.09945415  014.40400628
110 3 0.50 90.0000 Golfcourse
111  58.09861733  014.40610055
111  58.09847006  014.40619343
111  58.09838415  014.40635596
111  58.09831052  014.40664621
111  58.09822461  014.40720348
111  58.09794847  014.40821353
111  58.09789325  014.40834124
111  58.09784415  014.40825997
111  58.09786870  014.40806261
111  58.09802825  014.40743568
111  58.09815711  014.40707577
111  58.09829211  014.40654172
111  58.09828597  014.40627470
111  58.09826143  014.40603089
111  58.09803438  014.40582191
111  58.09783802  014.40583352
111  58.09778893  014.40665782
111  58.09781347  014.40673909
111  58.09783188  014.40692485
111  58.09781347  014.40714543
111  58.09764166  014.40801617
111  58.09761097  014.40801617
111  58.09759256  014.40777236
111  58.09755575  014.40740085
111  58.09749438  014.40707577
111  58.09740848  014.40728475
111  58.09737779  014.40689002
111  58.09735938  014.40644884
111  58.09736450  014.40578742
111  58.09744330  014.40517175
111  58.09735644  014.40466070
111  58.09734724  014.40428755
111  58.09727515  014.40420665
111  58.09719370  014.40411527
111  58.09713234  014.40432424
111  58.09702189  014.40445195
111  58.09688075  014.40440551
111  58.09634075  014.40388307
111  58.09611371  014.40366248
111  58.09584984  014.40361605
112  58.09572098  014.40366248  58.09570871  014.40366248
111  58.09561666  014.40391790
111  58.09557985  014.40399917
111  58.09548167  014.40395273
112  58.09541417  014.40384824  58.09540803  014.40384824
112  58.09537121  014.40360444  58.09536507  014.40358122
112  58.09536507  014.40330258  58.09536507  014.40327936
112  58.09535894  014.40301233  58.09535894  014.40298912
111  58.09541417  014.40257116
111  58.09550007  014.40222287
111  58.09563507  014.40214160
111  58.09581303  014.40212999
111  58.09598484  014.40218804
111  58.09616894  014.40231574
111  58.09629780  014.40251311
111  58.09647575  014.40272209
111  58.09661075  014.40272209
111  58.09668439  014.40280336
111  58.09677643  014.40280336
111  58.09689302  014.40283819
111  58.09702189  014.40295429
111  58.09708325  014.40295429
111  58.09711393  014.40289624
111  58.09714461  014.40296589
111  58.09720598  014.40310521
111  58.09727265  014.40318475
111  58.09744465  014.40324557
111  58.09754348  014.40317487
111  58.09762325  014.40291946
111  58.09762938  014.40246667
111  58.09758029  014.40226931
111  58.09718143  014.40219965
111  58.09692984  014.40219965
111  58.09677030  014.40219965
111  58.09640825  014.40211838
111  58.09618121  014.40193262
111  58.09545712  014.40180491
111  58.09530985  014.40181652
111  58.09524848  014.40197906
112  58.09519939  014.40250150  58.09518712  014.40254794
112  58.09516871  014.40301233  58.09516871  014.40307038
111  58.09503371  014.40424298
111  58.09489258  014.40545040
111  58.09488030  014.40578708
111  58.09504598  014.40634435
111  58.09505212  014.40648367
111  58.09498462  014.40649528
111  58.09489258  014.40642562
111  58.09475144  014.40646045
111  58.09467167  014.40682036
111  58.09462871  014.40743568
112  58.09461644  014.40837607  58.09461644  014.40843412
111  58.09461644  014.40965315
112  58.09454281  014.40993179  58.09454281  014.40995501
111  58.09450599  014.41025686
112  58.09454281  014.41087219  58.09455508  014.41088380
111  58.09462871  014.41135980
111  58.09472076  014.41131336
111  58.09482508  014.41104633
111  58.09489871  014.41105794
111  58.09501530  014.41115082
111  58.09524848  014.41117404
111  58.09534667  014.41112760
111  58.09551848  014.41082575
111  58.09551235  014.41051228
111  58.09556144  014.41041940
111  58.09561666  014.41047745
111  58.09570871  014.41030330
111  58.09575166  014.41019881
111  58.09583144  014.41014077
111  58.09586825  014.41024525
111  58.09594803  014.41024525
111  58.09599712  014.41014077
111  58.09607689  014.40997823
111  58.09615053  014.41002467
111  58.09629166  014.40988535
111  58.09652484  014.40962993
111  58.09670893  014.40939774
111  58.09692370  014.40944418
111  58.09706484  014.40927003
111  58.09717529  014.40924681
111  58.09729188  014.40922359
111  58.09741461  014.40906105
111  58.09748825  014.40899139
111  58.09767847  014.40873598
111  58.09765393  014.40866632
111  58.09767847  014.40857344
111  58.09770916  014.40849217
111  58.09775825  014.40848056
111  58.09777666  014.40856183
111  58.09780170  014.40855719
111  58.09785987  014.40850471
111  58.09799511  014.40834821
111  58.09850173  014.40768135
111  58.09886917  014.40720441
111  58.09893642  014.40685519
111  58.09893029  014.40657655
111  58.09883211  014.40636757
113  58.09869711  014.40614699
111  58.09575780  014.40480025
111  58.09610757  014.40541557
111  58.09610757  014.40531108
111  58.09609530  014.40504405
111  58.09611984  014.40491635
111  58.09631621  014.40497439
111  58.09654939  014.40514854
111  58.09673348  014.40546201
112  58.09690529  014.40635596  58.09691757  014.40640240
112  58.09696052  014.40663460  58.09696666  014.40666943
111  58.09700348  014.40692485
111  58.09695439  014.40687841
111  58.09677030  014.40603089
112  58.09669666  014.40563615  58.09668439  014.40560133
111  58.09656166  014.40539235
111  58.09633462  014.40528786
111  58.09626098  014.40531108
111  58.09622416  014.40552006
112  58.09628552  014.40587996  58.09631007  014.40598445
111  58.09643893  014.40656494
111  58.09649416  014.40690162
112  58.09653098  014.40738924  58.09653712  014.40742407
112  58.09657393  014.40764465  58.09658621  014.40766787
112  58.09667825  014.40791168  58.09669052  014.40794651
112  58.09676416  014.40834124  58.09676416  014.40843412
111  58.09673961  014.40856183
111  58.09653711  014.40887529
111  58.09633462  014.40887529
111  58.09622416  014.40904944
111  58.09608303  014.40928164
112  58.09600939  014.40929325  58.09600939  014.40927003
111  58.09602780  014.40899139
111  58.09616280  014.40814388
111  58.09622416  014.40750534
111  58.09621189  014.40724992
111  58.09605234  014.40653011
111  58.09586212  014.40590318
111  58.09586212  014.40556650
111  58.09581916  014.40521820
111  58.09583757  014.40511371
113  58.09574553  014.40495118
111  58.09535894  014.40678553
111  58.09573939  014.40763304
111  58.09585598  014.40802778
111  58.09585598  014.40853861
111  58.09577621  014.40927003
111  58.09577621  014.40952544
111  58.09566575  014.40981569
111  58.09549394  014.40996662
111  58.09518098  014.41008272
111  58.09499076  014.41021043
111  58.09486803  014.41050067
111  58.09476371  014.41068643
111  58.09467167  014.41060516
111  58.09469008  014.41030330
111  58.09480667  014.40996662
111  58.09472076  014.40966476
112  58.09469008  014.40916554  58.09469008  014.40902622
112  58.09468394  014.40858505  58.09468394  014.40844573
112  58.09469008  014.40805100  58.09469621  014.40799295
111  58.09474530  014.40773753
111  58.09476371  014.40773753
111  58.09481280  014.40795812
111  58.09485576  014.40842251
111  58.09487417  014.40878242
111  58.09494780  014.40886369
111  58.09498462  014.40917715
111  58.09497235  014.40933969
111  58.09495394  014.40967637
111  58.09513189  014.40982730
111  58.09530371  014.40967637
112  58.09553689  014.40950223  58.09559212  014.40937452
111  58.09562894  014.40929325
111  58.09566575  014.40902622
111  58.09563507  014.40859666
111  58.09550621  014.40813227
111  58.09546326  014.40766787
113  58.09541417  014.40747051
111  58.09723666  014.40874759
111  58.09709552  014.40885208
111  58.09701575  014.40879403
111  58.09700348  014.40858505
111  58.09700348  014.40834124
111  58.09704029  014.40829480
111  58.09716302  014.40829480
111  58.09724279  014.40844573
113  58.09735325  014.40878242
111  58.09815097  014.40661138
111  58.09804665  014.40651850
111  58.09793006  014.40627470
111  58.09794847  014.40615860
111  58.09807120  014.40610055
111  58.09818165  014.40623987
113  58.09820620  014.40637918
111  58.09692984  014.40547362
111  58.09702189  014.40549684
111  58.09713234  014.40596123
111  58.09723666  014.40623987
112  58.09724279  014.40647206  58.09724893  014.40651850
111  58.09728575  014.40669265
111  58.09732257  014.40697128
111  58.09731643  014.40735441
111  58.09721825  014.40727314
111  58.09716916  014.40676231
111  58.09710779  014.40618182
113  58.09697279  014.40593801
111  58.09662916  014.40447517
111  58.09690529  014.40454483
111  58.09702802  014.40476542
111  58.09712620  014.40511371
111  58.09713234  014.40528786
111  58.09718757  014.40549684
111  58.09725507  014.40600767
111  58.09721825  014.40599606
112  58.09712007  014.40550845  58.09711393  014.40547362
111  58.09702802  014.40511371
111  58.09697279  014.40484669
111  58.09676416  014.40475381
111  58.09651871  014.40467254
111  58.09628552  014.40454483
111  58.09626098  014.40432424
113  58.09634075  014.40420815
130 Airport Boundary
111  58.10211993  014.40243243
111  58.10060840  014.40406357
111  58.09982465  014.40245361
111  58.09781852  014.40138906
111  58.09702143  014.40123546
111  58.09497976  014.40102428
111  58.09471513  014.40311908
111  58.09442153  014.40628404
111  58.09442776  014.41099080
111  58.09445637  014.41336686
111  58.09553923  014.41315979
111  58.10127394  014.40599464
111  58.10232749  014.40587737
111  58.10281412  014.40459316
113  58.10304924  014.40222059
1300  58.09851919  014.40293890 101.31 hangar props Ramp hangars-1
1300  58.09885347  014.40305749 101.31 hangar props|helos Ramp hangars-2
1300  58.09913553  014.40312668 101.31 hangar props Ramp hangars-3
1300  58.09940192  014.40320574 101.31 hangar props|helos Ramp hangars-4
19  58.10174665  014.40459480 1 WS
19  58.09558990  014.40370374 1 WS
19  58.09576638  014.41080057 1 WS
51 12350 COM freq
99
