A
1000 Generated by WorldEditor

1    171 1 0 ESSL Linkoping Saab
100 39.93 1 0 0.25 1 3 0 11  58.41006578  015.66257388   76  176 3 1 0 2 29  58.40266300  015.69708600    0   80 3 3 0 2
110 1 0.25 37.5000 apron factory asph
111  58.40073642  015.67954991
111  58.40058228  015.67993630
111  58.40174030  015.68161578
113  58.40190057  015.68124433
110 1 0.25 113.0000 Taxiway K
112  58.40367154  015.69148451  58.40368047  015.69144191
111  58.40367154  015.69148451
112  58.40367154  015.69148451  58.40357292  015.69178892 102
111  58.40348896  015.69184371 102
112  58.40263287  015.69254522  58.40255631  015.69261175 102
111  58.40252162  015.69277597 102
111  58.40210566  015.69463126 102
112  58.40209115  015.69489893  58.40210962  015.69503987 102
112  58.40226044  015.69622809  58.40228916  015.69645907 102
112  58.40242005  015.69656961  58.40247543  015.69658919 102
111  58.40258731  015.69654192
112  58.40268868  015.69606376  58.40269587  015.69602671
111  58.40268868  015.69606376
112  58.40268868  015.69606376  58.40264927  015.69618437 102
111  58.40257483  015.69625578 102
112  58.40243456  015.69624655  58.40238123  015.69616043 102
111  58.40234487  015.69599062 102
112  58.40223142  015.69505585  58.40221091  015.69489534 102
111  58.40223142  015.69477894 102
111  58.40261836  015.69299750 102
112  58.40270058  015.69277597  58.40275321  015.69273397 102
112  58.40345994  015.69215754  58.40350903  015.69211855 102
113  58.40350134  015.69227579
110 2 0.25 37.5000 Apron factory
111  58.40378785  015.67769598
111  58.40355041  015.67784702 102
111  58.40305795  015.67819107
112  58.40286888  015.67811555  58.40278599  015.67797896
111  58.40207741  015.67674774
111  58.40196309  015.67679809
111  58.40170807  015.67747780
111  58.40158935  015.67752815
111  58.40088582  015.67931553
111  58.40069675  015.67938266
111  58.40051714  015.67983580
111  58.40058243  015.67993650
111  58.40073633  015.67955049
111  58.40189941  015.68124702
112  58.40198257  015.68107359  58.40201648  015.68101477
111  58.40198257  015.68107359
112  58.40198257  015.68107359  58.40202418  015.68104124
112  58.40212303  015.68107359  58.40214923  015.68110007
112  58.40218156  015.68145336  58.40219389  015.68170631
111  58.40217539  015.68202636
111  58.40209262  015.68199216
111  58.40208112  015.68209898
111  58.40216655  015.68213424
112  58.40197928  015.68279321  58.40187756  015.68294616
111  58.40197928  015.68279321
112  58.40197928  015.68279321  58.40185781  015.68270685
112  58.40169746  015.68296390  58.40163301  015.68312968
112  58.40173686  015.68355054  58.40182232  015.68367353
112  58.40205280  015.68346385  58.40213687  015.68326599
112  58.40206196  015.68291026  58.40201852  015.68282737
111  58.40206196  015.68291026
112  58.40206196  015.68291026  58.40208577  015.68286213
112  58.40226932  015.68195657  58.40228011  015.68153009
111  58.40225764  015.68112944
112  58.40227028  015.68086074  58.40230419  015.68078427
112  58.40285893  015.67941498  58.40291148  015.67928232
112  58.40290538  015.67889598  58.40293929  015.67880215
111  58.40304653  015.67850048 102
112  58.40318928  015.67833166  58.40323675  015.67830578 102
113  58.40383197  015.67795336
110 1 0.25 23.0000 Taxiway I
112  58.40638240  015.67884605  58.40642163  015.67867490
111  58.40638240  015.67884605
112  58.40638240  015.67884605  58.40616243  015.67936184 102
111  58.40593193  015.67915725 102
111  58.40539881  015.67873098 102
111  58.40536633  015.67868317
112  58.40533568  015.67859651  58.40530200  015.67850610 102
112  58.40522964  015.67807378  58.40520649  015.67794520 102
112  58.40515356  015.67782805  58.40512830  015.67780595 102
112  58.40467952  015.67743711  58.40460122  015.67737371 102
111  58.40453321  015.67740360 102
112  58.40413524  015.67750413  58.40408577  015.67746194 102
112  58.40396482  015.67724173  58.40393240  015.67713124 102
111  58.40396482  015.67698326 102
111  58.40404602  015.67678434
111  58.40380213  015.67637064
111  58.40317811  015.67780164
111  58.40326517  015.67791085 102
111  58.40353530  015.67781190 102
111  58.40355010  015.67785257
111  58.40382939  015.67796177 102
112  58.40395031  015.67791561  58.40399438  015.67790914 102
111  58.40423567  015.67810947 102
111  58.40445333  015.67834948 102
111  58.40524827  015.67900059
111  58.40528854  015.67903574 102
111  58.40585113  015.67949415 102
112  58.40604727  015.68042771  58.40598422  015.68110160
111  58.40604727  015.68042771
114  58.40604727  015.68042771  58.40613553  015.68001054
112  58.40469941  015.67813346  58.40467459  015.67810331 102
112  58.40469254  015.67796706  58.40471059  015.67787232 102
112  58.40482226  015.67784239  58.40485837  015.67785962 102
112  58.40500026  015.67799501  58.40508149  015.67806822 102
112  58.40509245  015.67833404  58.40507666  015.67840725 102
113  58.40505156  015.67839628 102
110 1 0.25 21.0000 Taxiway L
112  58.40759124  015.67501311  58.40756455  015.67513646
111  58.40759124  015.67501311
112  58.40759124  015.67501311  58.40773661  015.67471792 102
111  58.40789311  015.67482752 102
112  58.40843271  015.67516653  58.40849896  015.67521711 102
112  58.40852778  015.67551558  58.40857848  015.67556187 102
112  58.40881332  015.67571447  58.40886623  015.67573972 102
112  58.40902313  015.67556104  58.40909147  015.67559891 102
112  58.40926763  015.67570575  58.40939108  015.67577728
111  58.40960462  015.67579654
111  58.41069554  015.67592124
111  58.41070582  015.67332826
111  58.40973730  015.67366690
111  58.40932378  015.67539001 102
111  58.40795411  015.67446365 102
112  58.40783040  015.67389909  58.40785965  015.67345077
111  58.40783040  015.67389909
114  58.40783040  015.67389909  58.40778001  015.67413858
111  58.40853578  015.67524152 102
111  58.40892301  015.67550124 102
112  58.40880711  015.67560485  58.40877158  015.67558165 102
114  58.40856515  015.67544114  58.40854084  015.67542865 102
110 1 0.00 0.0000 Taxiway H
111  58.40901313  015.66658858 102
112  58.40873351  015.66677678  58.40857131  015.66667519 102
111  58.40806301  015.66630001 102
111  58.40799728  015.66616200
111  58.40741101  015.66592857
112  58.40734397  015.66640508  58.40726594  015.66651679
112  58.40607418  015.66830051  58.40601751  015.66838630
112  58.40591953  015.66905653  58.40591562  015.66943700
111  58.40592031  015.67105288
111  58.40601866  015.67104262
111  58.40615013  015.67028982
111  58.40645908  015.67010162
111  58.40643279  015.66929864
111  58.40621763  015.66928316
111  58.40604495  015.66918572
112  58.40599894  015.66892224  58.40601848  015.66881967
111  58.40599894  015.66892224
112  58.40599894  015.66892224  58.40602239  015.66889986
111  58.40616417  015.66884273
112  58.40630008  015.66898786  58.40638508  015.66897481
112  58.40641964  015.66869641  58.40640987  015.66851736
112  58.40627449  015.66848702  58.40619926  015.66849448
111  58.40616550  015.66864995
112  58.40602355  015.66864402  58.40593952  015.66856941
111  58.40602355  015.66864402
112  58.40602355  015.66864402  58.40600498  015.66853398
111  58.40612384  015.66835765
112  58.40740566  015.66647566  58.40747979  015.66638629
111  58.40750427  015.66652585
111  58.40751395  015.66720403
111  58.40705070  015.66721591
111  58.40705165  015.66738778
111  58.40744510  015.66737901
111  58.40745063  015.66877432
111  58.40782669  015.66876445
111  58.40782672  015.66719349
111  58.40765546  015.66719814
112  58.40765546  015.66652585  58.40765746  015.66634951
112  58.40794083  015.66652514  58.40815485  015.66666792 102
112  58.40866270  015.66702877  58.40883504  015.66716907 102
113  58.40879693  015.66760023
112  58.40613892  015.66953485  58.40619755  015.66980342
112  58.40612175  015.67015069  58.40609171  015.67027903
111  58.40599962  015.67032313
113  58.40599087  015.66936715
110 1 0.25 355.0000 Pad asph
111  58.40760326  015.66474924
111  58.40761880  015.66504310
111  58.40825578  015.66492178
113  58.40824162  015.66463643
110 2 0.00 0.0000 Construction pad
111  58.40740387  015.66624640
111  58.40741565  015.66594040
111  58.40799384  015.66617031
111  58.40826685  015.66492155
111  58.40822966  015.66405569
111  58.40808217  015.66386902
111  58.40708906  015.66400555
111  58.40709698  015.66464809
111  58.40724304  015.66463011
112  58.40736847  015.66498415  58.40741036  015.66511136
112  58.40739703  015.66597109  58.40737799  015.66613465
112  58.40732004  015.66628338  58.40727815  015.66638151
111  58.40690935  015.66695341
112  58.40603779  015.66823273  58.40602739  015.66824514
112  58.40591173  015.66865110  58.40587011  015.66888445
111  58.40587170  015.66905770
111  58.40587690  015.67104983
111  58.40592253  015.67105150
112  58.40592402  015.66905392  58.40593031  015.66873809
112  58.40606828  015.66831870  58.40613531  015.66822674
113  58.40735192  015.66641538
111  58.40825578  015.66492178
111  58.40761880  015.66504310
111  58.40760326  015.66474924
113  58.40824162  015.66463643
110 2 0.25 333.5000 Apron concrete
111  58.40670204  015.65973649
111  58.40688925  015.66046830
111  58.40702580  015.66033768
113  58.40683784  015.65960086
110 1 0.25 35.0000 Apron and TXW A B C D
111  58.40993579  015.66229372 102
112  58.40988089  015.66235640  58.40986269  015.66235888 102
111  58.40985281  015.66230753 102
111  58.40952579  015.66043975 102
111  58.40940743  015.66003460
112  58.40936599  015.65981412  58.40937118  015.65970838
111  58.40939011  015.65910720
112  58.40937521  015.65887406  58.40934406  015.65878815
112  58.40912563  015.65826608  58.40908188  015.65815775
111  58.40897272  015.65813738
111  58.40880956  015.65814820
112  58.40880059  015.65811302  58.40881241  015.65808142
111  58.40912479  015.65709505
111  58.40916794  015.65691590
111  58.40917822  015.65561325
111  58.40891027  015.65561408
111  58.40890483  015.65593073
111  58.40879444  015.65592959
111  58.40880787  015.65692234
111  58.40892931  015.65692878
112  58.40899117  015.65704073  58.40897022  015.65711706 3
112  58.40869656  015.65799121  58.40863943  015.65815477 3
111  58.40858187  015.65805560
112  58.40816146  015.65704910  58.40814458  015.65700840
111  58.40815169  015.65684372
111  58.40817991  015.65683964
112  58.40824454  015.65699960  58.40825876  015.65702334
111  58.40830863  015.65701248
111  58.40830443  015.65584702
111  58.40799506  015.65584477
111  58.40799155  015.65668409
112  58.40791397  015.65672917  58.40783948  015.65661632
111  58.40791397  015.65672917
112  58.40791397  015.65672917  58.40786076  015.65660278
111  58.40774100  015.65629684
111  58.40788976  015.65566474
111  58.40769571  015.65549380
111  58.40738204  015.65671720
111  58.40768797  015.65698031
111  58.40767110  015.65702538
111  58.40762204  015.65697513
111  58.40758323  015.65710783
111  58.40770283  015.65723008
111  58.40766180  015.65740465
111  58.40741859  015.65844446
111  58.40723606  015.65830321
111  58.40714121  015.65868195
111  58.40769750  015.65912759
111  58.40815685  015.65967176
111  58.40848068  015.66048305
112  58.40869319  015.66029632  58.40874167  015.66025119 102
111  58.40878444  015.66036518 102
111  58.40914107  015.66144364 102
112  58.40913564  015.66178584  58.40906825  015.66190094 102
111  58.40899644  015.66174161 102
111  58.40898353  015.66157845 102
111  58.40887487  015.66141253 102
111  58.40884771  015.66147475 102
111  58.40880968  015.66149549 102
111  58.40741643  015.65975597
112  58.40738477  015.65964938  58.40737588  015.65958156
112  58.40734851  015.65935576  58.40732719  015.65926929
112  58.40718318  015.65908974  58.40710590  015.65905074
112  58.40694520  015.65907220  58.40691766  015.65906542
111  58.40681878  015.65899941
111  58.40674935  015.65913670
111  58.40682520  015.65924339
111  58.40657144  015.65945268
111  58.40590809  015.66002551
111  58.40644328  015.66212326
111  58.40662651  015.66195893
111  58.40650625  015.66146438
111  58.40701692  015.66098738
111  58.40695172  015.66070740
112  58.40741350  015.66024077  58.40747759  015.66019570 102
111  58.40762537  015.66029261 102
112  58.40876610  015.66174846  58.40884027  015.66184900 102
111  58.40879028  015.66201729 102
112  58.40865687  015.66240441  58.40861574  015.66251317
111  58.40854348  015.66240801
111  58.40848373  015.66232640
111  58.40849318  015.66212492
111  58.40834484  015.66191936
111  58.40819931  015.66235751
111  58.40835545  015.66254959
111  58.40844806  015.66246480
112  58.40851134  015.66254459  58.40852080  015.66256264
112  58.40851632  015.66282280  58.40845484  015.66301012
111  58.40851632  015.66282280
112  58.40851632  015.66282280  58.40846548  015.66297852
111  58.40839680  015.66289538
111  58.40808100  015.66387843
111  58.40822804  015.66408027
111  58.40825553  015.66399554
111  58.40833949  015.66374410 102
111  58.40834791  015.66366273 102
112  58.40886944  015.66211766  58.40890982  015.66201438 102
112  58.40897690  015.66204314  58.40899951  015.66206472 102
111  58.40900394  015.66225653 102
111  58.40915553  015.66246467 102
112  58.40926195  015.66240705  58.40928666  015.66243436 102
112  58.40968033  015.66297643  58.40972859  015.66304904 102
113  58.40969979  015.66339356
112  58.40935052  015.66219105  58.40926303  015.66207143 102
112  58.40940232  015.66191674  58.40943897  015.66190997 102
112  58.40961869  015.66204624  58.40968609  015.66214780 102
112  58.40973055  015.66271856  58.40967380  015.66269599
111  58.40973055  015.66271856
114  58.40973055  015.66271856  58.40967498  015.66264183 102
112  58.40865970  015.65952471  58.40862856  015.65941730 102
112  58.40866663  015.65900537  58.40870348  015.65890894
111  58.40866663  015.65900537
112  58.40866663  015.65900537  58.40877536  015.65888582 102
112  58.40890021  015.65923985  58.40896762  015.65940789 102
112  58.40937507  015.66060563  58.40946619  015.66111393
111  58.40937507  015.66060563
112  58.40937507  015.66060563  58.40941696  015.66112176 102
114  58.40926678  015.66132757  58.40922698  015.66120762 102
111  58.40790014  015.65690645
111  58.40811615  015.65740744 3
111  58.40828421  015.65779725 3
111  58.40810850  015.65742291
113  58.40788542  015.65694765
112  58.40907917  015.65830843  58.40910808  015.65837921
112  58.40934264  015.65900833  58.40934784  015.65911406
111  58.40931834  015.65977754 102
112  58.40876509  015.65846529  58.40873069  015.65838527 102
112  58.40876473  015.65824955  58.40877064  015.65821344
111  58.40876473  015.65824955
114  58.40876473  015.65824955  58.40898700  015.65822247
112  58.40713517  015.65918445  58.40722400  015.65918784
111  58.40728907  015.65937010
112  58.40729326  015.65951089  58.40726750  015.65956515 102
111  58.40722580  015.65950946 102
113  58.40696684  015.65918307
111  58.40702553  015.66033739
111  58.40688931  015.66046798
111  58.40670235  015.65973661
113  58.40683768  015.65960137
110 2 0.25 323.0000 Old taxiway
112  58.41066927  015.66066557  58.41066210  015.66069972
111  58.41066927  015.66066557
112  58.41066927  015.66066557  58.41071552  015.66050581
112  58.41078138  015.66043668  58.41081448  015.66040056
112  58.41102121  015.66038306  58.41113589  015.66038531
112  58.41128540  015.66065257  58.41132441  015.66081508
112  58.41135193  015.66108965  58.41134484  015.66112350
112  58.41027219  015.66271034  58.41024103  015.66275872
111  58.41023095  015.66270344
111  58.40999896  015.66378301
112  58.41010284  015.66353909  58.41016473  015.66344991
111  58.41126508  015.66183056
112  58.41099611  015.66309131  58.41099038  015.66312681
111  58.41092603  015.66322218
112  58.40979479  015.66491414  58.40976618  015.66495326
111  58.40976511  015.66488055
111  58.40953629  015.66594500
112  58.40959937  015.66577299  58.40962770  015.66573020
112  58.41080916  015.66399527  58.41084344  015.66394075
112  58.41095127  015.66365967  58.41097602  015.66354335
112  58.41142067  015.66149933  58.41147269  015.66125603
112  58.41131447  015.66048499  58.41119860  015.66028411
112  58.41105922  015.66025358  58.41100129  015.66024004
112  58.41086995  015.66025633  58.41082147  015.66026987
112  58.41074286  015.66032116  58.41072125  015.66034032
111  58.41074286  015.66032116
114  58.41074286  015.66032116  58.41073257  015.66036734
112  58.41136629  015.66123488  58.41147110  015.66108057
111  58.41136629  015.66123488
112  58.41136629  015.66123488  58.41137606  015.66134680
111  58.41131853  015.66160048
111  58.41100886  015.66206118
112  58.41093858  015.66202238  58.41090749  015.66194438
113  58.41094061  015.66186749
111  58.41075992  015.66213319
112  58.41082910  015.66217569  58.41086164  015.66225887
111  58.41083015  015.66231350
111  58.41008104  015.66341076
112  58.41016697  015.66301518  58.41017601  015.66297419
113  58.41022353  015.66291402
111  58.41094565  015.66337395
112  58.41085789  015.66373995  58.41082887  015.66381791
111  58.41054944  015.66422362
112  58.41048019  015.66419014  58.41044472  015.66410807
113  58.41048571  015.66404616
111  58.41033733  015.66453828
111  58.40964844  015.66551870
112  58.40963857  015.66547586  58.40965176  015.66541473
111  58.40969698  015.66520524
111  58.41027965  015.66434230
114  58.41034489  015.66438825  58.41037719  015.66446841
110 1 0.25 354.0000 Taxiway J
111  58.40438449  015.68815858
112  58.40262011  015.68851390  58.40254365  015.68852813
112  58.40229412  015.68851534  58.40221021  015.68852958
111  58.40135072  015.68873422
111  58.40136790  015.68901502
112  58.40230601  015.68880071  58.40236755  015.68879004
112  58.40262599  015.68866871  58.40269499  015.68865447
113  58.40435729  015.68828313
130 Airport Boundary 26
111  58.40153092  015.68743233
111  58.40124710  015.68855715
111  58.40125802  015.68964030
111  58.40149817  015.69047350
111  58.40136718  015.69134835
111  58.40120344  015.69832638
111  58.40112209  015.70016408
111  58.40071527  015.70094033
111  58.40075102  015.70377107
111  58.40362277  015.70214762
111  58.40485656  015.69999655
111  58.40449493  015.69922541
111  58.40974916  015.68700896
111  58.40974916  015.68656251
111  58.40715395  015.68595372
111  58.40815375  015.68351854
111  58.40947003  015.67669035
111  58.41160582  015.67646853
111  58.41191094  015.66995259
111  58.41218699  015.66920395
111  58.41204170  015.66346438
111  58.41192225  015.65619644
111  58.41125420  015.65522349
111  58.40788349  015.65508672
111  58.40749579  015.65528595
111  58.40683223  015.65490173
111  58.40604191  015.65474519
111  58.40589509  015.65528010
111  58.40556852  015.65644441
111  58.40592590  015.65742054
111  58.40550074  015.65837316
111  58.40589242  015.66205700
111  58.40444205  015.66480890
111  58.40519658  015.66651502
111  58.40509816  015.66759505
111  58.40409760  015.66880029
111  58.40342258  015.67093188
111  58.40222966  015.67382949
111  58.40173487  015.67430811
111  58.40132141  015.67582160
111  58.40160919  015.67658662
111  58.40033896  015.67986285
111  58.40052751  015.68054461
111  58.40143056  015.68202175
111  58.40095423  015.68380190
111  58.40140079  015.68463516
111  58.40197636  015.68488135
113  58.40244277  015.68628275
120 Linear Feature 4
112  58.40782135  015.66591436  58.40779952  015.66625503 1
115  58.40795147  015.66638627
120 Linear Feature 14
112  58.40813361  015.65854528  58.40809073  015.65864298 1
112  58.40801880  015.65849775  58.40801188  015.65842117 1
115  58.40794548  015.65760526
120 Linear Feature 13
112  58.40852514  015.65813715  58.40841862  015.65789159 1
112  58.40835217  015.65803038  58.40833419  015.65806470 1
111  58.40813361  015.65854528 1
112  58.40790952  015.65908394  58.40787770  015.65915524 1
112  58.40783343  015.65903641  58.40782375  015.65893607 1
115  58.40779332  015.65855848
120 Linear Feature 12
112  58.40824876  015.65960671  58.40823995  015.65963552 1
112  58.40819515  015.65958234  58.40818760  015.65948872 1
115  58.40815868  015.65915265
120 Linear Feature 11
111  58.40855709  015.65866906 1
112  58.40858305  015.66002590  58.40858513  015.66020445
111  58.40858305  015.66002590
112  58.40858305  015.66002590  58.40856850  015.66023619 1
112  58.40844449  015.66004290  58.40843409  015.65990998 1
115  58.40842629  015.65978080
120 Taxi fact pad
111  58.40813171  015.66411313 1
112  58.40808423  015.66433306  58.40808762  015.66445926 1
112  58.40811305  015.66511615  58.40812147  015.66532713 1
112  58.40788758  015.66569214  58.40783946  015.66579619 1
115  58.40782157  015.66591462
120 White pad
111  58.40664284  015.66133649 20
111  58.40638525  015.66020302 20
115  58.40646861  015.65993639
120 Taxi fact pad
111  58.40775458  015.66431926 1
112  58.40771115  015.66450099  58.40772095  015.66467066 1
111  58.40774212  015.66520484 1
112  58.40781877  015.66579936  58.40781877  015.66580157
111  58.40781877  015.66579936
112  58.40781877  015.66579936  58.40783006  015.66588664 1
115  58.40782144  015.66591448
120 Linear Feature 1
111  58.40359467  015.68831813 4
115  58.40360359  015.68845010
120 Hold I
111  58.40845103  015.66657862 4
115  58.40840486  015.66683789
120 Linear Feature 7
111  58.40232204  015.67415814 20
111  58.40360000  015.67099696 20
112  58.40375040  015.67053785  58.40376779  015.67048068 20
111  58.40385599  015.67020060 20
112  58.40401182  015.66962231  58.40401629  015.66960054 20
112  58.40402053  015.66948877  58.40401954  015.66943766 20
112  58.40400583  015.66927339  58.40399591  015.66920430 20
115  58.40395095  015.66894773
120 Hold fence
111  58.40793966  015.66591413 1
115  58.40769367  015.66586430
120 Hold L
111  58.40836942  015.67512028 4
115  58.40842878  015.67479857
120 Taxiline L
112  58.40994145  015.67553601  58.40994097  015.67562998 1
116  58.40987619  015.67565885  58.40986476  015.67565763
120 Taxiline L
111  58.41061600  015.67348258 1
112  58.41060999  015.67558342  58.41060917  015.67573577 1
111  58.41051057  015.67572750 1
111  58.41001618  015.67567400 1
112  58.40994146  015.67553598  58.40994287  015.67540824
111  58.40994146  015.67553598
112  58.40994146  015.67553598  58.40994346  015.67506162 1
115  58.40994501  015.67369266
120 Taxiline L
112  58.40842413  015.67498575  58.40844893  015.67500186 1
112  58.40850186  015.67521311  58.40851626  015.67534856 1
112  58.40854811  015.67548149  58.40857999  015.67550505 1
112  58.40881417  015.67566388  58.40883641  015.67567886 1
112  58.40897567  015.67549619  58.40901525  015.67544784 1
116  58.40911377  015.67544536  58.40913329  015.67545900
120 Taxiline L
112  58.40792179  015.67465508  58.40785931  015.67461781 1
112  58.40742258  015.67495261  58.40730542  015.67550423 1
115  58.40724395  015.67579210
120 Taxiline L
111  58.40786339  015.67285921 1
112  58.40769330  015.67365514  58.40758679  015.67417018 1
112  58.40792180  015.67465500  58.40802476  015.67472277 1
112  58.40912946  015.67545626  58.40936378  015.67561890 1
111  58.40954677  015.67562321 1
115  58.41061422  015.67573872
120 Hold factory
111  58.40871610  015.66224039 4
115  58.40879095  015.66234160
120 Hold factory
111  58.40858461  015.66123134 4
115  58.40851369  015.66141843
120 Hold D
111  58.40920510  015.66115080 4
115  58.40909200  015.66129999
120 Hold C
111  58.40952032  015.66043065 4
115  58.40936998  015.66056562
120 Hold F
111  58.40934328  015.65879438 4
115  58.40930121  015.65885642
120 Taxiline B
112  58.40782135  015.66591436  58.40785308  015.66575910 1
112  58.40762751  015.66549224  58.40760203  015.66541267 1
112  58.40752640  015.66508491  58.40751286  015.66492556 1
111  58.40749364  015.66459505 1
112  58.40754005  015.66437617  58.40760774  015.66436325 1
111  58.40798507  015.66425631 1
112  58.40817560  015.66401616  58.40825909  015.66379220 1
112  58.40885042  015.66201028  58.40891218  015.66182310 1
115  58.40899071  015.66189306
120 Taxi fact pad
111  58.40743939  015.66630697 1
112  58.40782152  015.66591460  58.40783808  015.66581006 1
112  58.40793053  015.66517271  58.40792602  015.66499612 1
111  58.40790069  015.66446164 1
116  58.40793814  015.66427064  58.40798455  015.66423937
120 Turn H
112  58.40738202  015.66635749  58.40742891  015.66631000 1
116  58.40757985  015.66651950  58.40758080  015.66682271
120 Cross C D
112  58.40948191  015.66175568  58.40935164  015.66173623 1
112  58.40919438  015.66194122  58.40908721  015.66198323 1
116  58.40899071  015.66189306  58.40897007  015.66186565
120 Turn C
111  58.40824876  015.65960671 1
112  58.40855709  015.65866906  58.40863304  015.65843573 1
115  58.40871111  015.65857429
120 Taxiline F
111  58.40937221  015.66018505 1
112  58.40934033  015.66001302  58.40934033  015.65995303 1
111  58.40934397  015.65976837 1
111  58.40936682  015.65909884 1
112  58.40935229  015.65890242  58.40933334  015.65885218 1
112  58.40910413  015.65829091  58.40908097  015.65824469 1
112  58.40897410  015.65819230  58.40891222  015.65817917 1
111  58.40860819  015.65821620 1
116  58.40852514  015.65813715  58.40849197  015.65805871
120 Taxiline apron
111  58.40906120  015.65706178 1
112  58.40868822  015.65824438  58.40864662  015.65837254 1
115  58.40871111  015.65857429
120 Cross C D
112  58.40973174  015.66205440  58.40969230  015.66185837 1
112  58.40948191  015.66175568  58.40938609  015.66174096 1
112  58.40924970  015.66153698  58.40918708  015.66136249
111  58.40924970  015.66153698
112  58.40924970  015.66153698  58.40920859  015.66142277 1
115  58.40920305  015.66140013
120 Cross C D
112  58.40929456  015.66229565  58.40927916  015.66227503 1
112  58.40931267  015.66166583  58.40940998  015.66137439 1
112  58.40945708  015.66109393  58.40948770  015.66080349 1
116  58.40944121  015.66045445  58.40942224  015.66033802
120 Taxiline D
112  58.40929456  015.66229565  58.40923213  015.66219515 1
112  58.40923320  015.66184324  58.40922267  015.66158020
111  58.40923320  015.66184324
112  58.40923320  015.66184324  58.40923224  015.66174460 1
112  58.40916587  015.66125414  58.40908645  015.66100571 1
115  58.40876158  015.66006959
120 Turn A
112  58.40885033  015.66200975  58.40891073  015.66181225 1
115  58.40882874  015.66167971
120 Apron A
111  58.40744034  015.65991598 1
112  58.40723772  015.66001105  58.40711120  015.66012992 1
112  58.40680689  015.66042679  58.40670293  015.66052601
111  58.40680689  015.66042679
112  58.40680689  015.66042679  58.40671844  015.66052041 1
116  58.40681066  015.66066923  58.40686015  015.66065469
120 Apron A
112  58.40737924  015.65983828  58.40726202  015.65968634 1
111  58.40702734  015.65990854 1
112  58.40672910  015.66019447  58.40661310  015.66030050 1
115  58.40665120  015.66046206
120 Taxiline C
111  58.40986935  015.66346529 1
112  58.40988091  015.66288917  58.40983065  015.66259241 1
112  58.40944121  015.66045445  58.40940300  015.66024536
111  58.40944121  015.66045445
112  58.40944121  015.66045445  58.40941095  015.66033192 1
111  58.40937221  015.66018505 1
112  58.40928683  015.65992951  58.40924987  015.65983958 1
111  58.40811137  015.65716487 1
112  58.40807323  015.65702548  58.40807217  015.65694712 1
115  58.40807416  015.65652691
120 Apron A
111  58.40974319  015.66404967 1
112  58.40986935  015.66346529  58.40992942  015.66317345 1
111  58.40979232  015.66295516 1
111  58.40885255  015.66171000 1
111  58.40725332  015.65967576 1
112  58.40693631  015.65968814  58.40678476  015.65983054 1
111  58.40665120  015.65996014 1
112  58.40660756  015.66028349  58.40666525  015.66051964 1
111  58.40668259  015.66059068 1
112  58.40683348  015.66065017  58.40695386  015.66053499 1
112  58.40736890  015.66012201  58.40746443  015.66003297 1
116  58.40765489  015.66018851  58.40769820  015.66024339
120 White factory
111  58.40734798  015.66492505 20
111  58.40730509  015.66424271 20
111  58.40801090  015.66408693 20
111  58.40809566  015.66388307 20
111  58.40809397  015.66384748 20
115  58.40840021  015.66289812
120 Taxiline H
111  58.40758249  015.66719851 1
112  58.40758072  015.66651971  58.40757977  015.66629869
111  58.40758072  015.66651971
112  58.40758072  015.66651971  58.40757977  015.66623659 1
116  58.40780643  015.66628478  58.40789160  015.66634323
120 Taxiline H
111  58.40877762  015.66696425 1
112  58.40897863  015.66761875  58.40888271  015.66805760 1
115  58.40885574  015.66819371
120 Taxiline H
111  58.40929460  015.66613556 1
112  58.40914301  015.66684516  58.40907212  015.66715993 1
111  58.40877782  015.66696438 1
112  58.40780664  015.66628481  58.40758552  015.66612976 1
115  58.40738197  015.66635772
120 Taxiline I
112  58.40599837  015.67941966  58.40616356  015.67955303 1
112  58.40625290  015.68029646  58.40616040  015.68071261 1
115  58.40604888  015.68126270
120 Taxiline I
112  58.40457097  015.67825140  58.40439034  015.67803261 1
116  58.40464436  015.67757886  58.40485278  015.67759212
120 Taxiline testsite
112  58.40220739  015.68111139  58.40219464  015.68098284 1
116  58.40220260  015.68087698  58.40221119  015.68083466
120 Taxiline testsite
111  58.40202626  015.68284504 1
112  58.40221539  015.68204901  58.40225539  015.68166390 1
112  58.40220784  015.68111098  58.40218994  015.68095629
111  58.40220784  015.68111098
112  58.40220784  015.68111098  58.40218573  015.68098441 1
115  58.40212800  015.68093457
120 Taxiline I
111  58.40398411  015.67775100 1
111  58.40452518  015.67756929 1
112  58.40475710  015.67764901  58.40488502  015.67776372 1
112  58.40508197  015.67791102  58.40518882  015.67800439 1
112  58.40524817  015.67864591  58.40526952  015.67876969 1
116  58.40534090  015.67889078  58.40538189  015.67892483
120 Taxiline I
111  58.40671561  015.67813519 1
112  58.40648392  015.67921296  58.40640699  015.67956756 1
112  58.40599837  015.67941967  58.40580600  015.67927283 1
111  58.40525598  015.67882167 1
112  58.40457101  015.67825147  58.40449470  015.67818905 1
112  58.40435886  015.67794724  58.40431682  015.67788992 1
112  58.40415907  015.67778596  58.40410802  015.67774010 1
112  58.40388399  015.67777981  58.40379089  015.67782567 1
112  58.40306614  015.67831647  58.40297529  015.67837889 1
112  58.40284095  015.67877691  58.40278281  015.67895028 1
112  58.40276504  015.67938666  58.40271416  015.67952536 1
112  58.40227028  015.68064098  58.40216490  015.68091145 1
112  58.40184492  015.68071256  58.40169593  015.68049758 1
115  58.40116236  015.67973877
120 Hold K
111  58.40275045  015.69244867 4
115  58.40280207  015.69269238
120 Hold K
111  58.40225138  015.69468338 4
115  58.40211933  015.69457370
120 Taxiline K
111  58.40357557  015.69192495 1
112  58.40268404  015.69264459  58.40264201  015.69267935 1
112  58.40258619  015.69282911  58.40256098  015.69294944 1
112  58.40217549  015.69467687  58.40215348  015.69477632 1
112  58.40216629  015.69502705  58.40217902  015.69514417 1
111  58.40230109  015.69608379 1
112  58.40241813  015.69642401  58.40250764  015.69649519 1
115  58.40262360  015.69636529
120 Linear Feature 6
111  58.40401738  015.66886462 20
112  58.40407150  015.66921322  58.40409238  015.66939008
111  58.40407150  015.66921322
112  58.40407150  015.66921322  58.40408232  015.66931719 20
112  58.40408889  015.66944009  58.40409115  015.66951667 20
112  58.40407633  015.66967249  58.40406441  015.66972938 20
111  58.40392401  015.67027013 20
111  58.40383035  015.67059848 20
112  58.40367028  015.67108370  58.40363953  015.67117257 20
112  58.40238214  015.67434229  58.40235876  015.67439504 20
112  58.40220750  015.67455076  58.40217242  015.67463597 20
115  58.40201199  015.67503870
120 Linear Feature 5
111  58.40745431  015.65716476 20
111  58.40747873  015.65723313 20
111  58.40734222  015.65785559 20
115  58.40735868  015.65787069
120 Linear Feature 4
111  58.40724085  015.65640189 20
111  58.40721226  015.65654125 20
111  58.40721567  015.65655086 20
115  58.40726944  015.65647206
120 Linear Feature 3
111  58.40701891  015.65715420 20
111  58.40703551  015.65715836 20
112  58.40704448  015.65739752  58.40705604  015.65746757 20
112  58.40711631  015.65769951  58.40714010  015.65777603 20
112  58.40725168  015.65801397  58.40728993  015.65802797 20
111  58.40733312  015.65789478 20
115  58.40734982  015.65791147
120 Linear Feature 2
111  58.40732516  015.65760565 20
112  58.40733914  015.65759690  58.40734752  015.65759190
111  58.40733914  015.65759690
112  58.40733914  015.65759690  58.40733704  015.65755339 20
111  58.40732516  015.65752941 20
111  58.40713963  015.65707790 20
115  58.40712642  015.65709768
120 Linear Feature 1
111  58.40738171  015.65730651 20
111  58.40741899  015.65724421 20
111  58.40742308  015.65725520 20
111  58.40737940  015.65744011 20
112  58.40717545  015.65694826  58.40714461  015.65687040 20
111  58.40719062  015.65667303 20
111  58.40724434  015.65681736 20
115  58.40720372  015.65687860
120 Linear Feature 6
111  58.40687319  015.65543663 20
115  58.40684994  015.65542591
120 Linear Feature 3
112  58.40760573  015.66573865  58.40768783  015.66552210 20
116  58.40781906  015.66588876  58.40780189  015.66611176
120 Linear Feature 3
112  58.40804281  015.66580928  58.40798020  015.66557432 20
116  58.40781906  015.66588876  58.40782118  015.66609335
120 Linear Feature 2
112  58.40910986  015.66238444  58.40918027  015.66195225 20
115  58.40899242  015.66189350
120 Linear Feature 2
112  58.40888806  015.66144652  58.40881693  015.66178781 20
115  58.40899242  015.66189350
120 Linear Feature 11
111  58.40192758  015.65969382 20
111  58.40193206  015.65968662 20
111  58.40187636  015.65955840 20
113  58.40182254  015.65965101 20
120 Linear Feature 1
111  58.40143682  015.65963121 20
112  58.40094336  015.65947825  58.40078979  015.65943023 20
115  58.40069815  015.65890980
120 Linear Feature 3
111  58.40165088  015.66230194 20
112  58.40174257  015.66229997  58.40176716  015.66225010 20
112  58.40188940  015.66194349  58.40190784  015.66190536 20
111  58.40191081  015.66186835 20
111  58.40205883  015.66039467 20
112  58.40207637  015.66013105  58.40208381  015.66001392 20
111  58.40203451  015.65997500 20
112  58.40090381  015.65958478  58.40081023  015.65955238 20
115  58.40069216  015.65916197
120 Linear Feature 10
111  58.40213351  015.65978428 20
111  58.40203171  015.65973802 20
113  58.40207749  015.65965578 20
120 Linear Feature 16
111  58.40124634  015.65521886 20
111  58.40134403  015.65523259
111  58.40140141  015.65536597 20
111  58.40175555  015.65617590 20
112  58.40183905  015.65613887  58.40188200  015.65606470 20
115  58.40373184  015.65298215
120 Linear Feature 19
111  58.40532507  015.65426186 20
112  58.40451612  015.65232782  58.40445662  015.65218231 20
112  58.40434170  015.65217249  58.40430265  015.65217958 20
112  58.40422058  015.65223375  58.40419269  015.65227279
111  58.40415162  015.65234269 20
115  58.40407471  015.65246667
120 Linear Feature 18
111  58.40403236  015.65274494 20
111  58.40426113  015.65239581 20
116  58.40445247  015.65246004  58.40452867  015.65264670
120 Linear Feature 17
111  58.40388322  015.65232938 20
111  58.40397436  015.65188623 20
112  58.40398231  015.65175690  58.40397616  015.65169824 20
112  58.40394182  015.65155069  58.40393260  015.65146856 20
115  58.40394015  015.65132417
120 Linear Feature 15
111  58.40378176  015.65706731 20
111  58.40399940  015.65755579 20
112  58.40399481  015.65765146  58.40397453  015.65768695 20
111  58.40322867  015.65889185 20
112  58.40315480  015.65892734  58.40313063  015.65886345 20
112  58.40309365  015.65878805  58.40307691  015.65874546 20
112  58.40291138  015.65880111  58.40283218  015.65891920 20
111  58.40269455  015.65917331 20
112  58.40266084  015.65917927  58.40264855  015.65914700 20
111  58.40229909  015.65832829 20
112  58.40229291  015.65827027  58.40230792  015.65825264 20
112  58.40243723  015.65800907  58.40245916  015.65796940 20
112  58.40244635  015.65782985  58.40242095  015.65777256 20
112  58.40188375  015.65649445  58.40185946  015.65644147 20
111  58.40189176  015.65634385 20
111  58.40194065  015.65624598 20
112  58.40372432  015.65322706  58.40375726  015.65317562 20
115  58.40382167  015.65333434
120 Linear Feature 14
111  58.40396629  015.66054241 20
112  58.40385877  015.66056296  58.40382668  015.66049177 20
111  58.40376049  015.66033696 20
111  58.40340808  015.65951316 20
111  58.40329793  015.65925312 20
112  58.40330757  015.65913791  58.40334140  015.65908162 20
115  58.40335967  015.65904860
120 Linear Feature 13
111  58.40256213  015.65967080 20
111  58.40296835  015.65899306 20
112  58.40302935  015.65896087  58.40304303  015.65899321 20
112  58.40380312  015.66068913  58.40393643  015.66098201 20
115  58.40401978  015.66079034
120 Linear Feature 2
112  58.40248460  015.65968052  58.40248348  015.65968395 20
112  58.40236100  015.65989838  58.40235575  015.65990754 20
112  58.40232308  015.65995767  58.40231691  015.65996726 20
112  58.40227529  015.66001681  58.40226238  015.66002262 20
112  58.40223391  015.66001761  58.40222018  015.66001040
111  58.40223391  015.66001761
112  58.40223391  015.66001761  58.40223798  015.66000190 20
112  58.40230513  015.65993002  58.40231737  015.65990573 20
112  58.40234707  015.65986661  58.40235346  015.65985789 20
114  58.40248328  015.65967736  58.40248555  015.65967460 20
120 Linear Feature 1
111  58.40239606  015.65994249 20
111  58.40222489  015.66022542 20
112  58.40216541  015.66041069  58.40214081  015.66055150 20
112  58.40198488  015.66185344  58.40197412  015.66195025 20
111  58.40195120  015.66201101 20
112  58.40179147  015.66240175  58.40176688  015.66246334 20
115  58.40178707  015.66254475
120 Linear Feature 22
111  58.40453251  015.65705658 20
111  58.40511341  015.65609228 20
112  58.40515925  015.65610009  58.40518211  015.65615099 20
112  58.40577381  015.65742678  58.40581024  015.65750460 20
112  58.40578222  015.65761578  58.40576574  015.65764558 20
111  58.40559259  015.65793164
111  58.40553772  015.65801287 20
111  58.40547553  015.65810831
111  58.40540661  015.65820366 20
115  58.40538948  015.65823156
120 Linear Feature 21
111  58.40389582  015.65317711 20
112  58.40483467  015.65543419  58.40488431  015.65555099 20
112  58.40532867  015.65604585  58.40541872  015.65612519 20
115  58.40549002  015.65592710
120 Linear Feature 20
111  58.40418995  015.65417704 20
112  58.40477066  015.65555811  58.40481157  015.65566104 20
111  58.40498688  015.65588088 20
112  58.40497908  015.65600696  58.40493817  015.65607439 20
111  58.40410664  015.65744662 20
112  58.40405276  015.65742773  58.40402674  015.65737204 20
115  58.40383935  015.65693646
120 Linear Feature 12
111  58.40251504  015.65948820 20
111  58.40259179  015.65936680 20
112  58.40258727  015.65929272  58.40257434  015.65926599 20
112  58.40222235  015.65844190  58.40218064  015.65834239 20
112  58.40221977  015.65815191  58.40226083  015.65807852 20
112  58.40234791  015.65792920  58.40236207  015.65790448 20
112  58.40234338  015.65785765  58.40232922  015.65782213 20
111  58.40127661  015.65545005 20
115  58.40124158  015.65541015
120 Linear Feature 9
111  58.40224509  015.66008299 20
111  58.40220784  015.66014825 20
112  58.40220565  015.66011996  58.40220431  015.66010466 20
112  58.40219760  015.66007692  58.40219226  015.66005738
111  58.40219760  015.66007692
114  58.40219760  015.66007692  58.40222876  015.66009222 20
120 Linear Feature 8
111  58.40217098  015.66016810 20
112  58.40216097  015.66022480  58.40215089  015.66025080 20
112  58.40212464  015.66032245  58.40211754  015.66035255 20
111  58.40209632  015.66045838 20
111  58.40211938  015.66028030 20
112  58.40215797  015.66014530  58.40218063  015.66008815
111  58.40215797  015.66014530
112  58.40215797  015.66014530  58.40216161  015.66014067 20
114  58.40216679  015.66013784  58.40216863  015.66014346 20
120 Linear Feature 7
112  58.40214478  015.66006689  58.40216374  015.66003410
111  58.40214478  015.66006689
112  58.40214478  015.66006689  58.40214123  015.66005445 20
112  58.40211161  015.66001374  58.40208909  015.65999904
111  58.40211161  015.66001374
112  58.40211161  015.66001374  58.40213374  015.66006633 20
113  58.40211279  015.66017450 20
120 Linear Feature 6
111  58.40223195  015.65994169 20
112  58.40213512  015.65994810  58.40206940  015.65992144
111  58.40213512  015.65994810
112  58.40213512  015.65994810  58.40215636  015.65996958 20
111  58.40216512  015.65997615 20
112  58.40218981  015.65999220  58.40220513  015.65999853
111  58.40218981  015.65999220
114  58.40218981  015.65999220  58.40220312  015.65997010 20
120 Linear Feature 5
111  58.40151821  015.65963282 20
111  58.40152938  015.65965767 20
111  58.40168442  015.65971224
111  58.40175377  015.65973688 20
112  58.40205049  015.65984920  58.40213654  015.65988732 20
112  58.40221483  015.65988609  58.40224556  015.65987436 20
115  58.40231009  015.65980818
120 Linear Feature 26
112  58.40539728  015.65625701  58.40542591  015.65623879
111  58.40539728  015.65625701
112  58.40539728  015.65625701  58.40538948  015.65631661 20
111  58.40538753  015.65635320 20
113  58.40532080  015.65620786 20
120 Linear Feature 25
111  58.40581552  015.65778714 20
112  58.40591398  015.65777647  58.40595270  015.65784352 20
112  58.40619585  015.65829330  58.40627192  015.65843204 20
111  58.40658179  015.65891211 20
115  58.40658179  015.65894370
120 Linear Feature 24
112  58.40552298  015.65608762  58.40549175  015.65615881 20
112  58.40547502  015.65657258  58.40551058  015.65666530 20
112  58.40615598  015.65801520  58.40639960  015.65844494 20
112  58.40656809  015.65869629  58.40676351  015.65899623
111  58.40656809  015.65869629
112  58.40656809  015.65869629  58.40657922  015.65870224 20
115  58.40658492  015.65870626
120 Linear Feature 5
111  58.40688317  015.65535549 20
115  58.40685025  015.65542544
120 Linear Feature 29
111  58.40597201  015.65475028 20
111  58.40591277  015.65492973 20
115  58.40587915  015.65505587
120 Linear Feature 28
111  58.40593747  015.65468407 22
111  58.40587547  015.65486354 22
115  58.40578778  015.65511780
120 Linear Feature 10
112  58.40545770  015.66794713  58.40546027  015.66794335 20
115  58.40573221  015.66748005
120 Linear Feature 13
111  58.40466212  015.66412834 20
112  58.40469666  015.66395274  58.40474285  015.66386016 20
115  58.40533139  015.66279772
120 Linear Feature 12
111  58.40600315  015.66697543 20
111  58.40521549  015.66514402 20
111  58.40476687  015.66413001 20
112  58.40476483  015.66409096  58.40477723  015.66406728 20
116  58.40550375  015.66281168  58.40583518  015.66233528
120 Linear Feature 9
111  58.40571597  015.66741497 20
111  58.40562342  015.66756609 20
112  58.40556191  015.66750909  58.40554204  015.66742121 20
111  58.40535306  015.66665632 20
112  58.40535854  015.66658283  58.40537419  015.66654675 20
111  58.40555011  015.66613785 20
112  58.40557188  015.66614429  58.40557957  015.66616216 20
112  58.40593620  015.66705261  58.40593943  015.66706084 20
115  58.40592331  015.66709261
120 Linear Feature 11
111  58.40562334  015.66756606 20
112  58.40553604  015.66772045  58.40552169  015.66774643
111  58.40553604  015.66772045
112  58.40553604  015.66772045  58.40558056  015.66760034 20
115  58.40556198  015.66750950
120 Linear Feature 14
111  58.40436703  015.66458077 20
112  58.40466187  015.66413073  58.40466256  015.66412971 20
115  58.40466216  015.66412843
120 Linear Feature 8
111  58.40542143  015.66783837 20
112  58.40549455  015.66770801  58.40551797  015.66767144 20
112  58.40552209  015.66754475  58.40551814  015.66752675 20
112  58.40531582  015.66666790  58.40531061  015.66664140 20
112  58.40533383  015.66653449  58.40535899  015.66647321 20
112  58.40550331  015.66612897  58.40551199  015.66610744 20
111  58.40549351  015.66606589 20
111  58.40472002  015.66427724 20
112  58.40469388  015.66427153  58.40468259  015.66428974 20
115  58.40441231  015.66469782
120 Linear Feature 6
111  58.40686143  015.65534423 20
115  58.40687354  015.65543611
120 Linear Feature 30
111  58.40539631  015.67873494 4
115  58.40532478  015.67905608
21  58.40227359  015.69501533 6 81.0000 3.0 New Light Fixture 59
21  58.40206545  015.69509578 6 86.7700 3.0 New Light Fixture 59
21  58.40530728  015.67913806 6 20.1400 3.0 New Light Fixture 59
21  58.40541417  015.67864312 6 20.1400 3.0 New Light Fixture 59
21  58.40842048  015.66693039 6 20.1400 3.0 New Light Fixture 59
21  58.40870559  015.66213609 6 302.4800 3.0 New Light Fixture 59
21  58.40958918  015.66052593 6 69.1000 3.0 New Light Fixture 59
21  58.40935402  015.66073791 6 69.1000 3.0 New Light Fixture 59
21  58.40926257  015.66118264 6 55.5400 3.0 New Light Fixture 59
21  58.40906878  015.66138630 6 55.5400 3.0 New Light Fixture 59
21  58.40863983  015.66122836 6 27.5200 3.0 New Light Fixture 59
21  58.40855011  015.66154509 6 36.0900 3.0 New Light Fixture 59
21  58.40883267  015.66234256 6 302.4800 3.0 New Light Fixture 59
21  58.40848864  015.66654221 6 20.1400 3.0 New Light Fixture 59
21  58.40842220  015.67471232 6 201.8000 3.0 New Light Fixture 2
21  58.40834600  015.67516634 6 201.8000 3.0 New Light Fixture 61
21  58.40924581  015.66794578 2 112.2000 3.0 11  PAPI-4L
21  58.40357393  015.69133258 2 292.2300 3.0 29  PAPI-4L
20  58.40952430  015.66281782 31.4900 0 3 {@L}D
20  58.40867054  015.65946928 45.3000 0 3 {@L}D
20  58.40961480  015.66249361 31.1300 0 3 {@L}D
20  58.40881928  015.66240223 301.2400 0 3 {@R}11{@L}B
20  58.40849897  015.66147134 34.4500 0 3 {@R}11{@L}A{@@}{@L}A
20  58.40907121  015.66131333 67.4900 0 3 {@R}11{@L}D{@@}{@L}D
20  58.40209179  015.69454588 118.3600 0 3 {@R}29{@L}K
20  58.40536917  015.67917660 22.1700 0 3 {@R}11-29{@L}I
20  58.40570604  015.68160112 293.8600 0 3 {@Y}{^l}I
20  58.40965565  015.66341784 293.3100 0 3 {@Y}{^lu}C
20  58.40953239  015.66397218 293.3100 0 3 {@Y}{^l}D
20  58.40843083  015.66912156 293.3100 0 3 {@Y}{^l}H
20  58.40794782  015.67357347 116.4100 0 3 {@Y}{^l}L
20  58.40379933  015.69066186 112.4900 0 3 {@Y}K{^r}
20  58.40662132  015.67750709 112.4900 0 3 {@Y}I{^r}
20  58.40922744  015.66541816 112.7100 0 3 {@Y}H{^r}
20  58.40749337  015.67570492 295.5100 0 3 {@Y}L{^r}
20  58.40844561  015.67472818 200.2300 0 3 {@R}11-29{@L}L{@@}{@L}L
20  58.40839020  015.66689828 21.1300 0 3 {@R}11-29{@L}H
20  58.40935108  015.66058553 67.4900 0 3 {@R}11{@L}C
20  58.40228512  015.69470998 109.2900 0 3 {@L}K{@R}29
20  58.40545825  015.67870430 24.7600 0 3 {@L}I{@R}11-29
20  58.40836657  015.67518711 197.8700 0 3 {@L}L{@R}11-29
20  58.40845992  015.66651486 19.5500 0 3 {@L}H{@R}11-29
20  58.40868556  015.66220871 299.4200 0 3 {@L}B{@R}11
20  58.40860098  015.66115759 25.5300 0 3 {@L}A{@R}11
20  58.40922721  015.66111980 53.7700 0 3 {@L}D{@R}11
20  58.40954223  015.66040749 60.7700 0 3 {@L}C{@R}11
20  58.40884381  015.65857201 23.1700 0 3 {@L}C
20  58.40974790  015.66144815 67.5300 0 3 {@L}C
14  58.40358792  015.68044292 150.92 0 ATC Tower
1300  58.40779702  015.65857469 -98.90 gate jets|turboprops|props 1
1300  58.40794596  015.65762028 -96.12 gate jets|turboprops|props 2
1300  58.40843203  015.65982035 -96.12 tie_down jets|turboprops|props 4
1300  58.40816137  015.65918071 -96.12 tie_down jets|turboprops|props 3
1300  58.40807866  015.65636727 -88.26 hangar turboprops|props|helos Hangar
1300  58.40994451  015.67457578 -87.40 tie_down turboprops|props|helos GAC 1
1300  58.41061202  015.67464281 -92.20 tie_down turboprops|props|helos GAC 2
1300  58.40177580  015.68106550 -53.74 tie_down turboprops|props|helos Factory 1
1300  58.40155491  015.68077417 -49.64 tie_down turboprops|props|helos Factory 2
1300  58.40133087  015.68045350 -49.64 tie_down turboprops|props|helos Factory 3
1300  58.40113484  015.68014173 -49.64 tie_down turboprops|props|helos Factory 4
18  58.40686400  015.68101300 1 BCN
19  58.40252358  015.69567908 1 WS
19  58.40304137  015.68955899 1 WS
54 11880 TWR
54 12340 TWR
54 13310 TWR
52 12870 TWR
55 13295 Ostgota control
56 13585 Ostgota control
1000 Flow 11
1001 ESSL 020 200 35
1002 ESSL 0
1003 ESSL 0
1101 11 left
1100 11  11879 arrivals|departures jets|turboprops|props|helos 100120 105115 Unnamed Runway Use
1000 Flow 29
1001 ESSL 200 020 35
1002 ESSL 0
1003 ESSL 0
1101 29 right
1100 29  11879 arrivals|departures jets|turboprops|props|helos 340020 350010 Unnamed Runway Use
1200 
1201  58.40989245  015.66338304 both 0 09/27_start
1201  58.40286925  015.69613428 both 1 09/27_stop
1201  58.40380738  015.69174690 both 2 
1201  58.40252937  015.69644339 both 3 
1201  58.40234239  015.69632291 both 4 
1201  58.40216889  015.69503944 both 5 
1201  58.40219069  015.69461825 both 6 K_stop
1201  58.40261995  015.69271832 both 7 
1201  58.40276856  015.69257651 both 8 K_stop
1201  58.40356771  015.69192970 both 9 
1201  58.40986598  015.66279716 both 10 
1201  58.40944487  015.66047486 both 11 C_stop
1201  58.40930291  015.65996345 both 12 
1201  58.40817973  015.65733679 both 13 
1201  58.40871128  015.65857636 both 14 
1201  58.40861910  015.65853928 both 15 
1201  58.40855712  015.65866880 both 16 
1201  58.40979440  015.66295761 both 17 
1201  58.40929527  015.66229039 both 18 
1201  58.40924373  015.66206621 both 19 
1201  58.40922823  015.66153240 both 20 
1201  58.40915255  015.66121012 both 21 D_stop
1201  58.40963047  015.66150101 both 22 
1201  58.40768369  015.67366156 both 23 09/27_start(split)
1201  58.40771970  015.67452375 both 24 
1201  58.40840509  015.67497122 both 25 L_stop
1201  58.40933536  015.67558881 both 26 
1201  58.41061041  015.67573916 both 27 
1201  58.40741315  015.67492847 both 28 09/27_start(split)(split)
1201  58.40648278  015.67926045 both 29 09/27_start(split)(split)(split)
1201  58.40192323  015.68080941 both 30 
1201  58.40221399  015.68077397 both 31 
1201  58.40277420  015.67937191 both 32 
1201  58.40281910  015.67882656 both 33 
1201  58.40302766  015.67833090 both 34 
1201  58.40401239  015.67769693 both 35 
1201  58.40433888  015.67792153 both 36 
1201  58.40457944  015.67825843 both 37 
1201  58.40535987  015.67890679 both 38 I_stop
1201  58.40611806  015.67951535 both 39 
1201  58.40626591  015.68027716 both 40 09/27_start(split)(split)(split)(split)
1201  58.40857303  015.65950622 both 41 D_stop(split)
1201  58.40847952  015.65802706 both 42 (split)
1201  58.40790842  015.65908891 both 43 I_start
1201  58.40835399  015.65803025 both 44 I_stop
1201  58.40824715  015.65960955 both 45 C_stop
1201  58.40819816  015.65962372 both 46 C_stop
1201  58.40817292  015.65932050 both 47 C_stop
1201  58.40858249  015.66003766 both 48 D_stop
1201  58.40852370  015.66018417 both 49 D_stop
1201  58.40845021  015.66011559 both 50 D_stop
1201  58.40843225  015.65988180 both 51 D_stop
1201  58.40980470  015.66378666 both 52 09/27_start(split)
1202 2 1 twoway runway 11/29
1204 departure 11,29
1204 arrival 11,29
1204 ils 11,29
1202 1 3 twoway taxiway K
1204 departure 11,29
1204 arrival 11,29
1202 3 4 twoway taxiway K
1204 departure 11,29
1204 arrival 11,29
1202 4 5 twoway taxiway K
1204 departure 11,29
1204 arrival 11,29
1202 5 6 twoway taxiway K
1204 departure 11,29
1204 arrival 11,29
1202 6 7 twoway taxiway K
1202 7 8 twoway taxiway K
1202 8 9 twoway taxiway K
1204 departure 11,29
1204 arrival 11,29
1202 9 2 twoway runway 11/29
1204 departure 11,29
1204 arrival 11,29
1202 0 10 twoway taxiway C
1204 departure 11,29
1204 arrival 11,29
1204 ils 11
1202 10 22 twoway taxiway C
1204 departure 11,29
1204 arrival 11,29
1204 ils 11
1202 11 12 twoway taxiway C
1202 12 14 twoway taxiway C
1202 14 42 twoway taxiway C
1202 14 15 twoway taxiway C
1202 15 16 twoway taxiway C
1202 0 17 twoway taxiway D
1204 departure 11,29
1204 arrival 11,29
1204 ils 11
1202 17 18 twoway taxiway D
1204 departure 11,29
1204 arrival 11,29
1202 18 19 twoway taxiway D
1204 departure 11,29
1204 arrival 11,29
1202 19 20 twoway taxiway D
1204 departure 11,29
1204 arrival 11,29
1202 20 21 twoway taxiway D
1204 departure 11,29
1204 arrival 11,29
1202 21 41 twoway taxiway D
1202 22 11 twoway taxiway C
1204 departure 11,29
1204 arrival 11,29
1202 23 28 twoway runway 11/29
1204 departure 11,29
1204 arrival 11,29
1204 ils 11,29
1202 23 24 twoway runway 11/29
1204 departure 11,29
1204 arrival 11,29
1202 24 25 twoway taxiway L
1204 departure 11,29
1204 arrival 11,29
1202 25 26 twoway taxiway L
1202 26 27 twoway taxiway L
1202 28 29 twoway runway 11/29
1204 departure 11,29
1204 arrival 11,29
1204 ils 11,29
1202 24 28 twoway runway 11/29
1204 departure 11,29
1204 arrival 11,29
1202 29 40 twoway runway 11/29
1204 departure 11,29
1204 arrival 11,29
1204 ils 11,29
1202 30 31 twoway taxiway I
1202 31 32 twoway taxiway I
1202 32 33 twoway taxiway I
1202 33 34 twoway taxiway I
1202 34 35 twoway taxiway I
1202 35 36 twoway taxiway I
1202 36 37 twoway taxiway I
1202 37 38 twoway taxiway I
1202 38 39 twoway taxiway I
1204 departure 11,29
1204 arrival 11,29
1202 39 29 twoway runway 11/29
1204 departure 11,29
1204 arrival 11,29
1202 40 2 twoway runway 11/29
1204 departure 11,29
1204 arrival 11,29
1204 ils 11,29
1202 39 40 twoway runway 11/29
1204 departure 11,29
1204 arrival 11,29
1202 0 52 twoway taxiway D
1204 departure 11,29
1204 arrival 11,29
1204 ils 11
1202 41 16 twoway taxiway D
1202 42 13 twoway taxiway C
1202 43 44 twoway taxiway C
1202 44 42 twoway taxiway C
1202 16 45 twoway taxiway C
1202 45 46 twoway taxiway C
1202 46 47 twoway taxiway C
1202 41 48 twoway taxiway D
1202 48 49 twoway taxiway D
1202 49 50 twoway taxiway D
1202 50 51 twoway taxiway D
1202 52 23 twoway runway 11/29
1204 departure 11,29
1204 arrival 11,29
1204 ils 11,29
99
