I
1100 Generated by WorldEditor 1.7.21r1

1    393 0 0 ESST Torsby
1302 city 
1302 country Sweden
1302 datum_lat 60.154722222
1302 datum_lon 12.993611111
1302 faa_code 
1302 iata_code TYF
1302 icao_code ESST
1302 region_code ES
1302 state Värmlanda län
1302 transition_alt 5000
1302 transition_level 
100 29.00 1 0 0.25 0 3 0 16  60.16397500  012.98604167    0    0 2 1 0 0 34  60.15076900  012.99690600    0    0 2 7 0 0
110 1 0.25 0.0000 Club area
111  60.15505960  012.99364396
111  60.15480616  012.99385908
112  60.15493244  012.99395069  60.15495123  012.99405137
112  60.15498000  012.99434184  60.15498158  012.99453300
112  60.15489631  012.99477946  60.15485247  012.99481092
112  60.15431396  012.99523890  60.15425437  012.99529876
112  60.15416824  012.99553286  60.15412568  012.99556992
111  60.15353348  012.99607864
111  60.15372175  012.99698190
111  60.15421531  012.99661562
111  60.15423752  012.99667553
111  60.15426894  012.99664886
111  60.15423957  012.99648432
111  60.15438189  012.99636835
111  60.15436055  012.99625802
111  60.15531866  012.99556288
111  60.15519581  012.99488384
111  60.15502968  012.99471476
112  60.15506686  012.99429756  60.15505757  012.99409715
114  60.15502117  012.99388471  60.15500551  012.99379033
110 1 0.25 0.0000 Terminal area
112  60.15129174  012.99593200  60.15126053  012.99576667
112  60.15083974  012.99348614  60.15077675  012.99315777
111  60.15087699  012.99306624
111  60.15133179  012.99269121
111  60.15097215  012.99099767
111  60.15049665  012.99139715
112  60.15034568  012.99172815  60.15034738  012.99192654
111  60.15047173  012.99246145
111  60.14993472  012.99293957
111  60.15018109  012.99403179
112  60.15056555  012.99367626  60.15068189  012.99357650
111  60.15071811  012.99377434
112  60.15115139  012.99600556  60.15118828  012.99621934
111  60.15111477  012.99636108
113  60.15146261  012.99606686
130 Airport Boundary
111  60.16394027  012.98453129
111  60.15572983  012.99124589
111  60.15552428  012.99017840
111  60.15187330  012.99281663
111  60.15157442  012.99146898
111  60.15111616  012.99078629
111  60.14938944  012.99219047
111  60.15057909  012.99806180
111  60.15343066  012.99567513
111  60.15373025  012.99708247
111  60.15563222  012.99563384
111  60.15539828  012.99442611
113  60.16448456  012.98703499
120 Linear Feature 10
111  60.15495152  012.99380573 24
112  60.15502171  012.99420119  60.15504191  012.99437116 24
112  60.15485537  012.99495449  60.15469728  012.99505594
111  60.15485537  012.99495449
112  60.15485537  012.99495449  60.15475450  012.99503740 24
112  60.15433636  012.99533274  60.15426968  012.99539260 24
112  60.15421270  012.99561244  60.15412164  012.99569892 24
115  60.15383748  012.99596144
120 Linear Feature 9
111  60.15501112  012.99341882 24
112  60.15495152  012.99380573  60.15498361  012.99407288
111  60.15495152  012.99380573
112  60.15495152  012.99380573  60.15490108  012.99355700 24
115  60.15476812  012.99362149
120 Linear Feature 7
111  60.15118496  012.99537588 5
115  60.15105971  012.99547975
120 Linear Feature 6
112  60.15077175  012.99363270  60.15068550  012.99316681 24
112  60.15022712  012.99363047  60.15017569  012.99335361 24
116  60.15043355  012.99317032  60.15067773  012.99300758
120 Linear Feature 6
111  60.15141519  012.99637575 24
112  60.15127402  012.99620085  60.15122697  012.99596922 24
112  60.15068550  012.99316681  60.15064315  012.99288792 24
111  60.15073296  012.99263682 24
112  60.15082725  012.99234696  60.15089077  012.99217206 24
112  60.15103035  012.99237990  60.15105858  012.99248862 24
115  60.15109477  012.99268133
21  60.16210034  012.98837218 2 157.7400 3.00 16 PAPI-4L
21  60.15301655  012.99430889 2 337.7500 3.00 34 PAPI-4L
1300  60.15383743  012.99608851 300.70 misc turboprops|props|helos Club area fuel
1301 A none 
1300  60.15501955  012.99490113 -176.64 misc turboprops|props|helos Club area
1301 A none 
1300  60.15099831  012.99278038 126.87 misc jets|turboprops|props|helos Terminal area fuel
1301 B none 
1300  60.15109263  012.99222773 126.87 misc jets|turboprops|props Terminal area
1301 A none 
19  60.16305745  012.98592869 1 WS
19  60.15145981  012.99522566 1 WS
54 12205 AFIS
99
