I
1100 Generated by WorldEditor

1    164 1 0 ESSV Visby
100 45.11 1 1 0.25 1 3 1 03  57.65412739  018.34074663    0    0 3 3 0 1 21  57.67105737  018.35211656    0    0 3 3 0 1
100 52.26 3 0 0.30 0 0 0 10  57.64976242  018.32723964   57   78 0 0 0 0 28  57.64791063  018.35182924  125    1 0 0 0 0
102 H1  57.66838088  018.34578730  19.50 19.50 18.50 1 0 0 0.25 1
110 2 0.25 290.6000 walkway
111  57.66160430  018.33760865 21
111  57.66155237  018.33784414
111  57.66156833  018.33785823 21
113  57.66161373  018.33764454
110 2 0.25 290.6000 walkway
111  57.66152867  018.33795501 21
111  57.66143183  018.33842618
111  57.66144723  018.33843565 21
113  57.66153920  018.33799285
110 1 0.25 20.0000 parking
111  57.66173159  018.33661217
111  57.66118922  018.33779319
111  57.66151170  018.33804816
111  57.66153000  018.33795933
111  57.66156816  018.33809234
111  57.66160282  018.33811950
111  57.66161076  018.33812617
111  57.66172212  018.33821291
111  57.66177029  018.33799825
112  57.66263429  018.33866035  57.66270245  018.33871257
111  57.66263429  018.33866035
112  57.66263429  018.33866035  57.66274156  018.33875017
112  57.66305117  018.33780313  57.66305332  018.33710588
111  57.66305117  018.33780313
112  57.66305117  018.33780313  57.66304215  018.33761765
112  57.66281225  018.33689923  57.66260825  018.33658692
111  57.66281225  018.33689923
112  57.66281225  018.33689923  57.66279210  018.33686627
112  57.66263405  018.33668409  57.66257948  018.33663858
111  57.66204294  018.33617300
112  57.66197297  018.33614850  57.66195174  018.33618401
113  57.66177883  018.33652649
112  57.66283027  018.33705617  57.66287218  018.33715222
111  57.66283027  018.33705617
112  57.66283027  018.33705617  57.66289652  018.33717749
112  57.66300738  018.33778662  57.66301685  018.33809497
111  57.66300738  018.33778662
112  57.66300738  018.33778662  57.66301550  018.33796607
111  57.66299251  018.33803937
113  57.66270589  018.33686914
111  57.66290681  018.33791725
111  57.66296796  018.33815953
111  57.66291074  018.33832510
113  57.66282548  018.33798921
111  57.66286765  018.33842649
111  57.66279341  018.33853026
111  57.66270687  018.33817486
113  57.66278548  018.33810352
111  57.66272958  018.33858214
112  57.66264841  018.33856917  57.66260956  018.33853804
111  57.66260054  018.33853026
111  57.66259360  018.33840704
113  57.66267269  018.33833570
111  57.66247108  018.33830439
111  57.66250851  018.33845854
113  57.66239952  018.33836641
111  57.66224789  018.33824493
111  57.66212641  018.33814829
112  57.66210832  018.33807017  57.66210789  018.33807017
113  57.66218672  018.33800172
111  57.66199727  018.33790740
111  57.66203574  018.33807247
113  57.66191591  018.33797461
111  57.66183801  018.33791461
111  57.66171246  018.33781333
111  57.66170337  018.33777810
113  57.66178851  018.33770312
111  57.66166895  018.33794595
112  57.66135030  018.33766792  57.66133296  018.33765365
111  57.66135069  018.33760266
111  57.66151033  018.33723567
111  57.66163897  018.33774679
111  57.66167678  018.33790984
113  57.66170826  018.33794163
110 3 0.00 0.0000 grass
112  57.66159632  018.33818648  57.66160744  018.33819667
111  57.66159632  018.33818648
112  57.66159632  018.33818648  57.66158627  018.33815306
111  57.66152955  018.33795833
111  57.66143216  018.33842430
111  57.66152119  018.33848637
113  57.66157947  018.33817141
110 2 0.25 318.0000 Concrete pad mil
111  57.67134067  018.34833334
111  57.67144595  018.34855353
111  57.67159041  018.34830739
113  57.67148716  018.34808410
110 2 0.25 317.0000 Concrete pad mil
111  57.67214531  018.34739895
111  57.67224755  018.34760965
111  57.67239506  018.34735213
113  57.67229201  018.34714061
110 2 0.25 322.0000 Concrete pad mil
111  57.67308947  018.34809899
111  57.67318968  018.34833626
111  57.67334734  018.34811289
113  57.67324611  018.34787632
110 2 0.25 322.0000 Concrete pad mil
111  57.67228116  018.34888039
111  57.67238137  018.34911766
111  57.67253903  018.34889429
113  57.67243780  018.34865772
110 2 0.25 40.0000 Mil acces road pads
111  57.67199206  018.34780110
112  57.67231831  018.34833246  57.67232820  018.34834901
111  57.67231348  018.34837333
112  57.67216232  018.34862547  57.67215850  018.34863371
111  57.67214802  018.34872563
112  57.67215665  018.34870300  57.67216231  018.34869283
111  57.67215665  018.34870300
112  57.67215665  018.34870300  57.67216218  018.34869213
112  57.67236359  018.34838398  57.67239778  018.34834205
111  57.67236359  018.34838398
112  57.67236359  018.34838398  57.67237781  018.34836542
111  57.67238663  018.34836045
111  57.67206730  018.34785280
112  57.67206078  018.34778396  57.67207329  018.34775734
111  57.67206078  018.34778396
114  57.67206078  018.34778396  57.67203258  018.34779672
110 2 0.25 20.0000 Mil park southeast 1
111  57.65171074  018.34230701
112  57.65176772  018.34231673  57.65179364  018.34232211
111  57.65176772  018.34231673
112  57.65176772  018.34231673  57.65173363  018.34251822
111  57.65170833  018.34280391
111  57.65165342  018.34283889
111  57.65159088  018.34328609
111  57.65175970  018.34335434
111  57.65182207  018.34293384
112  57.65178662  018.34284770  57.65177024  018.34280009
111  57.65178662  018.34284770
112  57.65178662  018.34284770  57.65184848  018.34225603
112  57.65207711  018.34165931  57.65225410  018.34121107
111  57.65207711  018.34165931
114  57.65207711  018.34165931  57.65198614  018.34181387
110 2 0.25 20.0000 Mil park southeast 2
111  57.65096720  018.34362562
112  57.65103772  018.34363534  57.65106364  018.34364072
111  57.65103772  018.34363534
112  57.65103772  018.34363534  57.65101716  018.34383964
111  57.65101592  018.34401292
111  57.65097004  018.34410692
111  57.65098143  018.34449793
111  57.65115046  018.34447546
111  57.65113578  018.34407142
112  57.65108738  018.34400996  57.65106650  018.34396517
111  57.65108738  018.34400996
112  57.65108738  018.34400996  57.65110413  018.34350542
112  57.65133358  018.34297792  57.65152409  018.34251844
111  57.65133358  018.34297792
114  57.65133358  018.34297792  57.65124261  018.34313248
110 15 0.25 0.0000 Transp RWY access
111  57.67053000  018.35135793
111  57.67055875  018.35117320
111  57.67035489  018.35103817
113  57.67003528  018.35102564
110 15 0.25 0.0000 Transp RWY access
111  57.66965272  018.35076796
111  57.66970824  018.35059877
111  57.66945729  018.35042920
113  57.66917554  018.35045121
110 15 0.25 0.0000 Transp RWY access
111  57.66149396  018.34529111
111  57.66140445  018.34502769
111  57.66124445  018.34492017
113  57.66125400  018.34513293
110 15 0.25 0.0000 Transp RWY access
111  57.65981293  018.34415792
111  57.65984633  018.34398223
111  57.65951537  018.34375775
113  57.65935508  018.34385562
110 15 0.25 0.0000 Transp RWY access
111  57.66033744  018.34451525
111  57.66032005  018.34430331
111  57.66007041  018.34413362
113  57.66004062  018.34431566
110 15 0.25 0.0000 Transp RWY access
111  57.65547420  018.34224976
111  57.65577698  018.34225941
111  57.65536759  018.34198270
113  57.65529582  018.34212485
110 15 0.25 0.0000 Transp RWY access
111  57.65487816  018.34184484
111  57.65485522  018.34163801
111  57.65464365  018.34149440
113  57.65472965  018.34174946
110 2 0.00 0.0000 Mil taxi southeast
112  57.65529893  018.34212598  57.65520094  018.34206119
111  57.65529893  018.34212598
112  57.65529893  018.34212598  57.65518087  018.34212887
112  57.65490913  018.34234544  57.65480934  018.34244393
111  57.65490913  018.34234544
112  57.65490913  018.34234544  57.65494246  018.34217267
112  57.65487704  018.34183952  57.65480543  018.34166313
111  57.65487704  018.34183952
112  57.65487704  018.34183952  57.65484524  018.34181778
112  57.65472766  018.34174481  57.65467780  018.34171230
111  57.65472766  018.34174481
112  57.65472766  018.34174481  57.65483441  018.34198910
112  57.65481449  018.34230119  57.65478794  018.34249905
111  57.65481449  018.34230119
112  57.65481449  018.34230119  57.65479688  018.34247608
112  57.65452967  018.34275739  57.65436741  018.34300633
111  57.65452967  018.34275739
112  57.65452967  018.34275739  57.65411556  018.34354043
112  57.65387366  018.34431953  57.65381070  018.34461826
111  57.65387366  018.34431953
112  57.65387366  018.34431953  57.65385082  018.34432010
111  57.65382243  018.34432615
111  57.65371385  018.34470660
111  57.65385838  018.34484950
111  57.65395891  018.34447395
112  57.65393760  018.34437285  57.65392407  018.34430821
111  57.65393760  018.34437285
112  57.65393760  018.34437285  57.65407594  018.34375737
112  57.65458130  018.34287879  57.65463995  018.34287598
111  57.65458130  018.34287879
112  57.65458130  018.34287879  57.65453920  018.34296872
112  57.65447229  018.34320865  57.65443596  018.34333538
111  57.65447229  018.34320865
112  57.65447229  018.34320865  57.65433425  018.34405053
111  57.65435823  018.34471241
111  57.65432010  018.34479611
111  57.65435282  018.34527881
111  57.65451791  018.34522844
111  57.65448282  018.34475149
111  57.65442557  018.34470271
112  57.65457304  018.34314520  57.65471132  018.34270121
112  57.65547706  018.34224879  57.65599219  018.34211767
111  57.65547706  018.34224879
114  57.65547706  018.34224879  57.65541995  018.34221361
110 1 0.25 20.0000 Mil pad
112  57.67346495  018.34951547  57.67348989  018.34940225
111  57.67346495  018.34951547
112  57.67346495  018.34951547  57.67343693  018.34958476
112  57.67340467  018.34956660  57.67339605  018.34954702
112  57.67338724  018.34951927  57.67337708  018.34948703
112  57.67339044  018.34935265  57.67337659  018.34932213
111  57.67339044  018.34935265
112  57.67339044  018.34935265  57.67337720  018.34931580
112  57.67310620  018.34855685  57.67307874  018.34848099
111  57.67311344  018.34834536
111  57.67299911  018.34849424
112  57.67303329  018.34859520  57.67304624  018.34863370
112  57.67302418  018.34867615  57.67301376  018.34869098
111  57.67286814  018.34888450
111  57.67290834  018.34899245
111  57.67289824  018.34937449
111  57.67296307  018.34955304
111  57.67315177  018.34963825
112  57.67322530  018.34985360  57.67324333  018.34990586
112  57.67317455  018.35016733  57.67310919  018.35032159
111  57.67317455  018.35016733
112  57.67317455  018.35016733  57.67326290  018.35006618
112  57.67334999  018.34986909  57.67338334  018.34976625
111  57.67334999  018.34986909
114  57.67334999  018.34986909  57.67337568  018.34980166
110 2 0.25 20.0000 Roadw
111  57.66129746  018.34209282 20
112  57.66104600  018.34334737  57.66100160  018.34352312 20
112  57.66020323  018.34411717  57.65974619  018.34408787
111  57.66020323  018.34411717
112  57.66020323  018.34411717  57.66024024  018.34419336
112  57.66029422  018.34427514  57.66033467  018.34432673
111  57.66029422  018.34427514
112  57.66029422  018.34427514  57.66042219  018.34431419 20
112  57.66107100  018.34357515  57.66122770  018.34306743
111  57.66107100  018.34357515
112  57.66107100  018.34357515  57.66098192  018.34421157 20
111  57.66124956  018.34493615
111  57.66140561  018.34503955 20
112  57.66119346  018.34424890  57.66113410  018.34388497 20
111  57.66115950  018.34345318 20
111  57.66138222  018.34215179
113  57.66134329  018.34212363
110 2 0.00 0.0000 Conc 2 A
111  57.66014496  018.34366999
111  57.66006828  018.34414197
112  57.66032542  018.34431324  57.66045018  018.34439962
111  57.66032542  018.34431324
114  57.66032542  018.34431324  57.66010245  018.34406705 3
110 1 0.25 20.0000 Taxi K
111  57.65326819  018.33902194
111  57.65333899  018.33897976
111  57.65335690  018.33894295
112  57.65332388  018.33888603  57.65331932  018.33880681
112  57.65324566  018.33797037  57.65323168  018.33779794
111  57.65324566  018.33797037
112  57.65324566  018.33797037  57.65325964  018.33762551
111  57.65332653  018.33738338
111  57.65381197  018.33535046
111  57.65386815  018.33533124
111  57.65396740  018.33498091
111  57.65383172  018.33485344
111  57.65374128  018.33520472
111  57.65376370  018.33530237
112  57.65325784  018.33734834  57.65323416  018.33744633
111  57.65321480  018.33761628
111  57.65308312  018.33604959
111  57.65312778  018.33597290
111  57.65309877  018.33556635
111  57.65292589  018.33561057
111  57.65296100  018.33602639
111  57.65302054  018.33606919
112  57.65324461  018.33881412  57.65325307  018.33892792
111  57.65324461  018.33881412
112  57.65324461  018.33881412  57.65325307  018.33892104
111  57.65324188  018.33889557
111  57.65297766  018.33851884
111  57.65277063  018.33861048
112  57.64791577  018.33527239  57.64767556  018.33509654
112  57.64745707  018.33433109  57.64738405  018.33405806
111  57.64552759  018.32686203
111  57.64542928  018.32642806
111  57.64542868  018.32593793
111  57.64395201  018.32593793
112  57.64395053  018.32624927  57.64394866  018.32634313
112  57.64388136  018.32633397  57.64384042  018.32633050
111  57.64308260  018.32633928
111  57.64308544  018.32696831
111  57.64328080  018.32696763
111  57.64328080  018.32674321
111  57.64390255  018.32674321
111  57.64406506  018.32650559
112  57.64512487  018.32653199  57.64515869  018.32653515
112  57.64542808  018.32693584  57.64552618  018.32730877
112  57.64738696  018.33440587  57.64749345  018.33482236
112  57.64788386  018.33543095  57.64809931  018.33559291
111  57.65283637  018.33880397
113  57.65323669  018.33935523
110 2 0.00 0.0000 Conc 1 A
111  57.65993112  018.34354090 3 102
112  57.65951537  018.34376282  57.65922133  018.34367527
111  57.65951537  018.34376282
112  57.65951537  018.34376282  57.65955687  018.34379274
113  57.65984669  018.34399588
110 2 0.25 20.0000 Apron concrete
111  57.66072853  018.34094118
111  57.66138826  018.34137105
111  57.66135783  018.34154583
111  57.66139816  018.34158006
112  57.66135122  018.34182929  57.66134496  018.34185957
111  57.66130918  018.34184060
111  57.66162850  018.34207808
111  57.66177394  018.34126970
111  57.66191304  018.34135185
112  57.66198425  018.34129362  57.66199775  018.34120945
111  57.66211398  018.34052407
111  57.66232706  018.34067309
112  57.66221752  018.34137624  57.66219726  018.34154458
112  57.66223089  018.34189501  57.66221964  018.34199181
111  57.66212988  018.34243277
111  57.66222156  018.34249552
112  57.66230741  018.34195166  57.66232920  018.34185491
112  57.66247630  018.34155447  57.66250626  018.34137115
111  57.66272845  018.33999129
111  57.66282601  018.34005501
111  57.66291049  018.33958170
111  57.66238368  018.33917640
111  57.66229127  018.33962685
111  57.66176336  018.33927302
111  57.66164558  018.33953475
111  57.66147979  018.33942410
111  57.66157193  018.33900047
111  57.66164548  018.33860836
111  57.66133766  018.33835954
111  57.66126694  018.33869584
111  57.66040274  018.33811733
111  57.66035070  018.33836619
111  57.65943169  018.33776021
111  57.65939609  018.33801886
111  57.66037259  018.33877383
111  57.66028462  018.33921872
111  57.66040594  018.34000932
111  57.66084620  018.34032987
111  57.66136620  018.34004014
111  57.66145602  018.33957495
111  57.66167114  018.33973169
111  57.66140855  018.34124324
111  57.66078396  018.34085269
111  57.66077907  018.34087435
113  57.66074348  018.34085107
112  57.66158885  018.34094222  57.66156687  018.34091692
111  57.66160377  018.34075435
111  57.66169952  018.34081404
111  57.66184391  018.34097552
111  57.66189577  018.34089264
111  57.66167061  018.34071023
111  57.66167568  018.34062224
111  57.66165930  018.34056840
111  57.66172604  018.34021008
111  57.66182046  018.34027068
111  57.66184508  018.34015521
111  57.66174856  018.34009362
111  57.66182216  018.34003668
112  57.66206132  018.34025356  57.66204779  018.34035158
113  57.66191602  018.34113079
110 1 0.25 288.0000 Taxi A
111  57.66081614  018.34175271
111  57.65995413  018.34114482 3 102
111  57.66018248  018.34146067 3 102
112  57.66021654  018.34189403  57.66016466  018.34217842 3 102
111  57.65993145  018.34354112
111  57.65981195  018.34416347
111  57.66004147  018.34431727
111  57.66014512  018.34367046 3 102
112  57.66042563  018.34208033  57.66046763  018.34183760 3 102
113  57.66054904  018.34182283 3 102
110 1 0.25 20.0000 Taxi M
111  57.67069374  018.34865052 3 102
111  57.67091589  018.34896330 3 102
111  57.67100043  018.34901718
111  57.67108607  018.34907244 3 102
112  57.67119793  018.34915581  57.67131049  018.34924000 3 102
112  57.67132015  018.34967104  57.67129559  018.34982412
111  57.67132015  018.34967104
112  57.67132015  018.34967104  57.67128126  018.34986239 3 102
111  57.67125602  018.35002867 3 102
111  57.67108626  018.34991643 3 102
111  57.67100698  018.35034667 3 102
111  57.67101846  018.35062664
111  57.67105726  018.35079026 3 102
112  57.67092605  018.35142803  57.67079359  018.35149017
111  57.67092605  018.35142803
112  57.67092605  018.35142803  57.67087018  018.35146678
111  57.67077075  018.35152617
111  57.67111945  018.35176101 1
111  57.67123267  018.35113693 3 102
111  57.67133217  018.35051809
111  57.67137877  018.35022142 3 102
112  57.67146006  018.34974010  57.67149528  018.34950926 3 102
111  57.67142774  018.34923549
111  57.67135746  018.34906632
111  57.67127279  018.34900634
111  57.67128567  018.34893955
112  57.67143324  018.34903650  57.67154125  018.34911016
111  57.67143324  018.34903650
112  57.67143324  018.34903650  57.67167087  018.34929075
111  57.67171863  018.34949474
111  57.67162467  018.34959577 3 102
112  57.67168857  018.34978010  57.67171803  018.34989135
112  57.67173780  018.35001848  57.67174935  018.35010921 3 102
111  57.67175796  018.35026990
111  57.67180102  018.35025392
111  57.67184879  018.35023675
112  57.67184727  018.35055502  57.67182899  018.35088738
111  57.67184727  018.35055502
112  57.67184727  018.35055502  57.67180999  018.35113323
111  57.67169826  018.35128647
112  57.67173114  018.35134253  57.67175080  018.35137599
111  57.67173114  018.35134253
112  57.67173114  018.35134253  57.67181264  018.35117864 3 102
112  57.67186243  018.34982386  57.67174865  018.34913093
111  57.67186243  018.34982386
112  57.67186243  018.34982386  57.67184706  018.34973761
112  57.67180786  018.34959249  57.67177709  018.34949025 3 102
112  57.67145039  018.34894870  57.67122022  018.34875227
111  57.67145039  018.34894870
112  57.67145039  018.34894870  57.67125475  018.34881905 3 102
111  57.67124459  018.34880822
111  57.67116378  018.34874919 3 102
111  57.67111540  018.34871886
111  57.67102594  018.34865987 3 102
111  57.66995155  018.34791426
111  57.66948074  018.34758132 3 102
111  57.66932168  018.34746381
111  57.66918344  018.34736719 3 102
111  57.66843852  018.34684692
111  57.66834729  018.34678275 3 102
111  57.66162851  018.34207783
111  57.66130929  018.34184043 3 102
112  57.66069048  018.34137935  57.66066681  018.34136165 3 102
112  57.66061519  018.34111583  57.66063334  018.34101406 102
112  57.66072841  018.34094145  57.66077023  018.34095177
111  57.66072841  018.34094145
112  57.66072841  018.34094145  57.66073314  018.34091342
111  57.66074348  018.34085132
111  57.66077914  018.34087537
111  57.66078394  018.34085360
111  57.66140895  018.34124410
111  57.66167229  018.33973136
111  57.66145457  018.33956797
111  57.66136399  018.34003806
111  57.66084613  018.34032837
111  57.66040819  018.34000687
111  57.66028557  018.33922107
111  57.66037346  018.33876857
111  57.65939802  018.33801489
111  57.65918119  018.33908135 1
111  57.65915160  018.33899114
111  57.65910022  018.33913375
111  57.65924036  018.33976677
112  57.66012791  018.34079268  57.66018512  018.34086397 102
112  57.66013959  018.34101096  57.66009873  018.34100587
111  57.66013959  018.34101096
112  57.66013959  018.34101096  57.66010145  018.34098041 3 102
112  57.65505713  018.33743966  57.65493805  018.33735967 3 102
112  57.65460129  018.33730056  57.65451199  018.33730056
111  57.65460129  018.33730056
112  57.65460129  018.33730056  57.65456705  018.33736522
112  57.65450641  018.33747791  57.65448576  018.33751423
111  57.65450641  018.33747791
112  57.65450641  018.33747791  57.65471958  018.33744188
112  57.65503703  018.33759070  57.65511007  018.33763566
111  57.65503703  018.33759070
112  57.65503703  018.33759070  57.65503391  018.33761901
111  57.65502568  018.33772149 3 102
111  57.65995705  018.34114650
111  57.66081562  018.34175344 3 102
111  57.66129765  018.34209329
113  57.66138182  018.34215209 3 102
110 2 0.25 20.0000 Concrete 2 north turn M
112  57.67169847  018.35128666  57.67169130  018.35127446
111  57.67169847  018.35128666
112  57.67169847  018.35128666  57.67180561  018.35112508
112  57.67185175  018.35023369  57.67183010  018.34992798
111  57.67185175  018.35023369
112  57.67185175  018.35023369  57.67181067  018.35025076
112  57.67175787  018.35026972  57.67174732  018.35027395
111  57.67175787  018.35026972
112  57.67175787  018.35026972  57.67179249  018.35076043 3 102
112  57.67156778  018.35147054  57.67143650  018.35183386
111  57.67156778  018.35147054
112  57.67156778  018.35147054  57.67152892  018.35150392 3 102
111  57.67135084  018.35168102 3 102
111  57.67115232  018.35177287
111  57.67126079  018.35115673
111  57.67123213  018.35113760
111  57.67092310  018.35282910
111  57.67096085  018.35286182
111  57.67109007  018.35212772 1 102
111  57.67180242  018.35160175
111  57.67174502  018.35131928 1 102
113  57.67173114  018.35134264
110 2 0.25 20.0000 Concrete taxi south
111  57.65402313  018.33998903 3 102
112  57.65390593  018.33856458  57.65406194  018.33781480 3 102
112  57.65450047  018.33763199  57.65467457  018.33757548 3 102
111  57.65502599  018.33772128
112  57.65503661  018.33759231  57.65504220  018.33753745
111  57.65503661  018.33759231
112  57.65503661  018.33759231  57.65494435  018.33751916
112  57.65450632  018.33747954  57.65437772  018.33751873
111  57.65450632  018.33747954
112  57.65450632  018.33747954  57.65460976  018.33728882
111  57.65484494  018.33683875
111  57.65490227  018.33686202
111  57.65510995  018.33654217
111  57.65499939  018.33628767
111  57.65479687  018.33660885
111  57.65479715  018.33672981
111  57.65449032  018.33730002 3 102
111  57.65421275  018.33710771
111  57.65429290  018.33664088
111  57.65435143  018.33661110
111  57.65443607  018.33622636
111  57.65427531  018.33612526
111  57.65420488  018.33649656
111  57.65423057  018.33660796
111  57.65415856  018.33707385 3 102
112  57.65405686  018.33760365  57.65402640  018.33775087
111  57.65405686  018.33760365
112  57.65405686  018.33760365  57.65395858  018.33771689 3 102
112  57.65376198  018.33834515  57.65370539  018.33860095
111  57.65376198  018.33834515
112  57.65376198  018.33834515  57.65371787  018.33841581
111  57.65363229  018.33864402
111  57.65345250  018.33874482
111  57.65333864  018.33898004
111  57.65326810  018.33902158
111  57.65323676  018.33935526
111  57.64567506  018.35278378
111  57.64575282  018.35290582
112  57.65238998  018.34110257  57.65247371  018.34094956
111  57.65238998  018.34110257
112  57.65238998  018.34110257  57.65290907  018.34059836
112  57.65379610  018.34085484  57.65431891  018.34120952
111  57.65379610  018.34085484
112  57.65379610  018.34085484  57.65381842  018.34075747
111  57.65384031  018.34065203
112  57.65318301  018.34044631  57.65275322  018.34046370
111  57.65318301  018.34044631
112  57.65318301  018.34044631  57.65275508  018.34050890
111  57.65255043  018.34076544
112  57.65329900  018.33946418  57.65333333  018.33940356
111  57.65329900  018.33946418
112  57.65329900  018.33946418  57.65340142  018.33974645
112  57.65386422  018.34047861  57.65396773  018.34053462
111  57.65386422  018.34047861
114  57.65386422  018.34047861  57.65392774  018.34028161
112  57.65350675  018.33939569  57.65345881  018.33917168
111  57.65350675  018.33939569
112  57.65350675  018.33939569  57.65347080  018.33923889
112  57.65351574  018.33911008  57.65356069  018.33904848
112  57.65365358  018.33919408  57.65368953  018.33928929
111  57.65365358  018.33919408
112  57.65365358  018.33919408  57.65363860  018.33938449 3 102
112  57.65374946  018.33987172  57.65380639  018.34003412
111  57.65374946  018.33987172
114  57.65374946  018.33987172  57.65367755  018.33977651
110 2 0.25 20.0000 Concrete 1 north turn M
111  57.67128582  018.34893846
111  57.67127253  018.34900601
111  57.67135734  018.34906666
112  57.67142770  018.34923552  57.67143545  018.34925413
111  57.67142770  018.34923552
112  57.67142770  018.34923552  57.67142778  018.34922106 3 102
112  57.67143680  018.34920795  57.67144620  018.34920702
111  57.67143680  018.34920795
112  57.67143680  018.34920795  57.67148724  018.34926423 3 102
111  57.67162547  018.34959468
112  57.67171895  018.34949516  57.67176434  018.34944650
111  57.67171895  018.34949516
112  57.67171895  018.34949516  57.67167161  018.34932811
112  57.67143326  018.34903603  57.67133462  018.34893864
111  57.67143326  018.34903603
114  57.67143326  018.34903603  57.67141347  018.34902210
110 1 0.25 20.0000 RWY edge south
111  57.65419702  018.34038862
112  57.65402295  018.33998847  57.65396360  018.33979722
111  57.65402295  018.33998847
112  57.65402295  018.33998847  57.65395672  018.34018948
111  57.65386426  018.34047758
112  57.65391611  018.34064156  57.65390588  018.34069894
111  57.65384012  018.34065205
111  57.65379594  018.34085389
113  57.65405915  018.34110243
110 1 0.25 20.0000 Mil taxi B
112  57.66969854  018.35061054  57.66971396  018.35062045
111  57.66969854  018.35061054
112  57.66969854  018.35061054  57.66971471  018.35060390
112  57.66990148  018.35047990  57.67008094  018.35038632
111  57.66990148  018.35047990
112  57.66990148  018.35047990  57.67021429  018.35029196
112  57.67058461  018.34985134  57.67071892  018.34964040
111  57.67108397  018.34907134
111  57.67124551  018.34880638
112  57.67181131  018.34783693  57.67186516  018.34775559
112  57.67212110  018.34772985  57.67220602  018.34759817
112  57.67248329  018.34710847  57.67253093  018.34702326
112  57.67255073  018.34658515  57.67259423  018.34651157
112  57.67269433  018.34637077  57.67275746  018.34628769
112  57.67289658  018.34636068  57.67292712  018.34637638
111  57.67289658  018.34636068
112  57.67289658  018.34636068  57.67283577  018.34630643
112  57.67267629  018.34619571  57.67262764  018.34616750
112  57.67247031  018.34610474  57.67240575  018.34609019
111  57.67247031  018.34610474
112  57.67247031  018.34610474  57.67248839  018.34612597
112  57.67252295  018.34640392  57.67243596  018.34654722
112  57.67178932  018.34762978  57.67174169  018.34769949
112  57.67138626  018.34777185  57.67130153  018.34789860
112  57.67112096  018.34821894  57.67105882  018.34834218
111  57.67102641  018.34866420
111  57.67100655  018.34901002
112  57.67053223  018.34975329  57.67036692  018.35000283
111  57.67053223  018.34975329
112  57.67053223  018.34975329  57.67036253  018.34999053
112  57.66985041  018.35033916  57.66951054  018.35054445
111  57.66985041  018.35033916
112  57.66985041  018.35033916  57.66962915  018.35043465
112  57.66944376  018.35043677  57.66925710  018.35044607
111  57.66944376  018.35043677
114  57.66944376  018.35043677  57.66957289  018.35052218
112  57.67240548  018.34703640  57.67234334  018.34714907
112  57.67209291  018.34759272  57.67204960  018.34765610
111  57.67192720  018.34763145
113  57.67244125  018.34675120
111  57.67169839  018.34780286
111  57.67116477  018.34874997
111  57.67111566  018.34871718
112  57.67116710  018.34835426  57.67120686  018.34827556
114  57.67143485  018.34788640  57.67146057  018.34784705
110 1 0.25 20.0000 Mil taxi D
112  57.67338721  018.34719406  57.67335276  018.34713396
111  57.67338721  018.34719406
112  57.67338721  018.34719406  57.67343201  018.34736162
112  57.67324839  018.34758840  57.67313849  018.34770427
111  57.67324839  018.34758840
112  57.67324839  018.34758840  57.67319344  018.34757090
111  57.67316967  018.34756702
111  57.67297075  018.34782221
111  57.67296704  018.34797037
111  57.67271499  018.34834708
112  57.67237801  018.34836667  57.67233599  018.34841032
112  57.67215680  018.34870229  57.67212412  018.34875467
112  57.67200696  018.34935829  57.67192174  018.34951763
111  57.67170268  018.34980829
111  57.67137694  018.35023370
111  57.67101779  018.35064415
112  57.67071917  018.35090510  57.67050318  018.35106601
111  57.67071917  018.35090510
112  57.67071917  018.35090510  57.67056253  018.35101200
112  57.67034924  018.35105518  57.67021217  018.35105017
111  57.67034924  018.35105518
112  57.67034924  018.35105518  57.67041740  018.35110088
111  57.67053525  018.35118321
112  57.67077263  018.35103274  57.67096896  018.35089142
111  57.67077263  018.35103274
112  57.67077263  018.35103274  57.67083768  018.35099754
111  57.67105553  018.35079900
112  57.67132668  018.35055390  57.67132287  018.35057736
111  57.67132668  018.35055390
112  57.67132668  018.35055390  57.67135777  018.35045905
111  57.67186696  018.34979998
112  57.67273675  018.34854824  57.67279617  018.34846359
112  57.67299634  018.34849808  57.67304020  018.34843724
112  57.67311433  018.34834524  57.67315302  018.34829507
111  57.67311433  018.34834524
112  57.67311433  018.34834524  57.67336288  018.34798503
112  57.67355944  018.34788934  57.67359118  018.34805253
111  57.67355944  018.34788934
114  57.67355944  018.34788934  57.67355553  018.34778662
112  57.67220167  018.34882470  57.67222501  018.34878105
112  57.67241573  018.34850764  57.67243596  018.34848436
111  57.67259747  018.34849793
112  57.67214651  018.34914614  57.67212628  018.34917233
111  57.67214651  018.34914614
114  57.67214651  018.34914614  57.67216208  018.34902683
111  57.67338956  018.34762779
112  57.67346074  018.34761025  57.67347860  018.34765744
111  57.67342925  018.34773792
112  57.67299345  018.34833942  57.67295384  018.34838175
112  57.67285339  018.34836058  57.67280246  018.34837646
111  57.67285339  018.34836058
114  57.67285339  018.34836058  57.67288876  018.34830767
110 3 0.00 0.0000 Taxi G and grass park club
111  57.64653665  018.33077388
111  57.64651432  018.32645650
111  57.64953197  018.32745028
111  57.64998357  018.32774023
111  57.65406556  018.33756270
111  57.65411168  018.33732262
111  57.65000410  018.32747159
111  57.64955278  018.32718959
111  57.64651754  018.32613816
111  57.64647140  018.32538563
111  57.64642894  018.32498601
111  57.64553788  018.32502167
113  57.64553579  018.32690020
110 2 0.25 356.0000 Concrete north pad
111  57.67380636  018.34868967
111  57.67389858  018.34895752
111  57.67397903  018.34895018
111  57.67403593  018.34866032
111  57.67400061  018.34737975
111  57.67390839  018.34712658
111  57.67384167  018.34713758
113  57.67376908  018.34742378
110 1 0.25 20.0000 Large turn north
111  57.67180214  018.35160267
112  57.67325546  018.35038213  57.67336015  018.35024396
111  57.67355105  018.34973731
111  57.67376658  018.34943794
112  57.67416236  018.34938912  57.67423626  018.34937810
112  57.67431075  018.34909186  57.67430780  018.34892094
111  57.67425307  018.34667445
112  57.67408416  018.34562603  57.67402308  018.34534054
111  57.67408416  018.34562603
112  57.67408416  018.34562603  57.67408416  018.34526441
112  57.67370897  018.34485741  57.67350540  018.34473370
111  57.67370897  018.34485741
112  57.67370897  018.34485741  57.67361227  018.34473370
111  57.67273818  018.34367646
111  57.67271354  018.34382615
112  57.67376042  018.34515184  57.67389275  018.34534217
112  57.67393982  018.34552031  57.67398563  018.34573918
111  57.67412991  018.34669326
111  57.67411143  018.34680841
111  57.67390161  018.34683725
111  57.67385501  018.34695418
111  57.67376601  018.34697721
112  57.67377242  018.34732929  57.67377674  018.34749880
112  57.67359415  018.34749928  57.67346681  018.34751946
111  57.67359415  018.34749928
112  57.67359415  018.34749928  57.67357473  018.34741856
112  57.67311998  018.34639389  57.67286275  018.34613389
112  57.67231942  018.34591028  57.67204481  018.34591028
112  57.67171593  018.34605996  57.67148651  018.34625496
111  57.67099543  018.34687749
112  57.67046584  018.34740716  57.67036155  018.34747866
112  57.66948366  018.34758383  57.66899816  018.34740658
111  57.66948366  018.34758383
112  57.66948366  018.34758383  57.66968266  018.34772886
111  57.66995537  018.34791772
112  57.66991985  018.34780540  57.66994130  018.34775278
111  57.66991985  018.34780540
112  57.66991985  018.34780540  57.67002975  018.34780289
112  57.67045311  018.34762977  57.67064429  018.34750628
111  57.67103854  018.34706173
112  57.67170977  018.34625571  57.67193370  018.34605587
112  57.67230818  018.34607700  57.67258300  018.34608651
112  57.67306588  018.34652454  57.67329490  018.34676244
111  57.67345252  018.34743019
112  57.67358184  018.34810954  57.67362494  018.34855860
111  57.67358184  018.34810954
112  57.67358184  018.34810954  57.67361513  018.34848522
112  57.67356336  018.34900768  57.67351497  018.34945978
111  57.67356336  018.34900768
112  57.67356336  018.34900768  57.67348947  018.34952583
112  57.67331088  018.34996338  57.67323083  018.35015913
111  57.67284286  018.35050457
113  57.67174056  018.35132210
112  57.67365331  018.34911163  57.67367097  018.34903091
112  57.67369059  018.34878140  57.67369648  018.34869334
112  57.67379458  018.34877039  57.67379458  018.34883277
111  57.67379458  018.34877039
112  57.67379458  018.34877039  57.67379458  018.34878140
112  57.67380243  018.34897220  57.67381224  018.34897220
111  57.67380243  018.34897220
112  57.67380243  018.34897220  57.67382009  018.34897220
111  57.67420860  018.34893184
111  57.67421252  018.34903091
112  57.67414581  018.34920703  57.67407517  018.34922538
114  57.67375142  018.34926941  57.67368863  018.34926941
112  57.67377496  018.34786409  57.67378085  018.34793748
112  57.67379066  018.34838145  57.67379066  018.34842915
112  57.67370236  018.34839613  57.67368078  018.34831908
112  57.67365723  018.34787510  57.67364153  018.34779071
111  57.67365723  018.34787510
114  57.67365723  018.34787510  57.67365527  018.34781272
110 1 0.25 20.0000 Hangar P terminal
111  57.65923046  018.33884056
111  57.65896379  018.33812272
111  57.65910161  018.33760751
112  57.65914236  018.33764603  57.65914967  018.33765423
112  57.65916881  018.33762939  57.65917393  018.33761435
111  57.65919339  018.33754332
111  57.65943232  018.33776023
111  57.66035085  018.33836764
111  57.66040360  018.33811837
111  57.66179869  018.33907387
111  57.66175838  018.33927140
111  57.66229077  018.33962904
111  57.66246546  018.33879762
111  57.66120592  018.33780344
111  57.66122227  018.33772728
111  57.66073595  018.33737419
111  57.66071624  018.33740793
111  57.66017307  018.33699177
111  57.65953442  018.33755097
112  57.65941747  018.33758931  57.65938944  018.33756260
111  57.65934968  018.33752554
111  57.65936971  018.33744416
111  57.65872259  018.33689454
111  57.65851343  018.33774415
111  57.65869830  018.33791386
111  57.65905375  018.33878246
111  57.65915144  018.33899143
113  57.65918120  018.33908309
110 3 0.30 20.0000 P Small AC
111  57.65829668  018.33971475
111  57.65836953  018.33933740
111  57.65875575  018.33961882
111  57.65882854  018.33914081
111  57.65835163  018.33781023
111  57.65774942  018.33738776
111  57.65750432  018.33867612
111  57.65825030  018.33925451
113  57.65817394  018.33962881
110 1 0.25 20.0000 Mil Helopad and road
111  57.66843734  018.34684555
111  57.66854477  018.34619650
111  57.66855809  018.34620646
111  57.66858206  018.34608692
111  57.66864066  018.34613175
111  57.66859272  018.34634094
111  57.66883984  018.34656940
111  57.66885594  018.34650531
112  57.66905356  018.34668462  57.66906969  018.34670208
112  57.66919209  018.34729228  57.66920757  018.34736093
111  57.66918402  018.34736874
111  57.66932254  018.34746567
112  57.66915880  018.34672583  57.66914692  018.34663061
112  57.66915479  018.34656508  57.66916413  018.34650953
112  57.66925069  018.34643558  57.66932531  018.34643897
112  57.67014042  018.34707810  57.67027895  018.34716278
111  57.67044215  018.34711795
112  57.67043968  018.34743008  57.67043719  018.34760668
111  57.67043968  018.34743008
112  57.67043968  018.34743008  57.67058135  018.34732322
112  57.67097827  018.34689749  57.67108090  018.34678062
111  57.67097827  018.34689749
112  57.67097827  018.34689749  57.67094741  018.34679216
111  57.67088248  018.34655644
111  57.67048129  018.34644751
111  57.67045324  018.34660159
111  57.67028028  018.34646677
111  57.67024530  018.34668095
111  57.67044082  018.34682342
111  57.67044064  018.34704490
112  57.67014638  018.34701336  57.67003716  018.34693865
111  57.66910069  018.34620489
111  57.66914024  018.34602132
111  57.66904061  018.34594054
111  57.66916341  018.34528776
112  57.67090824  018.34476198  57.67099648  018.34473875
112  57.67116464  018.34446803  57.67120317  018.34437276
112  57.67151042  018.34360854  57.67154516  018.34352812
111  57.67151042  018.34360854
112  57.67151042  018.34360854  57.67157162  018.34348482
112  57.67199522  018.34340918  57.67237069  018.34331330
111  57.67199522  018.34340918
112  57.67199522  018.34340918  57.67222530  018.34335908
112  57.67237600  018.34334880  57.67245606  018.34339643
111  57.67271777  018.34381605
111  57.67273855  018.34367791
112  57.67239455  018.34323323  57.67231813  018.34317539
112  57.67203690  018.34325374  57.67182221  018.34329457
111  57.67203690  018.34325374
112  57.67203690  018.34325374  57.67195139  018.34309043
111  57.67155748  018.34234982
112  57.67123329  018.34308033  57.67117043  018.34321642
111  57.67123329  018.34308033
112  57.67123329  018.34308033  57.67120186  018.34323188
112  57.67123825  018.34340372  57.67126471  018.34349651
111  57.67123825  018.34340372
112  57.67123825  018.34340372  57.67127298  018.34349651
112  57.67134258  018.34354089  57.67140874  018.34357800
111  57.67145935  018.34354707
112  57.67112427  018.34441005  57.67108575  018.34450068
112  57.67089879  018.34465926  57.67080931  018.34468947
111  57.66865849  018.34526418
111  57.66858581  018.34539036
111  57.66848199  018.34530300
111  57.66843008  018.34555536
111  57.66831068  018.34549712
111  57.66822762  018.34594360
111  57.66845851  018.34613465
113  57.66834702  018.34678319
112  57.67145582  018.34344221  57.67143035  018.34348984
112  57.67129389  018.34339798  57.67123930  018.34331633
112  57.67127569  018.34313260  57.67128843  018.34307817
111  57.67147583  018.34267670
111  57.67161229  018.34294208
113  57.67143944  018.34330612
110 1 0.25 295.0000 Mil accessroad
111  57.67327093  018.34096522 20
112  57.67220104  018.34588291  57.67219637  018.34590582 20
111  57.67217424  018.34590885
111  57.67214161  018.34607182 20
112  57.67215408  018.34610777  57.67214708  018.34613613 20
111  57.67182743  018.34756728
111  57.67173221  018.34796927 20
111  57.67149452  018.34899090
111  57.67152430  018.34902165 20
111  57.67179764  018.34785779
111  57.67189091  018.34746326 20
112  57.67221220  018.34610247  57.67221745  018.34608175 20
111  57.67224591  018.34607608
111  57.67227950  018.34591206 20
112  57.67226772  018.34586365  57.67227588  018.34583093 20
113  57.67332328  018.34101422
130 Airport Boundary 1
111  57.65579555  018.33587501
111  57.64949553  018.32288084
111  57.64858127  018.32069897
111  57.64673839  018.32412341
111  57.64464806  018.32521455
111  57.64396168  018.32877075
111  57.64358763  018.33548018
111  57.64605920  018.34610890
111  57.64746382  018.35384879
111  57.64947982  018.35450794
111  57.65227703  018.34885811
111  57.65724144  018.34664525
111  57.67121845  018.35656175
111  57.67449239  018.35970574
111  57.67714215  018.36114751
111  57.67811485  018.35187003
111  57.67565395  018.35013171
111  57.67609557  018.34819945
111  57.67460288  018.34697734
111  57.67453972  018.34498257
111  57.67202088  018.34266247
111  57.67157402  018.34137052
111  57.66851253  018.34277220
111  57.66342803  018.33755634
111  57.66270907  018.33543152
111  57.65951260  018.33392417
113  57.65894909  018.33564945
120 Linear Feature 9
112  57.66151104  018.33723324  57.66151414  018.33724676 20
115  57.66167995  018.33790838
120 Linear Feature 4
111  57.66151010  018.33723214 20
112  57.66134327  018.33762533  57.66133576  018.33767085
111  57.66134327  018.33762533
112  57.66134327  018.33762533  57.66134163  018.33764742 20
112  57.66135087  018.33767003  57.66136270  018.33767986 20
112  57.66166919  018.33795062  57.66166816  018.33794869 20
111  57.66170941  018.33794460 20
111  57.66171017  018.33794105 20
111  57.66167920  018.33790939
111  57.66171221  018.33781688 20
111  57.66184348  018.33792436
111  57.66190612  018.33797662 20
111  57.66204059  018.33808241
111  57.66211463  018.33814281 20
111  57.66225073  018.33825289
111  57.66237585  018.33835685 20
111  57.66251252  018.33846884
111  57.66259722  018.33853825 20
112  57.66264599  018.33857821  57.66268915  018.33860873 20
112  57.66273185  018.33859148  57.66275460  018.33857731
112  57.66279200  018.33854150  57.66283291  018.33850538 20
111  57.66287026  018.33843553
112  57.66290742  018.33834831  57.66293381  018.33828591 20
111  57.66297144  018.33816802
112  57.66299642  018.33806024  57.66300962  018.33798478 20
112  57.66301615  018.33780456  57.66301226  018.33770589
111  57.66301615  018.33780456
112  57.66301615  018.33780456  57.66299164  018.33726888 20
111  57.66278856  018.33696192 20
111  57.66269906  018.33684867
111  57.66262864  018.33677987 20
111  57.66250577  018.33667766
111  57.66242295  018.33660865 20
111  57.66229309  018.33650061
111  57.66221462  018.33643800 20
112  57.66210678  018.33634206  57.66208954  018.33632925 20
111  57.66205768  018.33630406
111  57.66199019  018.33625730 20
115  57.66190764  018.33641750
120 Linear Feature 17
111  57.66199903  018.33614380 20
112  57.66197533  018.33615138  57.66196516  018.33616708 20
115  57.66178043  018.33652731
120 Linear Feature 3
111  57.66177028  018.33799407 20
112  57.66263663  018.33865337  57.66274651  018.33874116
111  57.66263663  018.33865337
112  57.66263663  018.33865337  57.66282991  018.33877772 20
112  57.66304626  018.33780076  57.66302824  018.33735389
111  57.66304626  018.33780076
112  57.66304626  018.33780076  57.66302867  018.33734794 20
112  57.66280686  018.33690606  57.66270249  018.33673640
111  57.66280686  018.33690606
112  57.66280686  018.33690606  57.66269342  018.33675053 20
111  57.66262768  018.33669310 20
116  57.66199902  018.33614380  57.66194795  018.33611045
120 Linear Feature 23
111  57.66152875  018.33795582 21
115  57.66155246  018.33784387
120 Linear Feature 23
111  57.66153960  018.33799226 21
115  57.66156834  018.33785814
120 Linear Feature 16
111  57.66262819  018.33678056 21
111  57.66266296  018.33692819 21
111  57.66258403  018.33699001 21
115  57.66250646  018.33667949
120 Linear Feature 16
111  57.66242049  018.33661076 21
111  57.66244152  018.33670436 21
111  57.66236031  018.33677499 21
115  57.66229329  018.33650296
120 Linear Feature 16
111  57.66205822  018.33630381 21
111  57.66211532  018.33652456 21
115  57.66221385  018.33644171
120 Linear Feature 16
111  57.66267587  018.33683557 20
115  57.66269885  018.33685536
120 Linear Feature 16
111  57.66267560  018.33683428 20
115  57.66269858  018.33685407
120 Linear Feature 16
111  57.66248079  018.33666131 20
115  57.66250553  018.33668051
120 Linear Feature 16
111  57.66248079  018.33666237 20
115  57.66250587  018.33668157
120 Linear Feature 16
111  57.66226874  018.33649219 20
115  57.66229348  018.33651033
120 Linear Feature 16
111  57.66226807  018.33648970 20
115  57.66229281  018.33650784
120 Linear Feature 16
111  57.66203349  018.33629195 20
115  57.66205614  018.33630696
120 Linear Feature 16
111  57.66203307  018.33629041 20
115  57.66205573  018.33630542
120 Linear Feature 16
111  57.66191244  018.33643626 20
115  57.66187849  018.33650450
120 Linear Feature 16
111  57.66189452  018.33647330 20
115  57.66191687  018.33656815
120 Linear Feature 16
111  57.66191224  018.33643530 20
115  57.66187829  018.33650384
120 Linear Feature 16
111  57.66155488  018.33716186 20
115  57.66153909  018.33719322
120 Linear Feature 16
111  57.66134409  018.33765741 20
111  57.66133559  018.33766728 20
115  57.66132754  018.33769452
120 Linear Feature 16
111  57.66134435  018.33765809 20
111  57.66133596  018.33766791 20
115  57.66132810  018.33769499
120 Linear Feature 16
111  57.66155465  018.33716062 20
115  57.66153887  018.33719198
120 Linear Feature 16
111  57.66166217  018.33693903 20
115  57.66164595  018.33696957
120 Linear Feature 16
111  57.66166190  018.33693808 20
115  57.66164567  018.33696862
120 Linear Feature 16
111  57.66177304  018.33672466 20
115  57.66175682  018.33675520
120 Linear Feature 16
111  57.66177254  018.33672373 20
115  57.66175632  018.33675427
120 Linear Feature 19
111  57.66183466  018.33656612 20
115  57.66176325  018.33668208
120 Linear Feature 18
111  57.66200529  018.33620238 22
112  57.66197286  018.33622278  57.66195570  018.33625606 22
115  57.66177757  018.33659377
120 Linear Feature 21
111  57.66180221  018.33795370 22
112  57.66176951  018.33793510  57.66175935  018.33793760 22
112  57.66174013  018.33797142  57.66172916  018.33798542 22
112  57.66167922  018.33800717  57.66165943  018.33799967 22
111  57.66161749  018.33796641 22
115  57.66133461  018.33772847
120 Linear Feature 5
111  57.66180199  018.33795497 22
112  57.66264567  018.33860880  57.66266316  018.33862406
111  57.66264567  018.33860880
112  57.66264567  018.33860880  57.66266316  018.33862406 22
112  57.66275112  018.33862037  57.66279427  018.33859094 22
112  57.66287214  018.33848544  57.66289721  018.33844074 22
112  57.66296078  018.33826874  57.66299032  018.33816888 22
112  57.66303237  018.33780559  57.66302214  018.33761226 22
112  57.66296585  018.33734261  57.66292563  018.33718167 22
112  57.66279654  018.33693122  57.66272386  018.33681909 22
111  57.66262082  018.33672772 22
116  57.66200532  018.33620293  57.66193469  018.33615359
120 RWY HOLD SE
111  57.65220337  018.34119029 4
115  57.65232578  018.34121558
120 Apron N double
111  57.66140107  018.34157332 3
111  57.66171611  018.33974806 3
115  57.66179998  018.33949466
120 Apron white roadway
111  57.66134668  018.34186462 20
115  57.66140176  018.34158103
120 Apron white roadway
111  57.66141266  018.34191641 20
111  57.66157021  018.34092969 20
111  57.66174113  018.34000205 20
115  57.66189827  018.33975467
120 RWY HOLD MIL taxi
111  57.67141298  018.34851330 1
111  57.67133587  018.34845037
111  57.67118132  018.34832415 1
115  57.67110490  018.34825891
120 RWY HOLD Taxi M North
111  57.67182433  018.35103536 4
115  57.67171696  018.35096423
120 RWY HOLD Mil taxi 1
111  57.67219129  018.34933059 1
115  57.67207870  018.34911617
120 RWY HOLD Mil Taxi E
111  57.67339976  018.35010401 4
115  57.67323491  018.34991882
120 Taxi centerline E
112  57.67332190  018.34969251  57.67337410  018.34982827 1
116  57.67331453  018.35012162  57.67326353  018.35021026
120 Taxi centerline E
111  57.67317140  018.34931819 1
112  57.67332166  018.34969147  57.67338802  018.34985709 1
116  57.67352056  018.34958249  57.67353857  018.34950553
120 Taxi centerline MIL apron
112  57.67364962  018.34872378  57.67364858  018.34874166 1
112  57.67370681  018.34858326  57.67376142  018.34857622 1
112  57.67408905  018.34853396  57.67419261  018.34851988 1
116  57.67425663  018.34880157  57.67426040  018.34898820
120 Taxi centerline MIL apron
112  57.67360733  018.34789907  57.67360086  018.34785004 1
112  57.67359500  018.34771284  57.67360056  018.34764363 1
112  57.67369673  018.34760126  57.67375833  018.34759238 1
112  57.67405137  018.34755043  57.67415097  018.34753297 1
112  57.67422920  018.34781630  57.67423698  018.34803165 1
112  57.67426217  018.34899705  57.67426744  018.34914818 1
112  57.67415040  018.34930062  57.67405114  018.34931376 1
112  57.67374172  018.34935763  57.67369253  018.34936584 1
116  57.67349712  018.34967255  57.67332846  018.34992388
120 Taxi Centerline MIL
112  57.67348719  018.34774440  57.67351224  018.34770831 1
116  57.67359579  018.34782176  57.67361006  018.34791441
120 Taxi Centerline MIL
112  57.67339208  018.34751163  57.67343539  018.34745506 1
116  57.67354837  018.34757316  57.67357177  018.34768115
120 Taxi Centerline MIL
112  57.67353068  018.34749594  57.67354012  018.34753531 1
112  57.67349898  018.34772829  57.67344526  018.34780160 1
112  57.67302375  018.34837665  57.67300738  018.34839632 1
112  57.67293776  018.34843749  57.67290385  018.34843749 1
111  57.67281339  018.34843404
111  57.67265310  018.34842162 1
112  57.67239157  018.34844511  57.67234347  018.34848214
111  57.67239157  018.34844511
112  57.67239157  018.34844511  57.67234488  018.34849802 1
112  57.67219068  018.34874669  57.67214400  018.34881811 1
116  57.67209590  018.34921758  57.67208316  018.34928636
120 Taxi Centerline MIL
111  57.67344667  018.34718736 1
112  57.67343549  018.34744608  57.67337890  018.34753506 1
111  57.67331946  018.34761469 1
111  57.67184247  018.34972098
111  57.67171471  018.34989377 1
111  57.67135596  018.35036705
112  57.67103973  018.35071603  57.67094199  018.35083319 1
116  57.67046955  018.35112286  57.67038243  018.35112228
120 Taxi Centerline MIL
111  57.67107254  018.34868704 1
112  57.67114428  018.34828791  57.67119356  018.34819035 1
112  57.67140587  018.34784194  57.67145965  018.34774793
111  57.67140587  018.34784194
112  57.67140587  018.34784194  57.67146550  018.34775886 1
112  57.67173141  018.34773724  57.67181676  018.34773287
111  57.67188560  018.34772016 1
112  57.67212338  018.34764200  57.67218885  018.34753050 1
112  57.67245659  018.34705756  57.67247713  018.34702876 1
112  57.67248911  018.34669906  57.67248569  018.34652301
112  57.67259867  018.34636937  57.67263194  018.34631429 1
116  57.67256413  018.34606695  57.67247956  018.34602446
120 Taxi Centerline MIL
112  57.66959128  018.35051912  57.66969381  018.35051912 1
112  57.67002987  018.35031762  57.67014379  018.35024945 1
112  57.67049929  018.34987853  57.67067022  018.34963625 1
111  57.67104301  018.34903784
111  57.67120939  018.34877060 1
112  57.67262981  018.34631586  57.67268242  018.34622840 1
116  57.67286127  018.34625026  57.67293142  018.34630929
120 Taxi Centerline MIL
111  57.67136496  018.35179927 1
111  57.67192797  018.35134654 1
112  57.67317184  018.35032239  57.67326712  018.35021394 1
112  57.67356905  018.34934467  57.67366930  018.34874011 1
112  57.67362365  018.34804073  57.67357353  018.34752521
111  57.67362365  018.34804073
112  57.67362365  018.34804073  57.67358856  018.34763300 1
112  57.67309087  018.34646436  57.67278511  018.34612694 1
112  57.67232633  018.34599539  57.67219281  018.34598579 1
112  57.67172750  018.34613419  57.67153330  018.34631456 1
112  57.67102730  018.34694804  57.67095211  018.34703750 1
112  57.67045362  018.34751885  57.67010777  018.34780452
111  57.67045362  018.34751885
112  57.67045362  018.34751885  57.67009410  018.34775340 1
112  57.66972455  018.34774595  57.66965639  018.34774836 1
116  57.66949333  018.34770514  57.66945873  018.34768033
120 RWY Hold Mil parking S
111  57.65467688  018.33695486 1
115  57.65477102  018.33697936
120 RWY Hold Mil parking S
111  57.65415839  018.33707380 1
115  57.65422354  018.33703250
120 Edge line Taxi M south
112  57.65376190  018.33834460  57.65374348  018.33843083 3
116  57.65365258  018.33919411  57.65364780  018.33954921
120 Apron edge
111  57.66061408  018.34112291 3
111  57.66065803  018.34089356 1
115  57.66142995  018.34139351
120 Apron edge
111  57.66013959  018.34101096 3
111  57.66018161  018.34104146 3
112  57.66020180  018.34091818  57.66020795  018.34086932 3
112  57.66017021  018.34069103  57.66012101  018.34063642 3
111  57.65942589  018.33983882 3
115  57.65918071  018.33907936
120 Apron ramp taxi
112  57.66031990  018.34058794  57.66023495  018.34044134 1
112  57.66029322  018.34015795  57.66038079  018.34008273
111  57.66029322  018.34015795
112  57.66029322  018.34015795  57.66034036  018.34011728 1
115  57.66109435  018.33937433
120 Apron ramp taxi
112  57.66001384  018.34022269  57.65991180  018.34010852 1
112  57.65998930  018.33973712  57.66007687  018.33966190
111  57.65998930  018.33973712
112  57.65998930  018.33973712  57.66003644  018.33969645 1
115  57.66073640  018.33905450
120 Apron ramp taxi
112  57.65969181  018.33986120  57.65958977  018.33974703 1
112  57.65971015  018.33937520  57.65979772  018.33929999
111  57.65971015  018.33937520
112  57.65971015  018.33937520  57.65975728  018.33933454 1
115  57.66031316  018.33881463
120 Apron ramp taxi
112  57.66043175  018.34138024  57.66048196  018.34110396 1
112  57.66025311  018.34049363  57.66006566  018.34027743 1
112  57.65951959  018.33966372  57.65944271  018.33956887 1
112  57.65935022  018.33921140  57.65934868  018.33916829 1
112  57.65944238  018.33881578  57.65950696  018.33873817 1
115  57.65966436  018.33856319
120 Taxi Centerline M south
112  57.65418970  018.34071319  57.65400062  018.34051039 1
112  57.65381739  018.33972749  57.65375998  018.33943493 1
112  57.65379237  018.33862310  57.65385585  018.33827554 1
112  57.65410617  018.33773504  57.65423995  018.33753387 1
112  57.65450653  018.33747104  57.65457123  018.33744302 1
112  57.65504359  018.33758142  57.65522691  018.33770098
111  57.65504359  018.33758142
112  57.65504359  018.33758142  57.65519158  018.33768671 1
115  57.66030707  018.34125548
120 RWY HOLD MIL S
111  57.65327321  018.33830275 4 104
115  57.65319878  018.33825142
120 RWY HOLD Taxi A
112  57.66022908  018.34319604  57.66023270  018.34319818 4 104
115  57.66000874  018.34305516
120 RWY HOLD taxi M South
111  57.65388119  018.33869845 4 104
115  57.65366757  018.33855695
120 Taxi centerline A RWY
112  57.66002100  018.34369502  57.65997470  018.34394963 1
112  57.65941485  018.34425845  57.65900553  018.34399065
111  57.65941485  018.34425845
112  57.65941485  018.34425845  57.65919586  018.34410925 1
115  57.65881995  018.34385815
120 Taxi Centerline A RWY
111  57.66079427  018.34518624 1
112  57.66021699  018.34479471  57.66003622  018.34466510 1
112  57.66002107  018.34369475  57.66012013  018.34313926 1
112  57.66057137  018.34060439  57.66059614  018.34048404 1
112  57.66077540  018.34044478  57.66082740  018.34038460 1
115  57.66129678  018.33980623
120 RWY HOLD accessroad
111  57.66115994  018.34345087 4
115  57.66104115  018.34336611
120 RWY HOLD Taxi C
111  57.67134490  018.35051575 4
115  57.67101325  018.35031063
120 Taxi Centerline C
112  57.67107581  018.34881590  57.67109930  018.34883347 1
112  57.67130378  018.34915060  57.67134889  018.34923051 1
112  57.67138925  018.34970109  57.67134414  018.34999410 1
115  57.67104261  018.35168109
120 Taxi Centerline M
111  57.66056655  018.34143858 1
112  57.67142649  018.34906200  57.67154140  018.34914258 1
112  57.67181308  018.34994634  57.67187053  018.35041368 1
112  57.67165419  018.35141005  57.67143961  018.35197409
111  57.67165419  018.35141005
112  57.67165419  018.35141005  57.67156226  018.35159806 1
112  57.67136230  018.35180122  57.67121004  018.35191939 1
115  57.67095130  018.35205031
120 Taxi Centerline K
111  57.65374642  018.34008236 1
112  57.65325353  018.33914205  57.65316861  018.33898334 1
111  57.65277605  018.33868149 1
111  57.64934077  018.33634948 1
111  57.64885248  018.33601809 1
112  57.64789635  018.33536062  57.64771672  018.33522187 1
112  57.64745161  018.33447647  57.64734345  018.33406076 1
115  57.64537867  018.32653187
120 RWY HOLD MIL
111  57.67055218  018.34989658 4
115  57.67047855  018.34983242
120 Taxi apron
112  57.65920620  018.33894680  57.65887832  018.33810379 1
112  57.65881526  018.33778754  57.65882174  018.33763008 1
115  57.65890300  018.33733644
120 Mil Accessroad gate
111  57.67276673  018.34328721 21
115  57.67279216  018.34331229
21  57.65748435  018.34197311 2 19.2300 3.0 03  PAPI-4L
21  57.66830533  018.35128935 2 197.5200 3.0 21  PAPI-4L
21  57.67096807  018.35028089 6 120.9300 3.0 Wigwag taxi C
21  57.67140864  018.35054900 6 99.4600 3.0 Wigwag taxi C
21  57.65360919  018.33850644 6 122.5900 3.0 Wigwag taxi M 03
21  57.65394579  018.33874040 6 102.6100 3.0 Wigwag taxi M 03
21  57.65992723  018.34300004 6 116.0200 3.0 Wigwag taxi A
21  57.66029642  018.34324674 6 100.1800 3.0 Wigwag taxi A
21  57.67189095  018.35108427 6 101.4200 3.0 Wigwag taxi M 21
21  57.67165847  018.35092856 6 118.1900 3.0 Wigwag taxi M 21
20  57.64913721  018.32750912 9.7800 0 1 {@R}10-28{@L}G
20  57.64918194  018.32685698 9.7800 0 1 {@L}G{@R}10-28
20  57.65055096  018.32849568 224.7500 0 1 {@R}10-28{@L}G
20  57.65034964  018.32888864 224.7500 0 1 {@L}G{@R}10-28
20  57.65137018  018.33745926 19.5600 0 1 {@Y}{^lu}M{@L}K{@R}03
20  57.65128141  018.33791184 19.5600 0 1 {@R}03{@L}K{@Y}{^lu}M
20  57.65431494  018.33709841 20.7700 0 2 {@Y}21{^u}|03{^r}{@@}{@Y}10{^u}{@L}G
20  57.64974260  018.33691773 196.3300 0 1 {@L}K{@R}10-28
20  57.64981716  018.33641402 199.5500 0 1 {@R}10-28{@L}K
20  57.64849924  018.33550217 18.6200 0 1 {@L}K{@R}10-28
20  57.64841806  018.33599897 17.6700 0 1 {@R}10-28{@L}K
20  57.65364296  018.33852459 112.8500 0 2 {@L}M{@R}03{@@}{@L}M
20  57.65390977  018.33871242 105.5500 0 2 {@L}M{@R}03
20  57.65217489  018.33313978 228.8100 0 1 {@L}G
20  57.67104194  018.34918300 133.7800 0 2 {@L}B
20  57.67169539  018.35008370 147.4700 0 2 {@L}D
20  57.65945700  018.34092640 200.1200 0 2 {@L}M{@Y}03{^u}
20  57.65953026  018.34049368 20.7600 0 2 {@L}M{@Y}{^l}A{^r}
20  57.67191008  018.35116369 336.5800 0 2 {@L}E
20  57.67130501  018.34879998 20.1400 0 2 {@Y}M{^u}{@Y}{^r}C
20  57.67082430  018.35132898 20.1400 0 2 {@Y}{^l}C{@Y}|E{^u}
20  57.66960375  018.35038066 337.2800 0 2 {no-entry}
20  57.66981455  018.35059302 337.2800 0 2 {no-entry}
20  57.67063342  018.35118055 337.2800 0 2 {no-entry}
20  57.66136939  018.34472442 248.5300 0 1 {no-entry}
20  57.66063119  018.34426446 335.9000 0 1 {no-entry}
20  57.67048846  018.35097100 337.2800 0 2 {no-entry}
20  57.66085061  018.34457439 200.2300 0 3 {@Y}A{^r}
20  57.65527952  018.34070624 201.7300 0 3 {@Y}K{^u}{@Y}|M{^ru}
20  57.64753345  018.34934374 315.6600 0 1 {@Y}HOLD
20  57.64884601  018.34754259 141.0100 0 1 {@Y}HOLD
20  57.67140015  018.35199216 338.0500 0 2 {@Y}{^u}MIL_APRON
20  57.66089724  018.33804497 109.8800 0 3 {@Y}VISBY_FLYGPLATS
20  57.65816498  018.34008366 200.2300 0 2 {@Y}P-LIGHT_AIRCRAFT{^r}
20  57.67133819  018.35161341 347.0000 0 2 {@Y}{^lu}M{@Y}|E{^u}
20  57.67186243  018.35105059 103.4600 0 1 {@L}M{@R}21
20  57.67169318  018.35094334 118.1600 0 1 {@L}M{@R}21{@@}{@L}M
20  57.67137468  018.35053074 102.9400 0 2 {@L}C{@R}21
20  57.67099594  018.35029806 129.9400 0 2 {@L}C{@R}21{@@}{@L}C
20  57.67059222  018.34995854 129.9400 0 1 {@L}B{@R}21
20  57.67049599  018.34971267 152.8800 0 1 {@L}B{@R}21
20  57.66072671  018.34115112 94.0000 0 3 {@Y}{^l}M|{@Y}A{^u}{@Y}|M{^r}
20  57.66026634  018.34322055 105.5500 0 2 {@L}A{@R}21-03
20  57.65995782  018.34301102 113.3500 0 2 {@L}A{@R}21-03{@@}{@L}A{@Y}{^l}M{^r}
14  57.66138631  018.33892515 121.39 0 ATC Tower
1300  57.65966496  018.33854734 -30.47 gate jets|turboprops Ramp 1
1300  57.66033571  018.33879810 -27.48 gate jets|turboprops Ramp 2
1300  57.66072728  018.33904887 -28.44 gate jets|turboprops Ramp 3
1300  57.66108984  018.33936741 -31.76 gate jets|turboprops Ramp 4
1300  57.66112536  018.34106249 -69.44 tie_down props|helos Ramp 6
1300  57.64565995  018.32657899  -2.12 tie_down props Club 1
1300  57.64564858  018.32624440   1.33 tie_down props Club 2
1300  57.64563969  018.32579117   0.00 tie_down props Club 3
1300  57.64564431  018.32537052   0.00 tie_down props Club 4
1300  57.65871236  018.33926676 -162.80 tie_down props Grasspark 1
1300  57.66838294  018.34578831  20.56 tie_down helos Helo 
18  57.66309000  018.34479100 1 BCN
19  57.65722627  018.34072517 1 WS
19  57.66378107  018.34501356 1 WS
19  57.66996820  018.34912617 1 WS
19  57.65051143  018.32674580 1 WS
19  57.64872124  018.34995924 1 WS
54 12030 TWR
55 12615 CON
1000 Wind sw day calm
1001 ESSV 190 300 12
1002 ESSV 2000
1003 ESSV 12
1004 0700 1500
1101 28 right
1100 28      0 arrivals|departures props|helos 000000 000000 Runway Use 28
1100 21      0 arrivals|departures jets|turboprops|props|helos 000000 000000 Runway Use 21
1000 Wind nw day calm
1001 ESSV 300 010 12
1002 ESSV 2000
1003 ESSV 12
1004 0700 1500
1101 28 right
1100 03      0 arrivals|departures jets|turboprops|props|helos 000000 000000 Runway Use 03
1100 28      0 arrivals|departures props|helos 000000 000000 Runway Use 28
1000 wind se day calm
1001 ESSV 100 190 12
1002 ESSV 2000
1003 ESSV 12
1004 0700 1500
1101 10 left
1100 10      0 arrivals|departures props|helos 000000 000000 Runway Use 10
1100 21      0 arrivals|departures jets|turboprops|props|helos 000000 000000 Runway Use 21
1000 wind ne day calm
1001 ESSV 010 100 12
1002 ESSV 2000
1003 ESSV 12
1004 0700 1500
1101 10 left
1100 03      0 arrivals|departures jets|turboprops|props|helos 000000 000000 Runway Use 03
1100 10      0 arrivals|departures props|helos 000000 000000 Runway Use 10
1000 wind north any
1001 ESSV 300 120 999
1002 ESSV 0
1003 ESSV 0
1101 03 left
1100 03      0 arrivals|departures jets|turboprops|props|helos 000000 000000 Runway Use 03
1000 wind south any
1001 ESSV 120 300 999
1002 ESSV 0
1003 ESSV 0
1101 21 right
1100 21      0 arrivals|departures jets|turboprops|props|helos 000000 000000 Runway Use 21
1200 
1201  57.65330621  018.33923695 both 0 Taxi K(split)
1201  57.65821907  018.33979770 both 1 Taxi M(split)
1201  57.65838823  018.33889262 both 2 Taxi grasspark
1201  57.66012152  018.34312898 both 3 Taxi A_stop
1201  57.65957401  018.34436616 both 4 Taxi 03/21_start(split)
1201  57.65996654  018.34403303 both 5 Taxi A
1201  57.66014079  018.34474395 both 6 Taxi 03/21_start(split)
1201  57.65374332  018.34007714 both 7 Taxi K
1201  57.65320743  018.33906680 both 8 Taxi K
1201  57.65278483  018.33868113 both 9 Taxi K
1201  57.65132152  018.33769321 both 10 Taxi K_stop
1201  57.64977904  018.33664538 both 11 Taxi K_stop
1201  57.64845496  018.33574592 both 12 Taxi K_stop
1201  57.64782530  018.33530236 both 13 Taxi K
1201  57.64752811  018.33477214 both 14 Taxi K
1201  57.64571217  018.32774879 both 15 Taxi K
1201  57.66035541  018.34061234 both 16 Taxi A
1201  57.65950382  018.33964999 both 17 Taxi A
1201  57.65935144  018.33917677 both 18 Taxi A
1201  57.66057542  018.34060672 both 19 Taxi A
1201  57.66078242  018.34043008 both 20 Taxi A
1201  57.64806873  018.34973730 both 21 10/28_start
1201  57.64969027  018.32819273 both 22 10/28_stop
1201  57.64952214  018.32731452 both 23 Taxi G
1201  57.64916454  018.32720065 both 24 Taxi G_stop
1201  57.64604388  018.32614011 both 25 Taxi G
1201  57.64931416  018.33633108 both 26 Taxi K_stop(split)
1201  57.64886215  018.33602804 both 27 Taxi K_stop(split)(split)
1201  57.64908820  018.33617876 both 28 10/28_start(split)
1201  57.66044853  018.34093375 both 29 Taxi M(split)
1201  57.67095345  018.35204541 both 30 Taxi 03/21_start
1201  57.65425130  018.34082639 both 31 Taxi 03/21_stop
1201  57.65381489  018.33972353 both 32 Taxi M
1201  57.65378393  018.33863564 both 33 Taxi M_stop
1201  57.65404450  018.33776157 both 34 Taxi M
1201  57.65450223  018.33743536 both 35 Taxi M
1201  57.65497168  018.33752961 both 36 Taxi M
1201  57.66043734  018.34134565 both 37 Taxi M
1201  57.67142610  018.34906172 both 38 Taxi M
1201  57.67175693  018.34965618 both 39 Taxi M
1201  57.67184603  018.35047746 both 40 Taxi M
1201  57.67178090  018.35099072 both 41 Taxi M_stop
1201  57.67165537  018.35141497 both 42 Taxi M
1201  57.67135928  018.35180389 both 43 Taxi M
1201  57.67125972  018.35045954 both 44 Taxi C_stop
1201  57.67107936  018.34881872 both 45 Taxi M(split)
1201  57.67140464  018.34959535 both 46 Taxi C_stop
1201  57.67137370  018.34928622 both 47 Taxi C_stop
1202 0 8 twoway taxiway K
1204 departure 03,21
1204 arrival 03
1204 ils 03
1202 33 0 twoway taxiway K
1204 departure 03,21
1204 arrival 03
1204 ils 03
1202 1 37 twoway taxiway M
1202 2 1 twoway taxiway 
1202 21 28 twoway runway 10/28
1204 departure 10,28
1204 arrival 10,28
1202 22 23 twoway taxiway G
1204 departure 10,28
1204 arrival 10,28
1202 23 24 twoway taxiway G
1204 departure 10,28
1204 arrival 10,28
1202 24 25 twoway taxiway G
1202 27 12 twoway taxiway K
1204 departure 10,28
1204 arrival 10,28
1202 30 6 twoway runway 03/21
1204 departure 03,21
1204 arrival 03,21
1202 31 32 twoway taxiway M
1204 departure 03,21
1204 arrival 03
1204 ils 03
1202 32 33 twoway taxiway M
1204 departure 03,21
1204 arrival 03
1204 ils 03
1202 33 34 twoway taxiway M
1202 34 35 twoway taxiway M
1202 35 36 twoway taxiway M
1202 36 1 twoway taxiway M
1202 37 45 twoway taxiway M
1202 38 39 twoway taxiway M
1202 39 40 twoway taxiway M
1202 40 41 twoway taxiway M
1202 41 42 twoway taxiway M
1204 departure 03,21
1204 arrival 21
1204 ils 21
1202 42 43 twoway taxiway M
1204 departure 03,21
1204 arrival 21
1204 ils 21
1202 43 30 twoway taxiway M
1204 departure 03,21
1204 arrival 21
1204 ils 21
1202 30 44 twoway taxiway C
1204 departure 03,21
1204 arrival 03,21
1204 ils 21
1202 45 38 twoway taxiway M
1202 44 46 twoway taxiway C
1202 46 47 twoway taxiway C
1202 47 45 twoway taxiway C
1202 37 3 twoway taxiway A
1202 4 31 twoway runway 03/21
1204 departure 03,21
1204 arrival 03,21
1204 ils 03,21
1202 3 5 twoway taxiway A
1204 departure 03,21
1204 arrival 03,21
1204 ils 03,21
1202 5 4 twoway taxiway A
1204 departure 03,21
1204 arrival 03,21
1204 ils 03,21
1202 6 4 twoway runway 03/21
1204 departure 03,21
1204 arrival 03,21
1204 ils 03,21
1202 5 6 twoway taxiway A
1204 departure 03,21
1204 arrival 03,21
1204 ils 03,21
1202 31 7 twoway taxiway K
1204 departure 03,21
1204 arrival 03
1204 ils 03
1202 7 0 twoway taxiway K
1204 departure 03,21
1204 arrival 03
1204 ils 03
1202 8 9 twoway taxiway K
1204 departure 03,21
1204 arrival 03
1204 ils 03
1202 9 10 twoway taxiway K
1204 departure 03,21
1204 arrival 03
1204 ils 03
1202 10 11 twoway taxiway K
1202 11 26 twoway taxiway K
1204 departure 10,28
1204 arrival 10,28
1202 12 13 twoway taxiway K
1202 13 14 twoway taxiway K
1202 14 15 twoway taxiway K
1202 37 29 twoway taxiway A
1202 16 17 twoway taxiway A
1202 17 18 twoway taxiway A
1202 37 19 twoway taxiway A
1202 19 20 twoway taxiway A
1202 28 22 twoway runway 10/28
1204 departure 10,28
1204 arrival 10,28
1204 ils 10,28
1202 27 28 twoway runway 10/28
1204 departure 03,10,21,28
1204 arrival 03,10,21,28
1202 28 26 twoway runway 10/28
1204 departure 03,10,21,28
1204 arrival 03,10,21,28
1202 29 16 twoway taxiway A
99
