I
1100 Generated by WorldEditor 1.7.21r1

1     66 1 0 ESTA Angelholm
1302 city Ängelholm
1302 country Sweden
1302 datum_lat 56.291111111
1302 datum_lon 12.855
1302 faa_code 
1302 iata_code AGH
1302 icao_code ESTA
1302 region_code ES
1302 state Skåne län
1302 transition_alt 5000
1302 transition_level 
100 45.11 1 1 0.00 0 3 0 14  56.29783407  012.84428301    0    0 3 3 0 1 32  56.28517872  012.86587925    0    0 3 7 0 1
110 2 0.00 0.0000 BTerminal
111  56.28752806  012.86711575
111  56.28706858  012.86771645
111  56.28696323  012.86836224
111  56.28712995  012.86879519
111  56.28729864  012.86799505
113  56.28767627  012.86753732
110 1 0.00 0.0000 BTank
111  56.28889980  012.86513765
111  56.28819361  012.86616769
112  56.28797483  012.86559675  56.28794351  012.86549799
111  56.28795939  012.86537287
111  56.28781739  012.86561118
112  56.28793657  012.86568345  56.28797393  012.86579142
111  56.28814240  012.86622397
111  56.28760316  012.86695162
111  56.28778934  012.86759339
111  56.28881925  012.86625092
111  56.28866052  012.86582785
113  56.28899763  012.86530976
110 1 0.00 0.0000 Apron E
111  56.28678164  012.86612087
111  56.28658324  012.86650999 1 102
112  56.28657804  012.86704597  56.28652783  012.86737428 1 102
111  56.28638705  012.86803236 1 102
111  56.28606295  012.86852439
111  56.28591401  012.86829349
112  56.28586587  012.86838428  56.28586587  012.86838954
111  56.28586587  012.86838428
112  56.28586587  012.86838428  56.28590774  012.86845796
111  56.28585711  012.86855124
111  56.28574669  012.86881862
111  56.28600411  012.86917172
111  56.28605675  012.86904176
111  56.28601025  012.86898473
111  56.28608909  012.86880895
111  56.28623705  012.86898827
111  56.28651225  012.86921474
111  56.28634365  012.87003048
111  56.28660369  012.87013943
111  56.28669165  012.86925423
111  56.28689641  012.86934398
111  56.28697950  012.86933882
111  56.28705695  012.86961146
111  56.28799017  012.86955427
111  56.28813363  012.86926671
111  56.28829778  012.86926034
111  56.28829270  012.86908458
111  56.28780837  012.86765462
111  56.28748975  012.86656647 1 102
111  56.28747687  012.86645468
111  56.28727328  012.86596521 1 102
114  56.28702107  012.86614134  56.28688772  012.86616561 1 102
111  56.28593541  012.86856314
111  56.28603671  012.86872074
111  56.28595690  012.86890687
113  56.28584769  012.86876529
111  56.28625074  012.86875645
111  56.28677426  012.86909408
111  56.28676161  012.86913677
113  56.28623899  012.86881267
110 1 0.00 0.0000 Apron W
111  56.28880388  012.86491897 1 102
111  56.28962893  012.86650036 1 102
111  56.29013434  012.86561288 1 102
111  56.28933160  012.86402474
113  56.28918064  012.86425584 1 102
110 1 0.00 0.0000 Car Parking
111  56.28788063  012.86757294
111  56.28811587  012.86831657
111  56.28834918  012.86806628
111  56.28839223  012.86817716
111  56.28864165  012.86788313
111  56.28877463  012.86820030
111  56.28849043  012.86893925
111  56.28859625  012.86904519
111  56.28897828  012.86913339
111  56.28939489  012.86945950
111  56.28990100  012.86816162
111  56.28911212  012.86720147
111  56.28940859  012.86681958
111  56.28923453  012.86662118
111  56.28930104  012.86652793
113  56.28906025  012.86605799
110 1 1.00 0.0000 Apron F10A
111  56.28979224  012.84747986
112  56.28966549  012.84746901  56.28962466  012.84744586
111  56.28935678  012.84686558
111  56.28885740  012.84572929
111  56.28768309  012.84720685
111  56.28783651  012.85043080
112  56.28808601  012.85038516  56.28814741  012.85042244
111  56.28808601  012.85038516
112  56.28808601  012.85038516  56.28813855  012.85044163
111  56.28818044  012.85060789
111  56.28829689  012.85134027
111  56.28905463  012.85085871
111  56.28880895  012.84934654
112  56.28899103  012.84849576  56.28912183  012.84844275
111  56.28927929  012.84858308
111  56.28995857  012.84993700
111  56.29004827  012.84979267
111  56.28957489  012.84891168
112  56.28966940  012.84868279  56.28977677  012.84864742
111  56.28989477  012.84883342
111  56.29012835  012.84855667
111  56.29168930  012.84765223
111  56.29232246  012.84662119
113  56.29199048  012.84618867
112  56.28832442  012.84726177  56.28839193  012.84716800
112  56.28853345  012.84719472  56.28860888  012.84729760
112  56.28872758  012.84775369  56.28874846  012.84791389
111  56.28872758  012.84775369
112  56.28872758  012.84775369  56.28875885  012.84791855
111  56.28874382  012.84838035
111  56.28822479  012.84832095
112  56.28812969  012.84831439  56.28810889  012.84829569
111  56.28806751  012.84818641
114  56.28811885  012.84758963  56.28813435  012.84741635
111  56.28863520  012.84921318
111  56.28864167  012.84936215
112  56.28847295  012.84971831  56.28835343  012.84977472
112  56.28824423  012.84968126  56.28817922  012.84962051
111  56.28817136  012.84950346
113  56.28814149  012.84928993
110 2 0.00 0.0000 Apron F10B
111  56.28792097  012.85654403
111  56.28887894  012.85492960
111  56.28876296  012.85471561
113  56.28781741  012.85633201
110 2 0.00 0.0000 ApronGolden
111  56.29176507  012.84962493
111  56.29243356  012.84849497
111  56.29232495  012.84829577
113  56.29167168  012.84942668
110 1 0.00 0.0000 TWY M
111  56.29142961  012.85569959 1
112  56.29212253  012.85619101  56.29253093  012.85660787 1
111  56.29264397  012.85681444
111  56.29277295  012.85660344 1
112  56.29216225  012.85604135  56.29180576  012.85566180 1
113  56.29156392  012.85547180
110 1 0.00 136.0000 TWY C
111  56.28727328  012.86596314
111  56.28747687  012.86645468 1 102
112  56.28752629  012.86613630  56.28758050  012.86600374 1 102
111  56.28865929  012.86419607 1 102
112  56.28899723  012.86397949  56.28911340  012.86410159 1 102
111  56.28918064  012.86425584
111  56.28933160  012.86402474 1 102
112  56.28916802  012.86359380  56.28916414  012.86340554
111  56.28916802  012.86359380
112  56.28916802  012.86359380  56.28915833  012.86331833 1 102
111  56.28931501  012.86304784 1 102
112  56.29796508  012.84821826  56.29801348  012.84811358 1 102
112  56.29841458  012.84604722  56.29837679  012.84501237 1 102
111  56.29794505  012.84455977
111  56.29769948  012.84498621 1 102
112  56.29820124  012.84583034  56.29829361  012.84664874 1 102
112  56.29782520  012.84797361  56.29764901  012.84829812 1 102
111  56.29570302  012.85169757
111  56.29497555  012.85291790 1 102
111  56.29277295  012.85660344
113  56.29264397  012.85681444 1 102
110 1 0.00 220.0000 TWY F
111  56.28584569  012.86522030 1 102
112  56.28620232  012.86567102  56.28638452  012.86602859 1 102
111  56.28658324  012.86650999
111  56.28678164  012.86611880 1 102
112  56.28631966  012.86545375  56.28614031  012.86511503 1 102
113  56.28611143  012.86477310
110 1 0.00 220.0000 TWY A
111  56.29410869  012.85113274 1 102
112  56.29454459  012.85120380  56.29470736  012.85137183
111  56.29454459  012.85120380
112  56.29454459  012.85120380  56.29472363  012.85138862 1 102
112  56.29499817  012.85198282  56.29508997  012.85220173
111  56.29499817  012.85198282
112  56.29499817  012.85198282  56.29517343  012.85240075 1 102
111  56.29497555  012.85291790
111  56.29570302  012.85169757
112  56.29570302  012.85169757  56.29556265  012.85191273 1 102
112  56.29518058  012.85180822  56.29502047  012.85159728
111  56.29518058  012.85180822
112  56.29518058  012.85180822  56.29506056  012.85161098 1 102
112  56.29461985  012.85079209  56.29454526  012.85048991
111  56.29461985  012.85079209
112  56.29461985  012.85079209  56.29457078  012.85059329 1 102
113  56.29459930  012.85029113
110 1 1.00 0.0000 Clubway
111  56.28551779  012.86577870
111  56.28531411  012.86613464
112  56.28552908  012.86725180  56.28566915  012.86808736
111  56.28586587  012.86838428
111  56.28591401  012.86829142
114  56.28558165  012.86714723  56.28545017  012.86631554
110 1 0.00 0.0000 TWY G
111  56.28874365  012.85199986 1
111  56.28950210  012.85348255 1
111  56.28908469  012.85421735 1
112  56.28889536  012.85434816  56.28880196  012.85434833 1
111  56.28874490  012.85425810 1
111  56.28753330  012.85632676 1
111  56.28782820  012.85738062
111  56.28789064  012.85727766 1 102
112  56.28981387  012.85419080  56.28992435  012.85400746 1 102
112  56.29083665  012.85500518  56.29096876  012.85513976 1 102
111  56.29105128  012.85538315
111  56.29123593  012.85506050 1 102
112  56.29098666  012.85490974  56.29093667  012.85486461
111  56.29098666  012.85490974
112  56.29098666  012.85490974  56.29079086  012.85473298 1 102
112  56.29011436  012.85407217  56.28993646  012.85387741
111  56.29011436  012.85407217
112  56.29011436  012.85407217  56.29000270  012.85394993 1 102
111  56.29008055  012.85373359
111  56.28994625  012.85365054 1 102
111  56.28929373  012.85476246 1 102
112  56.28912471  012.85469768  56.28905298  012.85453951 1 102
111  56.28915161  012.85433767
111  56.29093818  012.85129338 1
111  56.29009055  012.84972918 1 102
113  56.29002768  012.84982559 1
110 1 0.00 136.0000 F10A
111  56.29008055  012.85373359 1
111  56.29196560  012.85052584 1
112  56.29260305  012.84926856  56.29277087  012.84880333 1
111  56.29294963  012.84784776 1
112  56.29338338  012.84504020  56.29345501  012.84468723 1
112  56.29424027  012.84480236  56.29431482  012.84482343 1
111  56.29445207  012.84512341 1
111  56.29491683  012.84478541 1
112  56.29560782  012.84491992  56.29585845  012.84506487 1
112  56.29605531  012.84523225  56.29620177  012.84524588 1
111  56.29634346  012.84502109 1
111  56.29713612  012.84360471 1
112  56.29734619  012.84363048  56.29744559  012.84381225 1
112  56.29748944  012.84390709  56.29755183  012.84404072 1
111  56.29755153  012.84427494
111  56.29769475  012.84403788 1
112  56.29716556  012.84334475  56.29705739  012.84348437 1
111  56.29627613  012.84490938 1
112  56.29587212  012.84496180  56.29558953  012.84468347 1
111  56.29521124  012.84468853 1
111  56.29415493  012.84463095 1
112  56.29389136  012.84459881  56.29372179  012.84459618 1
112  56.29331421  012.84490597  56.29325428  012.84517202 1
111  56.29285909  012.84775681 1
112  56.29277720  012.84807692  56.29273058  012.84810501 1
111  56.29259312  012.84800550 1
111  56.29255189  012.84797339 1
112  56.29232722  012.84785862  56.29222826  012.84787514 1
111  56.29219913  012.84800380 1
111  56.29142700  012.84929913 1
111  56.29185404  012.85017198 1
112  56.29186141  012.85030794  56.29184280  012.85038079 1
111  56.29180042  012.85042927 1
111  56.29157925  012.85079115 1
111  56.29147327  012.85098045
111  56.29122657  012.85139366 1
113  56.28994625  012.85365054
111  56.29191494  012.84989784
111  56.29243890  012.84895460
112  56.29253595  012.84893461  56.29257308  012.84900031
111  56.29252590  012.84916098
111  56.29201526  012.85004642
114  56.29191709  012.85004837  56.29186986  012.84996989
110 1 0.00 0.0000 F10B
111  56.28989477  012.84883342 1
111  56.29113990  012.85104227 1
112  56.29120900  012.85123285  56.29122657  012.85139366 1
111  56.29117133  012.85150891
111  56.29147327  012.85098045 1
112  56.29132710  012.85105492  56.29126716  012.85103539 1
111  56.29123035  012.85094516 1
112  56.29008502  012.84886651  56.29004813  012.84870412 1
113  56.29012835  012.84855667
110 1 0.00 0.0000 F10C
111  56.28531411  012.86613464
111  56.28504158  012.86561368 1
112  56.28491349  012.86557013  56.28484757  012.86544175 1
112  56.28482251  012.86498144  56.28483971  012.86467143 1
111  56.28494826  012.86449659 1
111  56.28567144  012.86329120 1
111  56.28796991  012.85809916 1
112  56.28802008  012.85780947  56.28801078  012.85768121 1
111  56.28798149  012.85758924 1
111  56.28789064  012.85727766
111  56.28782820  012.85738062 1
111  56.28790827  012.85765674 1
112  56.28793445  012.85781241  56.28793581  012.85787892 1
111  56.28790055  012.85798009 1
111  56.28561725  012.86319737 1
111  56.28491452  012.86440540 1
112  56.28475082  012.86494099  56.28471043  012.86532775 1
112  56.28488907  012.86580242  56.28503221  012.86606789 1
114  56.28521592  012.86617394  56.28527103  012.86618429 1
110 1 1.00 4.0000 R01
111  56.29913697  012.86182134
111  56.29917437  012.86120924
111  56.28937010  012.85964594
113  56.28933585  012.86026924
110 1 1.00 70.0000 R07
111  56.29562280  012.85225347
111  56.29494307  012.85336310
112  56.29538064  012.85350234  56.29545421  012.85385823
111  56.29738500  012.86369266
111  56.29768965  012.86347923
114  56.29560856  012.85273339  56.29557758  012.85255544
110 1 1.00 40.0000 R04
111  56.29469680  012.84466035
111  56.29445207  012.84512341
111  56.30792886  012.86598564
113  56.30816185  012.86551716
130 Airport Boundary
111  56.29356291  012.84290236
111  56.28990192  012.84089287
111  56.28816149  012.84074058
111  56.28598906  012.84835924
111  56.28848561  012.85355432
111  56.28654725  012.85766755
111  56.28267872  012.86581594
111  56.28528593  012.87199393
111  56.28970799  012.86970037
111  56.29078860  012.86586863
111  56.29875045  012.86352033
111  56.29983559  012.86201963
111  56.30282135  012.86020228
111  56.30790163  012.86795502
111  56.30898996  012.86539745
111  56.29878910  012.84888492
111  56.30152470  012.83958465
113  56.29892819  012.83590841
120 CenterLA
111  56.29384690  012.85109085 1
112  56.29418972  012.85073446  56.29435679  012.85069323 1
111  56.29443790  012.85080383 1
111  56.29496098  012.85170912 1
112  56.29520306  012.85228111  56.29528831  012.85261965 1
115  56.29502888  012.85302344
120 CenterLF
111  56.29733500  012.84514142 1
112  56.29760185  012.84478954  56.29769454  012.84478589
111  56.29760185  012.84478954
112  56.29760185  012.84478954  56.29771734  012.84478121 1
112  56.29786282  012.84480356  56.29799070  012.84486013
111  56.29786282  012.84480356
112  56.29786282  012.84480356  56.29799209  012.84488828 1
112  56.29830505  012.84589270  56.29836227  012.84668912
111  56.29830505  012.84589270
112  56.29830505  012.84589270  56.29837575  012.84703723 1
111  56.29790783  012.84808743 1
111  56.29502888  012.85302344 1
111  56.28913199  012.86314856 1
111  56.28869080  012.86394538 1
111  56.28736497  012.86617281 1
112  56.28697785  012.86655468  56.28679430  012.86657155
111  56.28697785  012.86655468
112  56.28697785  012.86655468  56.28681043  012.86657152 1
111  56.28666906  012.86633257 1
111  56.28602937  012.86512376 1
112  56.28598242  012.86471531  56.28599193  012.86450825 1
115  56.28609400  012.86432172
120 CenterLF1
111  56.28666906  012.86633257 1
112  56.28668898  012.86655959  56.28670212  012.86671266 1
115  56.28667102  012.86704970
120 CenterLAppE1
111  56.28649207  012.86796304 1
112  56.28638030  012.86854091  56.28637868  012.86862509 1
115  56.28642088  012.86866110
120 CenterLAppW4
111  56.28925898  012.86412367 1
111  56.28952363  012.86472841 1
112  56.28956782  012.86496645  56.28956604  012.86506897 1
111  56.28951837  012.86516497 1
115  56.28931392  012.86548889
120 CenterLAppW3
111  56.28952363  012.86472841 1
111  56.28979058  012.86529799 1
112  56.28983977  012.86552399  56.28983799  012.86562652 1
111  56.28979032  012.86572251 1
115  56.28960099  012.86601218
120 CenterLAppW2
111  56.28913199  012.86314856 1
112  56.28904640  012.86348045  56.28902102  012.86372570 1
115  56.28910821  012.86385381
120 CenterLAppW1
111  56.28873826  012.86386126 1
112  56.28888762  012.86373742  56.28896347  012.86372968 1
112  56.28910821  012.86385381  56.28917351  012.86397855 1
111  56.28925898  012.86412367 1
112  56.28930317  012.86436170  56.28930139  012.86446423 1
111  56.28925372  012.86456022 1
115  56.28902688  012.86492719
120 CenterLAppE4
111  56.28666906  012.86633257 1
115  56.28692389  012.86748545
120 CenterLAppE2
111  56.28697785  012.86655468 1
112  56.28680796  012.86668805  56.28671562  012.86680748 1
111  56.28667102  012.86704970 1
111  56.28649207  012.86796304 1
112  56.28634384  012.86824824  56.28632317  012.86829300
111  56.28634384  012.86824824
112  56.28634384  012.86824824  56.28628322  012.86837009 1
111  56.28617020  012.86858366 1
112  56.28615851  012.86879052  56.28619634  012.86889167 1
112  56.28652499  012.86912427  56.28661543  012.86918736 1
115  56.28654328  012.86948143
120 HoldF
111  56.28630688  012.86589572 5
115  56.28642824  012.86568725
120 HoldC
111  56.29644209  012.85035410 4
115  56.29656246  012.85057340
120 HoldM
111  56.29179881  012.85588226 4
115  56.29185769  012.85570034
120 HoldA
111  56.29479877  012.85150749 4
115  56.29488273  012.85137092
120 HoldG
111  56.29054285  012.85451456 4
115  56.29050284  012.85464714
21  56.29662069  012.84724166 2 136.3700 3.00 14 PAPI-4L
21  56.28654982  012.86235071 2 316.3800 3.00 32 PAPI-4L
21  56.29503265  012.85151456 6 222.4500 3.00 gA1 WIG-WAG
21  56.29484209  012.85183494 6 224.9400 3.00 gA2 WIG-WAG
21  56.29663687  012.85068371 6 317.0000 3.00 gC1 WIG-WAG
21  56.29852121  012.84557616 6 269.9400 3.00 C1b WIG-WAG
21  56.29640784  012.85026198 6 316.9200 3.00 gC2 WIG-WAG
21  56.29813639  012.84569087 6 263.6000 3.00 C2b WIG-WAG
21  56.28649644  012.86556969 6 229.5800 3.00 gF1 WIG-WAG
21  56.28628701  012.86595271 6 228.1300 3.00 gF2 WIG-WAG
21  56.29058485  012.85441447 6 36.2000 3.00 gG1 WIG-WAG
21  56.29048311  012.85471329 6 34.0900 3.00 gG2 WIG-WAG
21  56.29177948  012.85594953 6 208.9100 3.00 gM1 WIG-WAG
21  56.29187534  012.85565852 6 206.0700 3.00 gM2 WIG-WAG
20  56.29468399  012.85172235 227.9500 0 2 {@L}A{@R}32-14
20  56.29499472  012.85115868 227.9500 0 2 {@L}A{@R}32-14
20  56.28728127  012.86587206 319.3500 0 2 {@L}C
20  56.29671303  012.85085403 314.9400 0 2 {@L}C{@R}14
20  56.29632634  012.85012239 314.9400 0 2 {@L}C{@R}14
20  56.29595197  012.85212026 136.0000 0 2 {@L}C{@Y}A{^r}
20  56.28836472  012.86400305 316.7300 0 2 {@L}C{@Y}W{^r}
20  56.28625804  012.86597256 226.5800 0 2 {@L}F{@R}32
20  56.28651142  012.86552472 226.5800 0 2 {@L}F{@R}32
20  56.29063784  012.85426295 33.8000 0 2 {@L}G{@R}32-14
20  56.29046499  012.85478435 31.7900 0 2 {@L}G{@R}32-14
20  56.29175664  012.85601022 209.4800 0 2 {@L}M{@R}32-14
20  56.29189128  012.85560742 208.1400 0 2 {@L}M{@R}32-14
20  56.29245976  012.85665147 37.2400 0 2 {@L}M{@Y}{^l}C{^r}
20  56.29518793  012.84928756 134.0000 0 2 {@Y}{^l}A
20  56.29482063  012.85298688 314.9500 0 2 {@Y}{^l}A{@L}C
20  56.29562016  012.85253121 47.8400 0 2 {@Y}{^l}C{@L}A{@Y}C{^r}
20  56.28645998  012.86457929 135.2900 0 2 {@Y}{^l}F
20  56.29017886  012.85356104 137.1400 0 2 {@Y}{^l}G
20  56.29062555  012.85584137 314.0000 0 2 {@Y}{^l}G
20  56.28896256  012.85572927 49.9900 0 2 {@Y}{^l}J
20  56.29202633  012.85472466 134.0000 0 2 {@Y}{^l}M
20  56.28948968  012.86322507 136.0000 0 2 {@Y}{^l}W{@L}C
20  56.29379039  012.85168287 314.0000 0 2 {@Y}A{^r}
20  56.29706446  012.84607024 314.0000 0 2 {@Y}C{^r}
20  56.29168666  012.85402883 134.0000 0 2 {@Y}G{^r}
20  56.29286329  012.84850791 19.6300 0 2 {@Y}J{^r}
20  56.29096522  012.85653720 314.0000 0 2 {@Y}M{^r}
14  56.28964281  012.84394883 121.39 0 ATC Tower
15  56.28736244  012.86700246 145.66 Stand E1
15  56.28691610  012.86757539 103.34 Stand E3
15  56.28667237  012.86849059 323.08 Stand E4
15  56.28913273  012.86474105 138.76 Stand W1
15  56.28943943  012.86529252 138.52 Stand W2
18  56.29198500  012.85598400 1 BCN
19  56.29392512  012.85693739 0 Windsock C
19  56.29784419  012.84588372 1 WS
19  56.28527797  012.86446324 1 WS
54 12710 TWR
55 13245 TWR
56 12485 SWEDEN
99
