A
1000 Generated by WorldEditor

1    140 1 0 ESTL Ljungbyhed
100 25.00 1 0 0.25 0 0 0 12R  56.08464076  013.21624795    0    0 2 0 0 0 30L  56.08186276  013.22791395    0    0 2 0 0 0
100 25.00 1 0 0.25 0 0 0 12L  56.08596568  013.21726476   95    0 2 0 0 0 30R  56.08318768  013.22892076    0    0 2 0 0 0
100 50.00 3 0 0.00 0 0 0 02  56.08262672  013.19289129    0    0 2 0 0 0 20  56.08327528  013.19341689    0    0 0 0 0 0
100 40.00 3 0 0.00 0 0 0 11  56.08301813  013.19365760    0    0 0 0 0 0 29  56.08066851  013.20293617    0    0 0 0 0 0
100 40.00 1 0 0.25 0 3 0 11R  56.08735700  013.17790000  225    0 2 0 0 0 29L  56.07930100  013.21034000    0    5 3 3 0 0
100 40.00 1 0 0.25 0 3 0 11L  56.08850200  013.19247900    0    0 2 0 0 0 29R  56.08145903  013.22210791    0    0 2 0 0 0
102 H1  56.07753552  013.22280319  43.87 35.00 35.00 2 0 0 0.00 1
110 12 0.00 0.0000 New Taxiway 24
111  56.08330248  013.22837002
111  56.08331062  013.22846294
111  56.08332349  013.22845930
113  56.08331502  013.22836577
110 12 0.00 0.0000 New Taxiway 23
111  56.08328518  013.22841147
111  56.08328687  013.22843448
111  56.08333604  013.22842008
113  56.08333438  013.22839735
110 12 0.00 0.0000 New Taxiway 24
111  56.08415397  013.22479898
111  56.08416211  013.22489189
111  56.08417498  013.22488825
113  56.08416651  013.22479473
110 12 0.00 0.0000 New Taxiway 23
111  56.08413667  013.22484043
111  56.08413836  013.22486343
111  56.08418753  013.22484903
113  56.08418587  013.22482630
110 12 0.00 0.0000 New Taxiway 24
111  56.08499364  013.22131271
111  56.08500177  013.22140562
111  56.08501465  013.22140198
113  56.08500617  013.22130845
110 12 0.00 0.0000 New Taxiway 23
111  56.08497633  013.22135416
111  56.08497802  013.22137716
111  56.08502719  013.22136276
113  56.08502553  013.22134003
110 12 0.00 0.0000 New Taxiway 24
111  56.08589243  013.21752973
111  56.08590056  013.21762264
111  56.08591344  013.21761900
113  56.08590497  013.21752548
110 12 0.00 0.0000 New Taxiway 23
111  56.08587512  013.21757118
111  56.08587682  013.21759418
111  56.08592599  013.21757978
113  56.08592432  013.21755705
110 12 0.00 0.0000 New Taxiway 24
111  56.08450285  013.21672439
111  56.08451098  013.21681730
111  56.08452386  013.21681366
113  56.08451539  013.21672014
110 12 0.00 0.0000 New Taxiway 23
111  56.08448554  013.21676584
111  56.08448723  013.21678884
111  56.08453640  013.21677444
113  56.08453474  013.21675171
110 12 0.00 0.0000 New Taxiway 24
111  56.08360997  013.22052856
111  56.08361810  013.22062147
111  56.08363098  013.22061783
113  56.08362251  013.22052431
110 12 0.00 0.0000 New Taxiway 23
111  56.08359266  013.22057001
111  56.08359435  013.22059301
111  56.08364352  013.22057861
113  56.08364186  013.22055588
110 12 0.00 0.0000 New Taxiway 24
111  56.08282944  013.22376051
111  56.08283757  013.22385343
111  56.08285044  013.22384979
113  56.08284197  013.22375626
110 12 0.00 0.0000 New Taxiway 23
111  56.08281213  013.22380196
111  56.08281382  013.22382497
111  56.08286299  013.22381057
113  56.08286133  013.22378784
110 12 0.00 0.0000 New Taxiway 24
111  56.08197396  013.22735957
111  56.08198209  013.22745248
111  56.08199497  013.22744884
113  56.08198650  013.22735531
110 12 0.00 0.0000 New Taxiway 23
111  56.08195665  013.22740102
111  56.08195834  013.22742402
111  56.08200751  013.22740962
113  56.08200585  013.22738689
110 1 0.25 0.0000 Taxiways C
111  56.08537040  013.21679605
111  56.08523524  013.21669899
111  56.08525919  013.21681185
111  56.08476642  013.21889085
111  56.08468818  013.21900612
111  56.08450408  013.21915127
111  56.08407363  013.21945962
111  56.08403777  013.21942742
111  56.08402889  013.21932252
111  56.08387166  013.21999486
111  56.08397648  013.21973779
111  56.08407316  013.21958381
111  56.08452280  013.21924993
111  56.08458712  013.21926765
111  56.08462224  013.21933011
111  56.08463052  013.21941210
111  56.08460758  013.21956452
111  56.08315779  013.22557686
111  56.08312179  013.22567573
111  56.08306487  013.22571709
111  56.08300984  013.22568140
111  56.08296920  013.22555757
111  56.08283766  013.22509240
111  56.08281445  013.22492456
111  56.08281559  013.22442189
111  56.08265284  013.22510723
111  56.08270337  013.22497870
112  56.08274387  013.22499847  56.08274199  013.22500341
111  56.08278768  013.22513292
111  56.08295776  013.22574541
111  56.08300634  013.22595787
111  56.08300607  013.22613837
111  56.08299416  013.22628643
111  56.08253423  013.22824322
111  56.08250953  013.22831557
111  56.08244044  013.22834523
111  56.08260871  013.22847870
111  56.08257836  013.22838478
111  56.08258751  013.22829085
111  56.08470127  013.21945998
111  56.08475456  013.21943297
111  56.08481330  013.21946267
111  56.08487026  013.21959089
111  56.08500369  013.22019201
111  56.08502307  013.22033919
111  56.08502853  013.22068602
111  56.08513302  013.22025295
111  56.08509085  013.22025720
111  56.08505790  013.22014941
111  56.08486123  013.21931133
111  56.08482451  013.21911532
111  56.08482422  013.21894960
113  56.08531829  013.21685588
110 1 0.25 0.0000 Taxiway N2
111  56.08643000  013.21759626
111  56.08646009  013.21757828
111  56.08650272  013.21758278
111  56.08655037  013.21766817
111  56.08657294  013.21778053
111  56.08656291  013.21787042
111  56.08653281  013.21795581
111  56.08648015  013.21801873
112  56.08639990  013.21809514  56.08638987  013.21810412
111  56.08634223  013.21812210
111  56.08633219  013.21811311
111  56.08634724  013.21793783
111  56.08623188  013.21842323
111  56.08628705  013.21831986
111  56.08632969  013.21825693
111  56.08644003  013.21818952
111  56.08656040  013.21806817
111  56.08661808  013.21793334
111  56.08663061  013.21780750
111  56.08661306  013.21764570
111  56.08656291  013.21752885
111  56.08651275  013.21745244
113  56.08650021  013.21728165
110 1 0.25 0.0000 Taxiway N1
111  56.08355202  013.23046513
111  56.08348811  013.23045234
111  56.08344901  013.23035105
111  56.08342683  013.23021093
111  56.08344676  013.23000409
111  56.08664804  013.21668943
111  56.08668713  013.21643545
111  56.08667247  013.21624278
111  56.08661659  013.21609862
111  56.08650632  013.21599756
111  56.08576840  013.21542831
111  56.08564320  013.21545504
111  56.08555087  013.21558191
111  56.08532858  013.21651427
111  56.08526254  013.21658007
111  56.08539436  013.21667594
111  56.08538208  013.21657108
111  56.08560726  013.21565036
111  56.08567529  013.21557742
111  56.08577329  013.21555967
111  56.08654541  013.21613319
111  56.08661672  013.21627758
111  56.08662373  013.21642646
111  56.08659917  013.21661061
111  56.08338624  013.22995983
111  56.08336206  013.23020551
111  56.08339151  013.23040290
111  56.08343749  013.23053335
113  56.08343736  013.23067751
110 1 0.25 0.0000 Taxiway E1
111  56.08217544  013.23187589
111  56.08199793  013.23134013
111  56.08197476  013.23118641
111  56.08196212  013.23103876
111  56.08198236  013.23083560
111  56.08250711  013.22864510
111  56.08257384  013.22857574
111  56.08242842  013.22846562
111  56.08244015  013.22861441
111  56.08205710  013.23022116
111  56.08192319  013.23079599
111  56.08190139  013.23091598
111  56.08189828  013.23109457
111  56.08191852  013.23126758
111  56.08194343  013.23140431
111  56.08212406  013.23194007
111  56.08212406  013.23203216
113  56.08223150  013.23192054
110 1 0.25 0.0000 Taxiway E2
111  56.08237567  013.22888106
111  56.08219576  013.22892712
111  56.08210030  013.22900608
111  56.08204156  013.22917715
111  56.08204156  013.22943376
111  56.08210030  013.22971668
111  56.08211499  013.22979564
111  56.08212233  013.22994039
111  56.08219576  013.22964431
111  56.08215538  013.22962457
111  56.08211132  013.22942060
111  56.08210397  013.22926269
111  56.08213335  013.22913767
111  56.08222147  013.22906530
111  56.08229122  013.22907845
113  56.08230591  013.22917715
110 2 0.00 0.0000 Taxiway E3
111  56.08176408  013.22783527
111  56.08173964  013.22794562
111  56.08326663  013.22910045
113  56.08328846  013.22899536
110 1 0.25 0.0000 Taxiway W
111  56.08453644  013.21616874
111  56.08636915  013.21755269
111  56.08640123  013.21744806
111  56.08465194  013.21611320
113  56.08458029  013.21608658
110 3 0.50 0.0000 Grass area
111  56.08367169  013.19193749
111  56.08265041  013.19115365
111  56.08224307  013.19142339
111  56.08207482  013.19216915
111  56.08206597  013.19274038
111  56.08221110  013.19284665
111  56.08205997  013.19347712
113  56.08309603  013.19426610
110 1 0.25 0.0000 Helo area S
111  56.07790254  013.22236735
111  56.07777557  013.22220051
111  56.07777839  013.22231174
111  56.07769656  013.22249880
111  56.07761633  013.22252978
111  56.07753043  013.22238126
112  56.07730204  013.22281639  56.07730486  013.22282144
111  56.07753945  013.22322496
111  56.07776799  013.22279902
111  56.07769635  013.22266757
113  56.07783764  013.22236735
110 4 0.50 0.0000 Dirt E1
111  56.08046217  013.23056982
111  56.08043208  013.23038558
111  56.08055746  013.23002158
112  56.08065025  013.22997665  56.08066781  013.22994519
112  56.08069288  013.22984633  56.08069539  013.22979690
112  56.08066279  013.22967557  56.08064774  013.22964860
112  56.08058756  013.22962614  56.08055997  013.22962164
112  56.08051985  013.22967107  56.08050731  013.22970702
112  56.08048976  013.22980139  56.08048725  013.22983734
111  56.08049979  013.22992272
111  56.08035685  013.23034514
113  56.08027409  013.23036760
110 4 0.50 0.0000 Dirt area 2
111  56.07969521  013.22989213
111  56.07973412  013.22999581
111  56.07973702  013.23010456
111  56.07971793  013.23016375
111  56.07967663  013.23018631
111  56.07980512  013.23032836
111  56.07980533  013.23027184
111  56.07983001  013.23020316
111  56.07987854  013.23016414
113  56.07994624  013.23015906
110 4 0.50 0.0000 Dirt area 3
111  56.08020764  013.23043497
111  56.08023523  013.23054372
111  56.08023247  013.23065247
111  56.08020488  013.23071673
111  56.08016358  013.23072661
111  56.08031896  013.23089403
111  56.08031776  013.23081468
111  56.08034244  013.23074599
111  56.08039097  013.23070697
113  56.08045867  013.23070190
110 4 0.50 0.0000 Dire area4
111  56.08070733  013.23097274
111  56.08072112  013.23108149
111  56.08071837  013.23115564
111  56.08070733  013.23123473
111  56.08066327  013.23126438
111  56.08081865  013.23143180
111  56.08081745  013.23135245
111  56.08084213  013.23128377
111  56.08089066  013.23124474
113  56.08095836  013.23123967
110 4 0.00 0.0000 Service area E3
111  56.08247587  013.21135118
111  56.08265682  013.21146130
111  56.08253391  013.21233618
111  56.08258512  013.21237288
112  56.08271144  013.21150413  56.08273875  013.21129000
111  56.08271144  013.21150413
112  56.08271144  013.21150413  56.08274558  013.21129000
112  56.08264657  013.21105139  56.08258512  013.21100857
111  56.08242125  013.21089844
111  56.08221982  013.21187121
112  56.08218226  013.21193850  56.08215495  013.21197521
111  56.08218226  013.21193850
112  56.08218226  013.21193850  56.08220958  013.21201192
112  56.08230016  013.21214734  56.08235206  013.21217181
111  56.08230016  013.21214734
114  56.08230016  013.21214734  56.08232748  013.21203109
110 2 0.00 0.0000 Connecting road E
111  56.07751806  013.22783133
111  56.07749206  013.22791627
111  56.08128096  013.23207783
113  56.08132691  013.23198667
110 1 0.25 0.0000 Asphalt area S2
111  56.08125099  013.21497981 1 106
111  56.08104308  013.21482837 1 106
111  56.08089703  013.21497527 1 106
111  56.07924727  013.22174598 1 106
111  56.07927683  013.22233934 1 106
111  56.07948379  013.22250888 1 106
111  56.07954964  013.22236678 1 106
111  56.07968515  013.22226319 1 106
111  56.07980310  013.22220160 1 106
113  56.08131686  013.21578055 1 106
110 1 0.25 0.0000 Asphalt area S1
111  56.07862311  013.22903572
111  56.07889700  013.22873568
111  56.07968550  013.22500802
111  56.07981739  013.22476942
111  56.07986675  013.22453037
111  56.07880239  013.22373477
111  56.07858952  013.22314144
111  56.07848308  013.22301430
111  56.07839439  013.22296132
111  56.07801003  013.22440874
111  56.07797377  013.22497028
111  56.07788766  013.22553681
111  56.07770246  013.22640480
111  56.07780591  013.22648627
111  56.07764342  013.22746426
113  56.07751924  013.22782450
111  56.07901803  013.22617619
111  56.07856631  013.22825753
111  56.07850703  013.22848138
111  56.07841631  013.22856513
111  56.07828925  013.22865044
111  56.07787537  013.22819892
111  56.07790319  013.22811630
111  56.07829903  013.22839650
111  56.07835830  013.22812505
111  56.07813500  013.22796744
111  56.07857056  013.22603764
111  56.07873884  013.22590968
111  56.07882318  013.22589979
111  56.07897830  013.22601476
113  56.07902717  013.22607605
111  56.07877305  013.22449990
111  56.07881704  013.22447363
111  56.07918355  013.22476259
112  56.07924708  013.22484140  56.07925685  013.22485891
112  56.07924708  013.22493772  56.07924708  013.22497274
111  56.07906627  013.22573455
111  56.07897342  013.22580460
111  56.07857269  013.22547186
111  56.07856780  013.22534051
113  56.07874862  013.22460497
110 1 0.25 0.0000 Asphalt area E2
111  56.07809575  013.22857857
111  56.07763488  013.22993917
111  56.07770006  013.22999722
111  56.07759890  013.23034047
111  56.07773818  013.23049020
111  56.07753175  013.23114855
111  56.07733027  013.23095789
111  56.07723532  013.23183168
111  56.07784178  013.23243587
111  56.07813206  013.23154009
111  56.07788625  013.23128703
111  56.07808270  013.23068197
111  56.07839546  013.23102959
113  56.07893078  013.22949797
110 1 0.25 0.0000 Asphalt area E1
111  56.07970728  013.23021881
111  56.07934167  013.23131253
111  56.07950831  013.23150343
111  56.07955132  013.23146490
111  56.08054042  013.23253408
111  56.08068556  013.23207173
111  56.08075545  013.23212952
111  56.08087908  013.23174423
111  56.08075593  013.23161989
113  56.08081681  013.23143300
110 1 0.25 0.0000 Asphalt area N1
111  56.08399286  013.22846301
111  56.08354834  013.23046323
111  56.08343229  013.23068479
111  56.08209988  013.23205732
111  56.08151960  013.23148082
111  56.08141556  013.23182366
111  56.08125214  013.23212071
111  56.08212435  013.23304520
111  56.08221724  013.23304246
111  56.08227748  013.23285538
111  56.08237128  013.23264175
111  56.08248121  013.23253303
111  56.08268480  013.23287156
111  56.08395396  013.23154809
111  56.08406560  013.23135888
111  56.08404161  013.23123936
113  56.08459807  013.22894962
110 2 0.00 0.0000 Taxiway W6
112  56.08843695  013.18094106  56.08856838  013.18114624
111  56.08843695  013.18094106
112  56.08843695  013.18094106  56.08834156  013.18076629 1
111  56.08747931  013.17923146 1
112  56.08737791  013.17860551  56.08736519  013.17817237
111  56.08737791  013.17860551
112  56.08737791  013.17860551  56.08733764  013.17877268 1
112  56.08724060  013.17916709  56.08720880  013.17930007
111  56.08724060  013.17916709
112  56.08724060  013.17916709  56.08731055  013.17906830 1
111  56.08742086  013.17932396 1
112  56.08810695  013.18052496  56.08813875  013.18058195
111  56.08810695  013.18052496
114  56.08810695  013.18052496  56.08817479  013.18058955 1
110 1 0.25 0.0000 Taxiway W5
112  56.08788036  013.19059367  56.08779942  013.19047278 1
112  56.08759707  013.19005484  56.08751035  013.18983378 1
112  56.08746988  013.18954019  56.08745447  013.18941930 1
112  56.08744098  013.18925696  56.08743520  013.18913262 1
111  56.08744868  013.18899446 1
111  56.08736997  013.18932908 1
111  56.08731379  013.18957128 1
112  56.08739665  013.18951601  56.08741592  013.18962654 1
112  56.08755275  013.19012047  56.08763754  013.19035189 1
112  56.08786440  013.19069894  56.08796461  013.19084056
111  56.08786440  013.19069894
112  56.08786440  013.19069894  56.08790872  013.19071967 1
112  56.08816067  013.19096673  56.08824931  013.19108416
111  56.08816067  013.19096673
114  56.08816067  013.19096673  56.08797181  013.19072149 1
110 1 0.25 0.0000 Taxiway W4
111  56.08700391  013.19796987 1 102
111  56.08708203  013.19762718 1 102
112  56.08700692  013.19744362  56.08697223  013.19730201 1 102
112  56.08656458  013.19669101  56.08633333  013.19650450 1 102
112  56.08599444  013.19655639  56.08581668  013.19659685 1 102
112  56.08554378  013.19695976  56.08546845  013.19707594
111  56.08554378  013.19695976
112  56.08554378  013.19695976  56.08552101  013.19704140 1 102
111  56.08546173  013.19731217 1 102
112  56.08557792  013.19709721  56.08564449  013.19699987 1 102
112  56.08600878  013.19670717  56.08618089  013.19667177 1 102
112  56.08653095  013.19682281  56.08672506  013.19699142 1 102
114  56.08694438  013.19750533  56.08698293  013.19766076 1 102
110 2 0.00 0.0000 Taxiway W3
111  56.08738202  013.18898901 1 102
112  56.08745713  013.18866921  56.08748411  013.18856904
111  56.08745713  013.18866921
112  56.08745713  013.18866921  56.08745713  013.18831690 1 102
112  56.08730642  013.18738364  56.08717345  013.18693117 1 102
112  56.08672631  013.18635567  56.08644649  013.18610074 1 102
112  56.08602213  013.18613189  56.08578894  013.18616950 1 102
111  56.08543474  013.18645827 1 102
111  56.08536989  013.18671972 1 102
112  56.08603220  013.18629425  56.08627005  013.18626918 1 102
112  56.08667695  013.18650811  56.08694511  013.18678394 1 102
112  56.08723719  013.18745631  56.08737016  013.18790187 1 102
112  56.08738845  013.18869918  56.08738653  013.18910329
111  56.08738845  013.18869918
114  56.08738845  013.18869918  56.08738845  013.18888224 1 102
110 1 0.25 0.0000 Taxiway W2
112  56.08853060  013.19204189  56.08848546  013.19173342 1
112  56.08816380  013.19096981  56.08790422  013.19063099 1
112  56.08741892  013.19065628  56.08725245  013.19075742 1
112  56.08704930  013.19095970  56.08697594  013.19105072 1
111  56.08701262  013.19080799 1
111  56.08684051  013.19152608 1
112  56.08698441  013.19120749  56.08706341  013.19107601 1
112  56.08743021  013.19077259  56.08761079  013.19067651 1
112  56.08812148  013.19107601  56.08836413  013.19138954 1
112  56.08846571  013.19207224  56.08850803  013.19236049 1
111  56.08838388  013.19240094 1
113  56.08860396  013.19256782 1
110 1 0.25 0.0000 Taxiway W1
112  56.08726190  013.18052507  56.08733800  013.18049780 1 102
112  56.08752762  013.18045674  56.08760117  013.18046128 1 102
112  56.08782048  013.18049888  56.08791940  013.18053979 1 102
112  56.08803898  013.18064231  56.08809224  013.18069231 1 102
112  56.08823259  013.18082568  56.08827571  013.18088932 1 102
112  56.08838563  013.18103144  56.08844143  013.18111327 1 102
112  56.08853236  013.18131948  56.08857041  013.18141495 1 102
112  56.08864607  013.18161892  56.08867397  013.18172802 1 102
112  56.08872420  013.18196615  56.08874449  013.18209344 1 102
112  56.08877058  013.18234301  56.08877565  013.18243393 1 102
112  56.08878390  013.18281094  56.08878137  013.18295641 1 102
112  56.08875023  013.18316503  56.08873248  013.18327868 1 102
112  56.08869240  013.18352442  56.08866703  013.18364262 1 102
111  56.08858633  013.18393496 1 102
111  56.08150255  013.21362007 1 102
112  56.08145194  013.21384015  56.08143517  013.21389650 1 102
111  56.08138829  013.21387943 1 102
111  56.08155979  013.21401261 1 102
111  56.08163983  013.21408091 1 102
112  56.08156075  013.21385207  56.08155027  013.21375816 1 102
111  56.08156310  013.21364673 1 102
111  56.08863956  013.18399500 1 102
112  56.08874183  013.18358059  56.08877481  013.18345785 1 102
112  56.08881234  013.18318439  56.08882502  013.18310256 1 102
112  56.08884537  013.18282956  56.08885298  013.18268864 1 102
112  56.08883330  013.18233550  56.08883077  013.18224912 1 102
112  56.08878947  013.18192905  56.08877172  013.18181540 1 102
112  56.08870753  013.18157042  56.08867710  013.18145678 1 102
112  56.08858875  013.18123571  56.08853549  013.18110387 1 102
112  56.08843693  013.18094197  56.08839889  013.18087833 1 102
112  56.08827242  013.18070291  56.08822423  013.18064381 1 102
112  56.08807182  013.18049453  56.08801602  013.18043998 1 102
112  56.08784380  013.18035678  56.08773981  013.18031132 1 102
112  56.08753127  013.18030329  56.08747040  013.18030329 1 102
112  56.08724543  013.18036135  56.08716934  013.18039317 1 102
111  56.08688334  013.18059816 1 102
113  56.08682806  013.18081792 1 102
110 1 0.00 0.0000 Taxiway E7
111  56.07728371  013.21842194 1
112  56.07714757  013.21915627  56.07711371  013.21946467 1
112  56.07712349  013.21993991  56.07713760  013.22022303 1
112  56.07724841  013.22084013  56.07730484  013.22113336 1
112  56.07745711  013.22155770  56.07756151  013.22180542 1
112  56.07770849  013.22207716  56.07776492  013.22217827 1
112  56.07791375  013.22237813  56.07803508  013.22251969 1
111  56.07839818  013.22288265 1
112  56.07842092  013.22254212  56.07842938  013.22239551
111  56.07842092  013.22254212
112  56.07842092  013.22254212  56.07831652  013.22269885 1
111  56.07828810  013.22263457 1
112  56.07794161  013.22228926  56.07784286  013.22218310 1
112  56.07775057  013.22200106  56.07769978  013.22190500 1
112  56.07751144  013.22149682  56.07740704  013.22124403 1
112  56.07730440  013.22079117  56.07724514  013.22049794 1
112  56.07718426  013.21992881  56.07717298  013.21964064 1
112  56.07721195  013.21919141  56.07724863  013.21889818 1
111  56.07734467  013.21846788 1
111  56.07920232  013.21087040 1
112  56.07926727  013.21086288  56.07930413  013.21094987
111  56.07926727  013.21086288
112  56.07926727  013.21086288  56.07925559  013.21079844 1
112  56.07920947  013.21052483  56.07920408  013.21048939
111  56.07920947  013.21052483
112  56.07920947  013.21052483  56.07919239  013.21069237 1
113  56.07916315  013.21082859 1
110 1 0.00 0.0000 Taxiway E6
111  56.08315346  013.21279596 1
111  56.08226373  013.21212417 1
112  56.08212378  013.21127324  56.08216876  013.21068207
111  56.08212378  013.21127324
112  56.08212378  013.21127324  56.08207379  013.21155987 1
112  56.08181387  013.21260786  56.08175389  013.21284971
111  56.08181387  013.21260786
112  56.08181387  013.21260786  56.08202381  013.21221375 1
111  56.08222374  013.21230332 1
111  56.08310848  013.21295719 1
112  56.08325843  013.21374542  56.08322344  013.21439034
111  56.08325843  013.21374542
112  56.08325843  013.21374542  56.08330842  013.21349462 1
112  56.08354835  013.21250038  56.08362832  013.21218687
111  56.08354835  013.21250038
114  56.08354835  013.21250038  56.08334841  013.21288553 1
110 1 0.25 0.0000 Taxiway E5
111  56.08173871  013.21263892 1
111  56.08191022  013.21191369 1
112  56.08167318  013.21251460  56.08156912  013.21269072 1
112  56.08121645  013.21301535  56.08102181  013.21313276 1
112  56.08070962  013.21318457  56.08057086  013.21318802 1
111  56.08048799  013.21316039 1
111  56.08066722  013.21330198 1
112  56.08072311  013.21329853  56.08076550  013.21329508
111  56.08072311  013.21329853
112  56.08072311  013.21329853  56.08088498  013.21329162 1
112  56.08123380  013.21311204  56.08142266  013.21299117 1
112  56.08167896  013.21263892  56.08174641  013.21250078
111  56.08167896  013.21263892
112  56.08167896  013.21263892  56.08169438  013.21261820 1
114  56.08172136  013.21257330  56.08174256  013.21254568 1
110 1 0.25 0.0000 Taxiway E4
112  56.08101079  013.21469153  56.08099811  013.21462335 1
112  56.08092709  013.21424157  56.08089158  013.21410521 1
112  56.08077744  013.21378251  56.08072672  013.21365979 1
111  56.08056185  013.21338709 1
111  56.08034372  013.21321892 1
112  56.08064555  013.21368706  56.08074193  013.21389159 1
112  56.08084592  013.21420975  56.08089665  013.21442791 1
112  56.08091948  013.21470516  56.08090426  013.21484606 1
111  56.08089665  013.21497787 1
111  56.08103615  013.21482788 1
113  56.08107330  013.21485485 1
110 1 0.25 0.0000 Taxiway E3
111  56.08124921  013.21485515 1 102
111  56.08142168  013.21416430 1 102
111  56.08149524  013.21411430 1 102
111  56.08134052  013.21399613 1 102
111  56.08137095  013.21413703 1 102
111  56.08120102  013.21483243 1 102
111  56.08114014  013.21490515 1 102
113  56.08124921  013.21497787 1 102
110 1 0.25 0.0000 Taxiway E2
112  56.08005438  013.22426439  56.08005906  013.22423327 1 102
112  56.08009037  013.22419157  56.08010239  013.22417003 1 102
111  56.08016943  013.22402587 1 102
112  56.08026146  013.22380118  56.08028030  013.22375765 1 102
112  56.08031247  013.22364944  56.08032647  013.22360030 1 102
112  56.08034894  013.22350644  56.08036608  013.22344398 1 102
111  56.08039100  013.22332444 1 102
111  56.08194854  013.21564636 1 102
112  56.08198838  013.21538278  56.08200233  013.21527278 1 102
112  56.08198967  013.21506305  56.08198688  013.21500805 1 102
112  56.08195907  013.21476900  56.08195349  013.21471901 1 102
112  56.08190438  013.21453577  56.08188206  013.21445578 1 102
112  56.08180514  013.21427763  56.08177445  013.21421263 1 102
112  56.08168970  013.21412491  56.08164785  013.21407992 1 102
111  56.08156059  013.21401197 1 102
111  56.08017052  013.21291897 1 102
112  56.08001766  013.21279061  56.07999255  013.21276561 1 102
112  56.07992811  013.21267114  56.07989742  013.21263114 1 102
112  56.07977243  013.21244268  56.07973895  013.21236768 1 102
112  56.07961069  013.21207779  56.07959395  013.21202780 1 102
112  56.07949753  013.21172047  56.07946112  013.21157910 1 102
112  56.07938349  013.21108412  56.07937791  013.21100412 1 102
112  56.07938349  013.21082771  56.07939186  013.21070272 1 102
111  56.07944506  013.21054100 1 102
111  56.07911680  013.21027994 1 102
112  56.07921482  013.21055353  56.07923997  013.21071899 1 102
112  56.07931713  013.21120768  56.07934791  013.21146524 1 102
112  56.07954087  013.21218118  56.07962583  013.21239867 1 102
112  56.07971113  013.21255642  56.07974740  013.21262642 1 102
112  56.07984312  013.21276701  56.07988776  013.21282200 1 102
112  56.07998425  013.21292973  56.08002889  013.21297473 1 102
111  56.08013187  013.21305718 1 102
111  56.08153259  013.21413904 1 102
112  56.08165246  013.21422835  56.08168873  013.21426334 1 102
112  56.08184141  013.21456863  56.08188421  013.21472585 1 102
112  56.08192331  013.21495838  56.08192610  013.21501337 1 102
112  56.08193658  013.21526645  56.08193100  013.21532145 1 102
111  56.08192000  013.21545505 1 102
111  56.08189283  013.21558971 1 102
111  56.08032065  013.22326544 1 102
112  56.08028194  013.22345512  56.08027478  013.22348591 1 102
112  56.08024600  013.22360067  56.08023598  013.22362889 1 102
112  56.08020423  013.22371953  56.08018705  013.22375801 1 102
111  56.08011681  013.22393863 1 102
111  56.08004552  013.22409111 1 102
112  56.07998612  013.22415270  56.07996742  013.22415988 1 102
111  56.07991795  013.22412200 1 102
113  56.08005965  013.22436476 1 102
110 1 0.25 0.0000 Taxiways E1
111  56.08161896  013.22223270 1
111  56.08129539  013.22198407 1
112  56.08134304  013.22222572  56.08134685  013.22229743 1
111  56.08135335  013.22240562 1
111  56.08110532  013.22341917 1
111  56.08101313  013.22372742 1
112  56.08095716  013.22389887  56.08093619  013.22394668 1
112  56.08084090  013.22412201  56.08081804  013.22414933 1
112  56.08071005  013.22428574  56.08068147  013.22430623 1
112  56.08054716  013.22442455  56.08051332  013.22444321 1
112  56.08041821  013.22448121  56.08039738  013.22448354 1
112  56.08030163  013.22449120  56.08027820  013.22448887 1
112  56.08017106  013.22445777  56.08014242  013.22443678 1
111  56.08005914  013.22436627 1
111  56.07991859  013.22411981 1
112  56.07983182  013.22391870  56.07980645  013.22384598 1
112  56.07976395  013.22368899  56.07975126  013.22362991 1
112  56.07970990  013.22342814  56.07970124  013.22336294 1
112  56.07968118  013.22313015  56.07967772  013.22306496 1
112  56.07968194  013.22282137  56.07968541  013.22275928 1
112  56.07972545  013.22246607  56.07974104  013.22239777 1
111  56.07980196  013.22220377 1
111  56.07969173  013.22225920 1
112  56.07967861  013.22244531  56.07967341  013.22248877 1
112  56.07964443  013.22272306  56.07963577  013.22280067 1
112  56.07963204  013.22303657  56.07963031  013.22310486 1
112  56.07964265  013.22326182  56.07964611  013.22332701 1
112  56.07966390  013.22348007  56.07966563  013.22356388 1
111  56.07966740  013.22371327 1
112  56.07966825  013.22382686  56.07966825  013.22387342 1
111  56.07967791  013.22397619 1
111  56.07965671  013.22399310 1
112  56.07953552  013.22374775  56.07951993  013.22371360 1
112  56.07948274  013.22358244  56.07947061  013.22353278 1
112  56.07943879  013.22336798  56.07943186  013.22330899 1
112  56.07941366  013.22309402  56.07941193  013.22304125 1
112  56.07941632  013.22284027  56.07942151  013.22278750 1
111  56.07944006  013.22264758 1
111  56.07948253  013.22250807 1
111  56.07927869  013.22234319 1
112  56.07922155  013.22253089  56.07920862  013.22256275 1
112  56.07914028  013.22264211  56.07912250  013.22265659 1
112  56.07900296  013.22274033  56.07896983  013.22275771 1
112  56.07886662  013.22280231  56.07884238  013.22280955 1
111  56.07873703  013.22283093 1
111  56.07862269  013.22277529 1
112  56.07854613  013.22264124  56.07854804  013.22257636 1
111  56.07855391  013.22251247 1
111  56.07858780  013.22188917 1
111  56.07845799  013.22187114 1
111  56.07842254  013.22250703 1
111  56.07839376  013.22296015 1
111  56.07848439  013.22301357 1
111  56.07858888  013.22314336 1
111  56.07860273  013.22310955 1
111  56.07866708  013.22316375 1
111  56.07912061  013.22365321 1
111  56.07928971  013.22385375 1
111  56.07929874  013.22388917 1
111  56.07924412  013.22406566 1
111  56.07986647  013.22453034 1
111  56.07981792  013.22476959 1
112  56.07995492  013.22461653  56.07998095  013.22459787 1
111  56.08004982  013.22458574 1
111  56.08013076  013.22460437 1
112  56.08029526  013.22463046  56.08033301  013.22463513 1
112  56.08043385  013.22460418  56.08046378  013.22459718 1
112  56.08058268  013.22453638  56.08061132  013.22451772 1
112  56.08075123  013.22440461  56.08077600  013.22438071 1
112  56.08088829  013.22421123  56.08091497  013.22417367 1
112  56.08102524  013.22395574  56.08105383  013.22387720 1
111  56.08117148  013.22346812 1
111  56.08141470  013.22245927 1
114  56.08149054  013.22232763  56.08152103  013.22229007 1
112  56.07934612  013.22266093  56.07934936  013.22268265 1
112  56.07934273  013.22285418  56.07934019  013.22292236 1
112  56.07934501  013.22309708  56.07934754  013.22317434 1
112  56.07936016  013.22334736  56.07937031  013.22341553 1
112  56.07938557  013.22352978  56.07938557  013.22359796 1
112  56.07936771  013.22365795  56.07934742  013.22368977 1
112  56.07931838  013.22370347  56.07928541  013.22369438 1
111  56.07926025  013.22367283 1
111  56.07877995  013.22316164 1
112  56.07873892  013.22310773  56.07873385  013.22307592 1
112  56.07873148  013.22302967  56.07873263  013.22300715 1
111  56.07873709  013.22296902 1
112  56.07876457  013.22292748  56.07877588  013.22292169 1
112  56.07888498  013.22289879  56.07891542  013.22289010 1
112  56.07904599  013.22282412  56.07906619  013.22281688 1
112  56.07919480  013.22271293  56.07921419  013.22269410 1
112  56.07926109  013.22264361  56.07927644  013.22263203 1
114  56.07931434  013.22262095  56.07932727  013.22263109 1
110 1 0.25 0.0000 Taxiway E0
112  56.08141582  013.23182213  56.08140633  013.23191516
111  56.08141582  013.23182213
112  56.08141582  013.23182213  56.08142922  013.23178111 1
112  56.08148363  013.23159983  56.08149479  013.23156482
111  56.08148363  013.23159983
112  56.08148363  013.23159983  56.08145348  013.23164185 1
111  56.08142077  013.23160769 1
111  56.07891235  013.22888223 1
112  56.07889614  013.22873819  56.07890965  013.22863047
111  56.07889614  013.22873819
112  56.07889614  013.22873819  56.07887655  013.22875514 1
111  56.07875808  013.22888749 1
113  56.08139202  013.23170653 1
130 Airport Boundary 53
111  56.08526252  013.17526033
111  56.07592756  013.22156683
111  56.07700278  013.22761698
111  56.08244463  013.23337667
111  56.08440210  013.23158768
111  56.08547928  013.22914597
111  56.08724009  013.21438903
111  56.09102155  013.18228697
113  56.08942593  013.17584953
120 Linear Feature 50
111  56.08029251  013.22450382
115  56.08028500  013.22464514
120 Linear Feature 49
111  56.07961399  013.21208822
115  56.07954075  013.21217456
120 Linear Feature 48
111  56.08154831  013.21369976
115  56.08149047  013.21364794
120 Linear Feature 47
111  56.08278347  013.21252272
115  56.08273803  013.21268558
120 Linear Feature 46
111  56.08656170  013.19669043
115  56.08652321  013.19681854
120 Linear Feature 45
111  56.08816172  013.19098822
115  56.08812323  013.19107691
120 Linear Feature 44
111  56.08731497  013.18739147
115  56.08723800  013.18744074
120 Linear Feature 43
111  56.08601186  013.18612944
115  56.08602836  013.18629696
120 Linear Feature 42
111  56.08763368  013.17953710
115  56.08758969  013.17962579
120 Linear Feature 41
111  56.08743024  013.18031556
115  56.08745223  013.18046336
120 Linear Feature 39
111  56.08205579  013.21145251
112  56.08217393  013.21217723  56.08230117  013.21227495
111  56.08217393  013.21217723
112  56.08217393  013.21217723  56.08200580  013.21207952
115  56.08186039  013.21229123
120 Linear Feature 38
111  56.08371438  013.21260881
112  56.08316455  013.21291824  56.08281011  013.21267395
111  56.08316455  013.21291824
112  56.08316455  013.21291824  56.08351444  013.21326025
115  56.08341901  013.21385468
120 Linear Feature 37
111  56.08316909  013.21292638
115  56.08216939  013.21216095
120 Linear Feature 36
111  56.08179517  013.21239382
112  56.08152763  013.21278910  56.08144298  013.21289023
112  56.08123648  013.21305641  56.08116466  013.21309778
112  56.08095721  013.21319027  56.08081870  013.21323623
115  56.08047931  013.21324418
120 Linear Feature 34
111  56.08097198  013.21489570
112  56.08095380  013.21456998  56.08091625  013.21432772
112  56.08082202  013.21400813  56.08076569  013.21382642
112  56.08066752  013.21364170  56.08060744  013.21352056
115  56.08049485  013.21334041
120 Linear Feature 33
111  56.08710995  013.19832297
112  56.08704987  013.19776434  56.08698978  013.19742108
111  56.08704987  013.19776434
112  56.08704987  013.19776434  56.08700480  013.19757588
111  56.08696725  013.19744127
112  56.08677947  013.19705763  56.08659170  013.19672111
111  56.08677947  013.19705763
112  56.08677947  013.19705763  56.08664428  013.19678841
112  56.08624620  013.19662015  56.08607721  013.19659996
112  56.08585939  013.19670092  56.08575048  013.19678841
116  56.08547633  013.19715186  56.08539747  013.19730666
120 Linear Feature 32
111  56.08792785  013.19073910
112  56.08765140  013.19027027  56.08759840  013.19014489
112  56.08745738  013.18967760  56.08742135  013.18948003
115  56.08740636  013.18917374
120 Linear Feature 31
111  56.08849796  013.19248535
112  56.08851503  013.19227730  56.08852186  013.19211821
112  56.08842626  013.19165930  56.08837164  013.19141455
112  56.08814290  013.19102906  56.08804048  013.19090056
112  56.08776394  013.19072312  56.08757958  013.19064969
112  56.08731329  013.19079654  56.08717331  013.19090668
116  56.08692067  013.19118815  56.08686263  013.19128605
120 Linear Feature 30
111  56.08742714  013.18879340
112  56.08736232  013.18781057  56.08728721  013.18737002
112  56.08713201  013.18704192  56.08703983  013.18683389
112  56.08675305  013.18647898  56.08662332  013.18635049
112  56.08645442  013.18624983  56.08634175  013.18619476
112  56.08602425  013.18621312  56.08589451  013.18623147
112  56.08540631  013.18658636  56.08529364  013.18669649
115  56.08511953  013.18696572
120 Linear Feature 28
111  56.08152681  013.21405611
112  56.08148606  013.21385103  56.08151286  013.21371798
111  56.08148606  013.21385103
112  56.08148606  013.21385103  56.08144587  013.21397007
115  56.08138614  013.21394807
120 Linear Feature 29
112  56.08820628  013.18071867  56.08817364  013.18067270
112  56.08815732  013.18052224  56.08811068  013.18044283
111  56.08742046  013.17921411
112  56.08732485  013.17887140  56.08730153  013.17873767
112  56.08722458  013.17860393  56.08718261  013.17858303
115  56.08715230  013.17872931
120 Linear Feature 27
111  56.08148595  013.21385163
112  56.08869161  013.18364740  56.08874942  013.18339305
112  56.08881237  013.18286907  56.08882464  013.18264927
112  56.08874770  013.18191706  56.08869163  013.18161561
112  56.08850012  013.18114025  56.08840727  013.18094243
112  56.08814656  013.18065000  56.08803794  013.18052754
112  56.08777910  013.18040988  56.08769325  013.18038476
112  56.08744400  013.18038886  56.08731256  013.18040905
112  56.08686012  013.18069206  56.08662353  013.18084687
115  56.08653540  013.18121316
120 Linear Feature 26
111  56.08141802  013.21405932
115  56.08120036  013.21494016
120 Linear Feature 25
112  56.07874796  013.22849724  56.07867469  013.22882258
112  56.07832483  013.22900161  56.07825953  013.22918711
111  56.07794975  013.23010640
112  56.07783201  013.23025246  56.07778058  013.23021879
111  56.07783201  013.23025246
112  56.07783201  013.23025246  56.07790716  013.23034638
111  56.07787527  013.23051951
115  56.07739611  013.23190626
120 Linear Feature 23
111  56.08145137  013.23170326
112  56.07879488  013.22884104  56.07873489  013.22876939
112  56.07876104  013.22842573  56.07880602  013.22821974
111  56.07876104  013.22842573
112  56.07876104  013.22842573  56.07881102  013.22824661
112  56.07944839  013.22521694  56.07950848  013.22496775
111  56.07986694  013.22453095
111  56.08000383  013.22427069
112  56.08025239  013.22370381  56.08030654  013.22354970
111  56.08041059  013.22302635
111  56.08190495  013.21569564
112  56.08194697  013.21492212  56.08188973  013.21453844
112  56.08181342  013.21439032  56.08175194  013.21423456
111  56.08160433  013.21411563
111  56.08011360  013.21296831
112  56.07956904  013.21212433  56.07937752  013.21157925
111  56.07934273  013.21110414
115  56.07928738  013.21042009
120 Linear Feature 18
111  56.08146184  013.22211412
112  56.08115284  013.22339252  56.08109831  013.22362052
112  56.08093927  013.22404394  56.08085747  013.22419865
112  56.08071145  013.22437263  56.08063420  013.22445405
112  56.08043760  013.22454553  56.08032854  013.22456182
112  56.08009794  013.22451476  56.07995523  013.22446092
112  56.07934360  013.22490970  56.07927225  013.22521253
111  56.07915999  013.22573436
115  56.07859231  013.22846547
21  56.07996085  013.20560735 2 293.3100 3.0 29L PAPI-4L
14  56.07835835  013.22532850  82.02 0 Tower Viewpoint
15  56.08165036  013.23209663 327.10 Ramp E1
1300  56.07849938  013.22559552 333.44 misc jets|turboprops|props|helos Ramp tower
1300  56.07806304  013.22945194 334.80 misc jets|turboprops|props|helos Ramp hangars
1300  56.08276300  013.19235493  60.94 misc props|helos Ramp Club area
1300  56.07753606  013.22280500   0.00 hangar helos Ramp helo hangar
19  56.08538325  013.18428035 1 WS
19  56.08826629  013.19517334 1 WS
19  56.08137934  013.22086180 1 WS
19  56.08025556  013.20861420 1 WS
19  56.08059520  013.22981695 0 Windsock E
50 13275 ATIS
53 12165 GND
54 12970 TWR
54 13070 TWR
55 12955 APP
99
