A
1000 Generated by WorldEditor

1    719 0 0 ESUA [X] Åmsele airbase
100 25.00 1 0 0.00 0 0 0 15  64.57927820  019.30584364    0    0 1 0 0 0 33  64.56049293  019.32470003  215   50 1 0 0 0
100 20.00 1 0 0.25 0 0 0 14  64.60390377  019.30350956    0    0 1 0 0 0 32  64.59491874  019.31537503    0    0 1 0 0 0
100 20.00 1 0 0.25 0 0 0 17  64.57477598  019.34846909    0    0 1 0 0 0 35  64.56335413  019.34851018    0    0 1 0 0 0
100 20.00 1 0 0.25 0 0 0 16  64.57542073  019.30639157    0    0 1 0 0 0 34  64.56489557  019.31535742    0    0 1 0 0 0
110 1 0.25 0.0000 Conn. taxiway SW
111  64.56494311  019.31552145
111  64.56488692  019.31515636
111  64.56361053  019.31636616
111  64.55532456  019.32351830
111  64.55520418  019.32281984
111  64.55498157  019.32302828
111  64.55509316  019.32371804
111  64.55266772  019.32581158
111  64.55255525  019.32513142
111  64.55226905  019.32538064
111  64.55237883  019.32606095
111  64.55164833  019.32669148
111  64.55153904  019.32602399
111  64.55128724  019.32628593
111  64.55139501  019.32691014
111  64.54842131  019.32947693
111  64.54842131  019.32947693
111  64.54832436  019.32886342
111  64.54832436  019.32886342
111  64.54813021  019.32902849
111  64.54813021  019.32902849
111  64.54822429  019.32964699
111  64.54822429  019.32964699
111  64.54542543  019.33206286
111  64.54542543  019.33206286
111  64.54533003  019.33135644
111  64.54533003  019.33135644
111  64.54508839  019.33155527
111  64.54508839  019.33155527
111  64.54517837  019.33227611
111  64.54517837  019.33227611
111  64.54406659  019.33323576
111  64.54408578  019.33345902
111  64.56037410  019.31939815
111  64.56045744  019.32002108
111  64.56081059  019.31972001
111  64.56083585  019.31899737
113  64.56365505  019.31656586
110 1 0.25 0.0000 Conn. taxiways NW
111  64.57543863  019.30658055
111  64.57584723  019.30615512
111  64.58081979  019.30213894
111  64.58081127  019.30194060
111  64.58055559  019.30214874
111  64.58046983  019.30159932
111  64.58010754  019.30186340
111  64.58003184  019.30257510
111  64.57582796  019.30599734
113  64.57536810  019.30625519
110 1 0.25 0.0000 Conn. taxiway SE
111  64.56336062  019.34831448
111  64.56214498  019.34842280
111  64.56187193  019.34846541
111  64.56145181  019.34854279
111  64.56086351  019.34877604
111  64.56038092  019.34912870
111  64.55960110  019.34987341
111  64.55914124  019.35026984
111  64.55883466  019.35048788
111  64.55864199  019.35058980
111  64.55843442  019.35062663
111  64.55792346  019.35060681
111  64.55735817  019.35021045
111  64.55625032  019.34937659
111  64.55552716  019.34888331
111  64.55463178  019.34843006
111  64.55401891  019.34817212
111  64.54907264  019.34597583
111  64.54779482  019.34538127
111  64.54733160  019.34503749
111  64.54696334  019.34464391
111  64.54665133  019.34425253
111  64.54626143  019.34355514
111  64.54572119  019.34215541
111  64.54549856  019.34139968
111  64.54534870  019.34066729
111  64.54418252  019.33329496
111  64.54410574  019.33336939
111  64.54527020  019.34061860
111  64.54498509  019.34093471
111  64.54506889  019.34132818
111  64.54535812  019.34105891
111  64.54543798  019.34145884
111  64.54566308  019.34223895
111  64.54621301  019.34366601
111  64.54661340  019.34437943
111  64.54650260  019.34499505
111  64.54681700  019.34533758
111  64.54693471  019.34484078
111  64.54730485  019.34527259
111  64.54776819  019.34559835
111  64.54893628  019.34621735
111  64.54889512  019.34678222
111  64.54910908  019.34683764
111  64.54915382  019.34630667
111  64.55160285  019.34737518
111  64.55154011  019.34802875
111  64.55173319  019.34811639
111  64.55180943  019.34747687
111  64.55399875  019.34840592
111  64.55395699  019.34902310
111  64.55420999  019.34911255
111  64.55424998  019.34849779
111  64.55461879  019.34863265
111  64.55550652  019.34908607
111  64.55620903  019.34957532
111  64.55732916  019.35037756
111  64.55790935  019.35074124
111  64.55843349  019.35077766
111  64.55864386  019.35073065
111  64.55884818  019.35065316
111  64.55915907  019.35046904
111  64.55931318  019.35096654
111  64.55953950  019.35081299
111  64.55958997  019.35009842
111  64.56041615  019.34927175
111  64.56088321  019.34898878
111  64.56147823  019.34870582
111  64.56186852  019.34860157
111  64.56213293  019.34862006
113  64.56335929  019.34870582
110 1 0.25 0.0000 Conn. taxiway NE
111  64.59496903  019.31551901
111  64.59490654  019.31520533
111  64.59326735  019.31745715
111  64.59232917  019.31873121
111  64.59184154  019.31950628
111  64.59143465  019.32039349
111  64.59109787  019.32132875
111  64.58762005  019.33384152
111  64.58738946  019.33353825
111  64.58726231  019.33400426
111  64.58749911  019.33429226
111  64.58635036  019.33851409
111  64.58611449  019.33805755
111  64.58597579  019.33847137
111  64.58623018  019.33895091
111  64.58550032  019.34168599
111  64.58528882  019.34244984
111  64.58516191  019.34280712
111  64.58493216  019.34241151
111  64.58481029  019.34281027
111  64.58503501  019.34322600
111  64.58468155  019.34415183
111  64.58432262  019.34492247
111  64.58382110  019.34583784
111  64.58356956  019.34628338
111  64.58340768  019.34651293
111  64.58325402  019.34594219
111  64.58306436  019.34619082
111  64.58318951  019.34675888
111  64.58286034  019.34715597
111  64.58256422  019.34745602
111  64.58220496  019.34775219
111  64.58179324  019.34800517
111  64.58129913  019.34827489
111  64.58085784  019.34841424
111  64.57915205  019.34838230
111  64.57915205  019.34776914
111  64.57870303  019.34775110
111  64.57857142  019.34836426
111  64.57541434  019.34838411
111  64.57475981  019.34830215
111  64.57475981  019.34861359
111  64.58030880  019.34862371
111  64.58087633  019.34856493
111  64.58130896  019.34842241
111  64.58181151  019.34813736
111  64.58223103  019.34790321
111  64.58260012  019.34757761
111  64.58288417  019.34728550
111  64.58331888  019.34678798
111  64.58359911  019.34640582
111  64.58386738  019.34599232
111  64.58439196  019.34514121
111  64.58474961  019.34429328
111  64.58501022  019.34361358
111  64.58520693  019.34302436
111  64.58853251  019.33092880
111  64.58878029  019.33123012
111  64.58891110  019.33075719
111  64.58865637  019.33040570
111  64.58988230  019.32611300
111  64.59010712  019.32641857
111  64.59036004  019.32554552
111  64.59022889  019.32480342
111  64.59115369  019.32141200
111  64.59148558  019.32054230
111  64.59190267  019.31965449
111  64.59237549  019.31883392
113  64.59330768  019.31763126
110 1 0.25 0.0000 Conn. taxiway N
111  64.60780554  019.29585701
111  64.60774101  019.29588129
111  64.60783969  019.29686750
111  64.60785044  019.29714445
111  64.60784309  019.29739094
111  64.60762341  019.29739094
111  64.60737986  019.29815533
111  64.60742669  019.29867948
111  64.60439162  019.30280720
111  64.60383894  019.30337503
111  64.60391388  019.30368079
111  64.60442638  019.30287748
111  64.60745010  019.29883550
111  64.60777448  019.29827889
111  64.60789686  019.29762466
111  64.60791178  019.29713746
113  64.60789984  019.29683123
110 1 0.25 0.0000 Conn. taxiways E
111  64.57883904  019.30968880
111  64.57850032  019.30948552
111  64.57825738  019.30942639
111  64.57791003  019.30936426
111  64.57760810  019.30943638
111  64.57732066  019.30968812
111  64.56591285  019.32228350
111  64.56272838  019.32285446
111  64.56274588  019.32267753
111  64.56233692  019.32309726
111  64.56573565  019.32247915
111  64.56027577  019.32850741
111  64.55927057  019.32965452
111  64.55896898  019.33026172
111  64.55857742  019.33134099
111  64.55827321  019.33270285
111  64.55803808  019.33251463
111  64.55796568  019.33290546
111  64.55820533  019.33311450
111  64.55740753  019.33795271
111  64.55694657  019.33753966
111  64.55684371  019.33809919
111  64.55731782  019.33851871
111  64.55659156  019.34298753
111  64.55634185  019.34283391
111  64.55627005  019.34332920
111  64.55650653  019.34348888
111  64.55628988  019.34484381
111  64.55602932  019.34654109
111  64.55575406  019.34913690
111  64.55584679  019.34918487
111  64.55612268  019.34658581
111  64.55636669  019.34491579
111  64.55835073  019.33287594
111  64.55869077  019.33136497
111  64.55905142  019.33035765
111  64.55928748  019.32984390
111  64.55944103  019.32963539
111  64.56030478  019.32866733
111  64.57735549  019.30981043
111  64.57763307  019.30960185
111  64.57790830  019.30953774
111  64.57826585  019.30957404
111  64.57849567  019.30964357
111  64.57879927  019.30981738
111  64.57893742  019.30996339
113  64.57895533  019.30985215
110 1 0.25 0.0000 Taxisystem NW
111  64.57630534  019.30859414
111  64.57638527  019.30896270
111  64.57661405  019.30878159
111  64.57743386  019.30863910
111  64.57787130  019.30878466
111  64.57814596  019.30890006
111  64.57844400  019.30915760
111  64.57871800  019.30958311
111  64.57958058  019.31110412
111  64.57976101  019.31130167
111  64.57994815  019.31139346
111  64.58020425  019.31137816
111  64.58041109  019.31121754
111  64.58055227  019.31104928
111  64.58073285  019.31075864
111  64.58091040  019.31042209
111  64.58135890  019.30940100
111  64.58150976  019.30896406
111  64.58160383  019.30857222
111  64.58171237  019.30806652
111  64.58176663  019.30756082
111  64.58175924  019.30702639
111  64.58169263  019.30648621
111  64.58159418  019.30612514
111  64.58145037  019.30579644
111  64.58125229  019.30546774
111  64.58112205  019.30529075
111  64.58077106  019.30509286
111  64.58052481  019.30508521
111  64.58020634  019.30513875
111  64.57978927  019.30533566
111  64.57942973  019.30566809
111  64.57942248  019.30563547
111  64.58081284  019.30209264
111  64.58074760  019.30212113
111  64.57941120  019.30544416
111  64.57937172  019.30548883
111  64.57920958  019.30455290
111  64.57933595  019.30441862
111  64.57929649  019.30418520
111  64.57917033  019.30432630
111  64.57903808  019.30356292
111  64.57898632  019.30361287
111  64.57908444  019.30417473
111  64.57897685  019.30437502
111  64.57887594  019.30445826
111  64.57883372  019.30414106
111  64.57792981  019.30485777
111  64.57806628  019.30591306
111  64.57855095  019.30552373
111  64.57848833  019.30509627
111  64.57890794  019.30479116
111  64.57888834  019.30460578
111  64.57899847  019.30451174
111  64.57913463  019.30446209
111  64.57932346  019.30554342
113  64.57922613  019.30565353
111  64.58168372  019.30787409
111  64.58092902  019.30685511
111  64.58109727  019.30675433
113  64.58162385  019.30742848
111  64.58172040  019.30719577
111  64.58162814  019.30724002
111  64.58113701  019.30657630
111  64.58082768  019.30670904
111  64.58041908  019.30613805
111  64.58022680  019.30592529
111  64.57989992  019.30573492
111  64.57959708  019.30562295
111  64.57980859  019.30544378
111  64.58021238  019.30524222
111  64.58053926  019.30519743
111  64.58077961  019.30519743
111  64.58110648  019.30539899
111  64.58122185  019.30555576
111  64.58141413  019.30586930
111  64.58155353  019.30619404
111  64.58164967  019.30655237
113  64.58172659  019.30704507
111  64.58165954  019.30806450
111  64.58157287  019.30851040
111  64.58147174  019.30889741
111  64.58137062  019.30890582
111  64.58086861  019.30822435
111  64.58086861  019.30808133
111  64.58089389  019.30718953
111  64.58090473  019.30696237
113  64.58165593  019.30799720
111  64.58086372  019.30839307
111  64.58131443  019.30903972
111  64.58131443  019.30931089
111  64.58068762  019.30854604
113  64.58066673  019.30844870
111  64.58053838  019.30833745
111  64.57990860  019.30746135
111  64.57969369  019.30719713
111  64.57943402  019.30579954
111  64.57949670  019.30573696
111  64.57988770  019.30582735
111  64.57997725  019.30586907
111  64.58008470  019.30610548
111  64.58026677  019.30674517
111  64.58037721  019.30692595
111  64.58050555  019.30694681
111  64.58083985  019.30685642
111  64.58086969  019.30716931
111  64.58084283  019.30807323
113  64.58082791  019.30821229
111  64.58016827  019.30599423
111  64.58033243  019.30614024
111  64.58077418  019.30676603
111  64.58048764  019.30679384
111  64.58029363  019.30655048
113  64.58015932  019.30606376
111  64.58123682  019.30938042
111  64.58125175  019.30947082
111  64.58086074  019.31032606
111  64.58069061  019.31067372
111  64.58051152  019.31096574
111  64.58041112  019.31104791
111  64.57986301  019.30805803
111  64.57999868  019.30834248
111  64.58017234  019.30856372
111  64.58033515  019.30862061
113  64.58056308  019.30849419
111  64.57987658  019.30756498
111  64.58048167  019.30839305
111  64.58024832  019.30843730
111  64.58002853  019.30815917
111  64.57993899  019.30798850
113  64.57985216  019.30759659
111  64.58035303  019.31110807
111  64.58016949  019.31126078
111  64.57995099  019.31125060
111  64.57909884  019.31012062
111  64.57914254  019.30966252
111  64.57899833  019.30873615
111  64.57921683  019.30852237
111  64.57914691  019.30783013
111  64.57896774  019.30775887
111  64.57878856  019.30682231
111  64.57895463  019.30679177
111  64.57927801  019.30692411
111  64.57938289  019.30702591
111  64.57965383  019.30730077
113  64.58035303  019.31099610
111  64.57929752  019.30602342
111  64.57940352  019.30598197
111  64.57961887  019.30710735
111  64.57925616  019.30678159
111  64.57902892  019.30670015
111  64.57880168  019.30662889
113  64.57877108  019.30657799
111  64.57861929  019.30674833
111  64.57881157  019.30789861
111  64.57875039  019.30825489
111  64.57898637  019.30965966
111  64.57896452  019.30983271
111  64.57875913  019.30947643
111  64.57845760  019.30902853
111  64.57815170  019.30877405
111  64.57788631  019.30863880
111  64.57743322  019.30853173
113  64.57680612  019.30855468
110 1 0.25 0.0000 Taxisystem SW
111  64.56196358  019.32297522
111  64.56167567  019.32309437
111  64.56134296  019.32309437
111  64.56129818  019.32304969
111  64.56118301  019.32252841
111  64.56089510  019.32211139
111  64.56068396  019.32214117
111  64.56052400  019.32217096
111  64.56027448  019.32188798
111  64.55999936  019.32159011
111  64.55967305  019.32139649
111  64.55936594  019.32139649
111  64.55909722  019.32167947
111  64.55891807  019.32197735
111  64.55919319  019.32056245
111  64.55929556  019.32036883
111  64.55908442  019.32050287
111  64.55909722  019.32072628
111  64.55879878  019.32207034
111  64.55876706  019.32229188
111  64.55873004  019.32189803
111  64.55859785  019.32198418
111  64.55868245  019.32277189
111  64.55862429  019.32331344
111  64.55862958  019.32374422
111  64.55865073  019.32400269
111  64.55851853  019.32359654
111  64.55830222  019.32310422
111  64.55805706  019.32271260
111  64.55785036  019.32250001
111  64.55754271  019.32228742
111  64.55723506  019.32211958
111  64.55713411  019.32223147
111  64.55729275  019.32228742
111  64.55762443  019.32245525
111  64.55785036  019.32263428
111  64.55807148  019.32285806
111  64.55826376  019.32319373
111  64.55868678  019.32434621
111  64.55877811  019.32473783
111  64.55929727  019.32710992
111  64.55938428  019.32762205
111  64.55946497  019.32816210
111  64.55948417  019.32865354
111  64.55942658  019.32932370
111  64.55936260  019.32966622
111  64.55944578  019.32957687
111  64.55953535  019.32901096
111  64.55954175  019.32847484
111  64.55951616  019.32810253
111  64.55971450  019.32843016
111  64.55990004  019.32865354
111  64.56016877  019.32875779
111  64.56029673  019.32860887
111  64.55997682  019.32850462
111  64.55968891  019.32826634
111  64.55949696  019.32786425
111  64.55937540  019.32722388
111  64.55938819  019.32673244
111  64.55949056  019.32622610
111  64.55968891  019.32573465
111  64.56005360  019.32527299
111  64.56013677  019.32530278
111  64.56007919  019.32493047
111  64.55999601  019.32512407
111  64.55982966  019.32530278
111  64.55950336  019.32528788
111  64.55921544  019.32510918
111  64.55898511  019.32482622
111  64.55882516  019.32446881
111  64.55872279  019.32375398
111  64.55872919  019.32330721
111  64.55875478  019.32312850
111  64.55889554  019.32357527
111  64.55907468  019.32373908
111  64.55931781  019.32382844
111  64.55966331  019.32426031
111  64.55993203  019.32452838
111  64.56015003  019.32467884
111  64.56013209  019.32481271
111  64.56064592  019.32428930
111  64.56043109  019.32429010
111  64.56019436  019.32415607
111  64.55993203  019.32390290
111  64.55938179  019.32317318
111  64.55932324  019.32294168
111  64.55904909  019.32259238
111  64.55892113  019.32259238
111  64.55881236  019.32242856
111  64.55885075  019.32227964
111  64.55903630  019.32192222
111  64.55927942  019.32165416
111  64.55945217  019.32157970
111  64.55971450  019.32160948
111  64.55982966  019.32165416
111  64.55986166  019.32214561
111  64.56012398  019.32247324
111  64.56045668  019.32232431
111  64.56075739  019.32274130
111  64.56102493  019.32298740
111  64.56131335  019.32322238
111  64.56155370  019.32326713
113  64.56161138  019.32334546
111  64.55976559  019.32545723
111  64.55963754  019.32564065
111  64.55947338  019.32597693
111  64.55937817  019.32629028
111  64.55930265  019.32671826
111  64.55929280  019.32690933
111  64.55888568  019.32489168
111  64.55897761  019.32500632
111  64.55919759  019.32522031
113  64.55948980  019.32544959
111  64.55934936  019.32331378
111  64.55989255  019.32400751
111  64.56017616  019.32428724
111  64.56040209  019.32443270
111  64.56041651  019.32448864
111  64.56033480  019.32457816
111  64.56021462  019.32456697
111  64.55979160  019.32424248
111  64.55952241  019.32391799
111  64.55926764  019.32357113
111  64.55871483  019.32288859
111  64.55878213  019.32257529
111  64.55902220  019.32287737
111  64.55905669  019.32312411
111  64.55918608  019.32326559
111  64.55924888  019.32322263
113  64.55930119  019.32324121
111  64.56034885  019.32223149
111  64.56014783  019.32229253
111  64.55992496  019.32203823
111  64.55991185  019.32173307
111  64.55997740  019.32179421
113  64.56024358  019.32202539
111  64.55925437  019.32368066
111  64.55907559  019.32359744
111  64.55894052  019.32344948
113  64.55886107  019.32318131
99
