I
1100 Generated by WorldEditor 1.6.0r1

1     14 0 0 X10 BELLE GLADE STATE MUNI
1302 city 
1302 country 
1302 datum_lat 26.698305556
1302 datum_lon -80.660805556
1302 faa_code 
1302 iata_code 
1302 icao_code 
1302 region_code K7
1302 state 
1302 transition_alt 18000
1302 transition_level 18000
100 15.24 1 0 0.25 0 0 0 09  26.69830310 -080.66658369   69    0 2 0 0 0 27  26.69830310 -080.65519469   23    0 2 0 0 0
110 5 0.00 0.0000 New Taxiway 9
111  26.69705504 -080.66369204
111  26.69699923 -080.66369035
112  26.69693527 -080.66371194  26.69691891 -080.66372110
111  26.69688340 -080.66379062
111  26.69688068 -080.66351714
112  26.69692231 -080.66360931  26.69693352 -080.66362085
112  26.69697599 -080.66364138  26.69699660 -080.66364647
113  26.69705624 -080.66363565
110 5 0.00 0.0000 New Taxiway 8
111  26.69743029 -080.66461813
111  26.69736003 -080.66474214
111  26.69727627 -080.66489639
112  26.69724384 -080.66498108  26.69723703 -080.66500980
112  26.69725195 -080.66515953  26.69724726 -080.66521204
111  26.69723033 -080.66530773
112  26.69721435 -080.66541965  26.69721345 -080.66545611
111  26.69721863 -080.66550634
111  26.69706010 -080.66550433
112  26.69707078 -080.66541176  26.69706575 -080.66538995
111  26.69704118 -080.66537729
112  26.69693555 -080.66541443  26.69689721 -080.66544960
111  26.69687905 -080.66550130
111  26.69688716 -080.66522607
112  26.69693215 -080.66530928  26.69695540 -080.66532897
112  26.69703037 -080.66534402  26.69708065 -080.66533840
111  26.69710333 -080.66531075
112  26.69716278 -080.66522002  26.69718540 -080.66517528
112  26.69718169 -080.66507484  26.69717907 -080.66505960
111  26.69714386 -080.66492966
112  26.69711308 -080.66480743  26.69711091 -080.66477948
113  26.69708441 -080.66461511
110 1 0.00 0.0000 New Taxiway 7
111  26.69824381 -080.66438444
112  26.69821098 -080.66433368  26.69819378 -080.66432153
111  26.69816250 -080.66432493
111  26.69770745 -080.66434944
112  26.69767127 -080.66436731  26.69765920 -080.66437997
111  26.69763083 -080.66442820
111  26.69762614 -080.66424267
112  26.69767462 -080.66428292  26.69770276 -080.66429168
111  26.69771016 -080.66429342
111  26.69816563 -080.66426367
112  26.69819847 -080.66424967  26.69821747 -080.66423346
113  26.69823970 -080.66418803
110 5 0.00 0.0000 New Taxiway 5
112  26.69746652 -080.66391967  26.69745901 -080.66389447
111  26.69744505 -080.66377727
111  26.69705017 -080.66378466
111  26.69705150 -080.66363452
112  26.69712799 -080.66359485  26.69715988 -080.66355987
112  26.69716287 -080.66352880  26.69716601 -080.66350699
111  26.69716564 -080.66344063
111  26.69716691 -080.66337961
111  26.69717036 -080.66326051
111  26.69753499 -080.66324737
111  26.69754045 -080.66361480
111  26.69754045 -080.66380643
113  26.69754045 -080.66406775
110 1 0.00 0.0000 New Taxiway 3
111  26.69824742 -080.66618094
112  26.69819788 -080.66607840  26.69816791 -080.66605360
111  26.69810687 -080.66605346
111  26.69767796 -080.66605240
111  26.69767772 -080.66584068
112  26.69772596 -080.66589467  26.69774681 -080.66590634
111  26.69779932 -080.66590621
111  26.69811232 -080.66591125
112  26.69818888 -080.66588299  26.69822927 -080.66585382
113  26.69824292 -080.66577011
130 Airport Boundary 1
111  26.69702025 -080.65361049
111  26.69862750 -080.65358881
111  26.69869119 -080.66575105
111  26.69868433 -080.66760843
111  26.69697600 -080.66745454
111  26.69691016 -080.66549513
113  26.69689079 -080.65362826
1300  26.69762633 -080.66561112 179.08 tie_down props New Ramp Start 3
1301 B general_aviation 
1300  26.69739978 -080.66608777  88.21 tie_down props New Ramp Start 2
1301 B general_aviation 
1300  26.69754840 -080.66609029  93.27 tie_down props New Ramp Start 1
1301 B general_aviation 
1300  26.69759071 -080.66370664 179.18 tie_down props New Ramp Start 7
1301 B general_aviation 
1300  26.69722690 -080.66452092  87.61 tie_down props New Ramp Start 6
1301 B general_aviation 
1300  26.69746334 -080.66451042  90.00 tie_down props New Ramp Start 5
1301 B general_aviation 
1300  26.69749524 -080.66468685   0.00 tie_down props New Ramp Start 4
1301 B general_aviation 
19  26.69859053 -080.66595108 1 WS
19  26.69807936 -080.65519997 1 WS
51 12290 CTAF
99
