I
1100 Generated by WorldEditor 1.6.0b2

1     67 0 0 X39 TAMPA NORTH AERO PARK
100 14.94 1 0 0.00 0 3 0 14  28.22507200 -082.37803700   39    0 2 0 0 0 32  28.21750500 -082.37107500   33    0 2 0 0 0
110 1 0.00 0.0000 New Taxiway 1
111  28.22502908 -082.37809696 20
112  28.22479100 -082.37814800  28.22467947 -082.37804631 20
113  28.22479347 -082.37788210 20
110 4 0.00 0.0000 New Taxiway 33
111  28.21780441 -082.37063181
111  28.21780441 -082.37057703
111  28.21779679 -082.37052370
111  28.21778282 -082.37047901
111  28.21774090 -082.37046315
111  28.21768247 -082.37044153
111  28.21758975 -082.37044441
111  28.21748178 -082.37045306
111  28.21741954 -082.37045595
111  28.21736873 -082.37042567
111  28.21733444 -082.37038964
111  28.21731666 -082.37034207
111  28.21730649 -082.37028873
111  28.21730014 -082.37020801
111  28.21729760 -082.37014170
111  28.21730776 -082.37007971
111  28.21730522 -082.37004944
111  28.21728109 -082.37002782
111  28.21717312 -082.37002926
111  28.21709691 -082.37003070
112  28.21703568 -082.37004891  28.21700333 -082.37006726
111  28.21694041 -082.37011219
111  28.21686700 -082.37016909
111  28.21670061 -082.37029738
111  28.21656851 -082.37040405
111  28.21646689 -082.37049342
111  28.21645588 -082.37051165
112  28.21644698 -082.37054817  28.21644613 -082.37056604
112  28.21645378 -082.37058423  28.21645633 -082.37059147
111  28.21647451 -082.37061451
111  28.21649865 -082.37064046
111  28.21653929 -082.37067793
111  28.21659010 -082.37072550
111  28.21664599 -082.37077307
111  28.21684693 -082.37096194
111  28.21689241 -082.37100371
111  28.21684667 -082.37109653
112  28.21684516 -082.37104756  28.21684057 -082.37102787
111  28.21682636 -082.37101813
111  28.21676031 -082.37095758
111  28.21658502 -082.37079614
111  28.21634876 -082.37057847
112  28.21632270 -082.37055028  28.21632057 -082.37054304
112  28.21632463 -082.37052946  28.21632711 -082.37052423
111  28.21637420 -082.37048994
111  28.21654261 -082.37035848
111  28.21680178 -082.37016120
111  28.21699399 -082.37001489
112  28.21707117 -082.36997277  28.21710131 -082.36996609
111  28.21717474 -082.36996393
111  28.21737386 -082.36995317
111  28.21796807 -082.36995675
111  28.21825885 -082.36994240
111  28.21845797 -082.36992088
111  28.21865077 -082.36990653
111  28.21865228 -082.36994051
111  28.21864994 -082.36999187
111  28.21849689 -082.37000282
112  28.21832522 -082.37002849  28.21829596 -082.37004094
111  28.21830310 -082.37022218
112  28.21823390 -082.37041001  28.21818451 -082.37047229
111  28.21812926 -082.37046609
113  28.21799019 -082.37048403
110 2 0.00 51.0000 New Taxiway 8
111  28.22016522 -082.37342926
111  28.22028272 -082.37331754
111  28.22055581 -082.37293913
111  28.22059603 -082.37286345
111  28.22066272 -082.37294394
111  28.22059815 -082.37297878
111  28.22031976 -082.37336079
113  28.22025414 -082.37350734
110 2 0.00 51.0000 New Taxiway 7
111  28.22048826 -082.37372556
111  28.22051179 -082.37372390
111  28.22075509 -082.37337435
111  28.22076097 -082.37329427
111  28.22081610 -082.37322336
111  28.22088741 -082.37329010
111  28.22055515 -082.37376144
113  28.22055515 -082.37378396
110 1 0.00 0.0000 New Taxiway 5
111  28.21880841 -082.37236208
111  28.21874439 -082.37234963
111  28.21872610 -082.37235793
111  28.21864013 -082.37248248
111  28.21844259 -082.37274195
111  28.21832736 -082.37290386
111  28.21812616 -082.37318617
111  28.21807129 -082.37326089
111  28.21803470 -082.37332109
111  28.21802739 -082.37335015
111  28.21801641 -082.37338544
111  28.21799264 -082.37342073
111  28.21796337 -082.37342488
111  28.21793776 -082.37341450
111  28.21791581 -082.37338752
111  28.21790484 -082.37334600
111  28.21788106 -082.37331486
111  28.21775668 -082.37321523
111  28.21779692 -082.37314880
111  28.21776217 -082.37311144
111  28.21773839 -082.37311351
111  28.21771096 -082.37310521
111  28.21769084 -082.37308445
111  28.21766889 -082.37304294
111  28.21766340 -082.37302841
111  28.21765060 -082.37301180
111  28.21763048 -082.37300142
111  28.21758292 -082.37305747
111  28.21748598 -082.37297236
111  28.21749512 -082.37294330
111  28.21745854 -082.37291216
111  28.21742013 -082.37291632
111  28.21739635 -082.37290594
111  28.21738172 -082.37289556
111  28.21737258 -082.37287272
111  28.21736709 -082.37284366
111  28.21736160 -082.37282291
111  28.21732136 -082.37278347
111  28.21724637 -082.37270666
111  28.21727563 -082.37265062
111  28.21723905 -082.37263194
111  28.21720979 -082.37261533
111  28.21717869 -082.37261533
111  28.21715308 -082.37260910
111  28.21714028 -082.37258627
111  28.21713479 -082.37256344
111  28.21712931 -082.37254060
111  28.21709272 -082.37249494
111  28.21703968 -082.37253438
111  28.21694823 -082.37244304
111  28.21691164 -082.37241191
111  28.21687689 -082.37241398
111  28.21685860 -082.37240153
111  28.21683848 -082.37238700
111  28.21683299 -082.37235794
111  28.21682385 -082.37232472
111  28.21679092 -082.37229359
111  28.21668484 -082.37220848
111  28.21671227 -082.37214829
112  28.21667935 -082.37211507  28.21667752 -082.37211507
111  28.21664277 -082.37211092
111  28.21661716 -082.37211092
111  28.21659887 -082.37208809
111  28.21659338 -082.37206110
111  28.21659155 -082.37202997
111  28.21654766 -082.37199053
111  28.21645986 -082.37199053
111  28.21639218 -082.37193241
111  28.21637206 -082.37191165
111  28.21634097 -082.37191373
111  28.21631719 -082.37191580
111  28.21629158 -082.37189297
111  28.21628427 -082.37186183
111  28.21628427 -082.37182655
111  28.21631353 -082.37179749
111  28.21635926 -082.37177258
111  28.21653668 -082.37154009
111  28.21673239 -082.37126817
111  28.21681470 -082.37115400
111  28.21684580 -082.37109381
111  28.21688787 -082.37100512
111  28.21726336 -082.37134085
111  28.21732025 -082.37132794
111  28.21741128 -082.37122464
111  28.21747955 -082.37112133
113  28.21829060 -082.37188371
111  28.21865631 -082.37224474
111  28.21861790 -082.37220531
111  28.21848072 -082.37207453
111  28.21774029 -082.37138255
111  28.21770565 -082.37136306
111  28.21768654 -082.37136676
111  28.21763913 -082.37139665
111  28.21759172 -082.37145045
111  28.21753904 -082.37152817
111  28.21753904 -082.37157002
111  28.21755485 -082.37161485
111  28.21763386 -082.37168061
111  28.21783404 -082.37186295
111  28.21829497 -082.37229637
111  28.21847407 -082.37245479
111  28.21851095 -082.37246376
111  28.21854255 -082.37243386
111  28.21861104 -082.37235017
113  28.21865581 -082.37227544
110 1 0.00 0.0000 New Taxiway 3
111  28.21842629 -082.37184304
111  28.21830557 -082.37172057
111  28.21754833 -082.37101895
111  28.21760686 -082.37098574
111  28.21767087 -082.37094215
111  28.21772026 -082.37089025
111  28.21777147 -082.37076363
111  28.21782635 -082.37064946
111  28.21785927 -082.37060172
111  28.21794341 -082.37060587
111  28.21805919 -082.37065608
111  28.21810134 -082.37055147
111  28.21823566 -082.37061424
111  28.21850432 -082.36996261
111  28.21866762 -082.37003136
111  28.21830941 -082.37091315
111  28.21853066 -082.37106559
111  28.21858597 -082.37107157
111  28.21863338 -082.37103869
111  28.21867552 -082.37088924
111  28.21867552 -082.37076369
111  28.21868079 -082.37067701
111  28.21871240 -082.37056641
111  28.21878351 -082.37038706
111  28.21887307 -082.37015092
111  28.21894418 -082.36998951
111  28.21900213 -082.37001043
111  28.21893891 -082.37013897
111  28.21882566 -082.37041994
111  28.21871810 -082.37072885
111  28.21871938 -082.37081823
111  28.21871938 -082.37088598
111  28.21871302 -082.37094652
111  28.21869943 -082.37101466
111  28.21867748 -082.37107278
111  28.21868114 -082.37110185
111  28.21869943 -082.37113921
111  28.21872503 -082.37115582
111  28.21875430 -082.37116827
111  28.21877076 -082.37116619
111  28.21879637 -082.37120563
111  28.21878174 -082.37121601
111  28.21875247 -082.37126376
111  28.21872503 -082.37133641
111  28.21867931 -082.37138415
111  28.21861895 -082.37142152
111  28.21856218 -082.37146706
111  28.21849162 -082.37152795
111  28.21843796 -082.37157801
111  28.21841958 -082.37161221
111  28.21839165 -082.37167728
111  28.21837915 -082.37172816
111  28.21838724 -082.37176237
113  28.21843281 -082.37183244
111  28.21822011 -082.37162198
111  28.21830394 -082.37161506
111  28.21833900 -082.37154759
111  28.21834967 -082.37148013
111  28.21832833 -082.37143170
111  28.21792288 -082.37108055
111  28.21783752 -082.37100616
111  28.21780552 -082.37101308
111  28.21777351 -082.37103557
111  28.21775369 -082.37108401
111  28.21775979 -082.37114974
113  28.21780399 -082.37122585
130 Airport Boundary 1
111  28.21663320 -082.37022849
111  28.21703176 -082.36990570
111  28.21911749 -082.36990570
111  28.21925906 -082.37005565
111  28.21891930 -082.37094461
111  28.21979701 -082.37183357
111  28.21955163 -082.37235838
111  28.21981588 -082.37265826
111  28.22172230 -082.37448975
111  28.22591263 -082.37836708
111  28.22548794 -082.37891334
111  28.22210924 -082.37578577
111  28.21870223 -082.37261548
111  28.21797122 -082.37351615
111  28.21617140 -082.37186717
111  28.21681451 -082.37102026
113  28.21627895 -082.37051710
20  28.21823906 -082.37161576 230.0000 0 3 {@R}14-32
1300  28.22054521 -082.37297117 321.23 tie_down props New Ramp Start 17
1301 A general_aviation 
1300  28.22079471 -082.37326543 324.65 tie_down props New Ramp Start 16
1301 A general_aviation 
1300  28.21820914 -082.37126900  55.60 tie_down props New Ramp Start 6
1301 A general_aviation 
1300  28.21868476 -082.37044511 -22.16 tie_down props New Ramp Start 6
1301 A general_aviation 
1300  28.21862837 -082.37059560 -22.16 tie_down props New Ramp Start 6
1301 A general_aviation 
1300  28.21878120 -082.37133606 144.66 tie_down props New Ramp Start 6
1301 A general_aviation 
18  28.21826114 -082.37101276 1 BCN
19  28.21862700 -082.37262800 1 WS
19  28.21809176 -082.37101579 0 WS
51 12305 CTAF/UNICOM
99
