I
1100 Generated by WorldEditor 1.6.0r1

1     75 0 0 X60 WILLISTON MUNI
1302 city 
1302 country 
1302 datum_lat 29.355697222
1302 datum_lon -82.471919444
1302 faa_code 
1302 iata_code 
1302 icao_code 
1302 region_code K7
1302 state 
1302 transition_alt 18000
1302 transition_level 18000
100 30.48 2 0 0.50 0 3 0 05  29.35256416 -082.47652809    0    0 2 0 0 1 23  29.36557984 -082.46177997    0    0 2 0 0 1
100 18.29 1 0 0.25 0 2 0 14  29.35571538 -082.48065965   85    0 1 0 0 2 32  29.34548627 -082.47029916   92    0 1 0 0 1
110 2 0.50 45.0000 New Taxiway 6
111  29.35266129 -082.47663198 101
111  29.35270966 -082.47668525 102
111  29.35240976 -082.47703155 102
111  29.35235365 -082.47714476
111  29.35200924 -082.47679402 102
111  29.35203826 -082.47677404 102
111  29.35211759 -082.47668747 102
111  29.35241943 -082.47636338
113  29.35246940 -082.47641701
110 1 0.25 0.0000 New Taxiway 1
111  29.36567059 -082.46189830 102
111  29.36605602 -082.46234854 102
111  29.36654120 -082.46290834 102
112  29.36653894 -082.46291608  29.36653444 -082.46292073 102
111  29.36603965 -082.46349611 102
112  29.36601040 -082.46351109  29.36599105 -082.46351367 102
111  29.36568875 -082.46356598 102
112  29.36565797 -082.46358457  29.36564393 -082.46360068 102
111  29.36466891 -082.46468489 102
111  29.36023359 -082.46970909 102
112  29.36015813 -082.46980899  29.36013685 -082.46984007 102
111  29.35994723 -082.47012423 102
112  29.35990273 -082.47026631  29.35988918 -082.47036843 102
111  29.35986016 -082.47059709
111  29.35985106 -082.47087738 102
111  29.35985270 -082.47127878 102
111  29.35986126 -082.47211030
111  29.35986260 -082.47224020
112  29.35995289 -082.47231509  29.36006092 -082.47231879
111  29.36029795 -082.47233825
111  29.36029921 -082.47241222
111  29.35986908 -082.47240438
111  29.35973170 -082.47263747
111  29.35961553 -082.47266319
111  29.35960550 -082.47308133
111  29.35926112 -082.47308900 102
111  29.35926151 -082.47340632 102
111  29.35836739 -082.47341671 102
111  29.35815939 -082.47317621 102
111  29.35815777 -082.47254722 102
112  29.35808896 -082.47249468  29.35802286 -082.47249468 102
111  29.35793344 -082.47250271 102
112  29.35773049 -082.47259460  29.35765740 -082.47267489 102
111  29.35722532 -082.47312061 102
111  29.35632842 -082.47414767 102
112  29.35629080 -082.47424787  29.35629214 -082.47431570 102
111  29.35629483 -082.47451303
111  29.35624646 -082.47481519 102
111  29.35628274 -082.47630560 102
111  29.35634320 -082.47637035 102
111  29.35651162 -082.47636504
111  29.35653948 -082.47627180
111  29.35679024 -082.47626381
111  29.35679256 -082.47659680
111  29.35654645 -082.47661012
111  29.35652323 -082.47654619 102
111  29.35635373 -082.47655951 102
111  29.35629801 -082.47661278 102
111  29.35631225 -082.47747369 102
112  29.35645199 -082.47762477  29.35658099 -082.47762477 102
111  29.35813796 -082.47762683 102
111  29.35819768 -082.47756152 102
111  29.35819586 -082.47751941
111  29.35832687 -082.47752583 102
111  29.35832910 -082.47755923 102
111  29.35838173 -082.47762732 102
111  29.35917805 -082.47763186 102
111  29.35922507 -082.47753037
111  29.35935048 -082.47752908 102
111  29.35943894 -082.47763572 102
111  29.35971755 -082.47763186 102
112  29.35982840 -082.47745586  29.35982616 -082.47729912 102
111  29.35975244 -082.47452320 102
112  29.35970891 -082.47447695  29.35967505 -082.47447695 102
111  29.35960088 -082.47447880
111  29.35960088 -082.47454725
111  29.35934128 -082.47456205
111  29.35933322 -082.47432710
111  29.35963474 -082.47432895 102
111  29.35963796 -082.47437335 102
111  29.35968311 -082.47436410 102
111  29.35976051 -082.47428270 102
111  29.35973532 -082.47347328
111  29.35979186 -082.47347114
111  29.35979003 -082.47328603
111  29.35993239 -082.47329192 102
111  29.35993448 -082.47365898
111  29.35994330 -082.47380572 102
112  29.35987611 -082.47382885  29.35985932 -082.47385582 102
111  29.35984700 -082.47391235 102
111  29.35984812 -082.47407166 102
111  29.35992202 -082.47415645
111  29.35992538 -082.47428492 102
112  29.35985820 -082.47437357  29.35985820 -082.47445451 102
111  29.35986156 -082.47452774 102
112  29.35991642 -082.47460867  29.35996681 -082.47461381 102
111  29.35997017 -082.47461381
111  29.35997465 -082.47468704 102
112  29.35986268 -082.47478211  29.35986044 -082.47488618 102
111  29.35986491 -082.47504291 102
112  29.35992426 -082.47510586  29.35997129 -082.47510329 102
111  29.35997465 -082.47510073
111  29.35997129 -082.47519836 102
112  29.35987947 -082.47528444  29.35988171 -082.47538465 102
111  29.35988913 -082.47545225 102
112  29.35998587 -082.47553217  29.36006907 -082.47552107 102
111  29.36007833 -082.47552078
111  29.36008300 -082.47562873 102
111  29.35995547 -082.47563587 102
112  29.35989949 -082.47569921  29.35989793 -082.47576702 102
111  29.35991883 -082.47696419 102
111  29.35993044 -082.47737711 102
112  29.36001013 -082.47752371  29.36007238 -082.47758696 102
111  29.36014095 -082.47761236 102
111  29.36020446 -082.47761091 102
112  29.36031083 -082.47749338  29.36031177 -082.47749124
111  29.36059196 -082.47750480
111  29.36059519 -082.47781745
111  29.36029690 -082.47782115
111  29.36025981 -082.47776578 102
111  29.36014694 -082.47776565 102
112  29.36006310 -082.47779340  29.36003569 -082.47782115 102
111  29.36000989 -082.47786370 102
111  29.36000183 -082.47794510
111  29.35986316 -082.47794325 102
111  29.35984220 -082.47786000 102
111  29.35976857 -082.47777939 102
112  29.35969887 -082.47775193  29.35965856 -082.47774823 102
111  29.35901449 -082.47773942
111  29.35876756 -082.47773332 102
111  29.35826821 -082.47774181
111  29.35801865 -082.47774223 102
111  29.35755559 -082.47774310 102
111  29.35748841 -082.47779074
111  29.35733523 -082.47779074 102
111  29.35728356 -082.47773566 102
111  29.35646539 -082.47773066 102
112  29.35632162 -082.47788637  29.35632430 -082.47802665 102
111  29.35634789 -082.47893687
111  29.35635021 -082.47914998 102
111  29.35636879 -082.47966145 102
111  29.35640826 -082.47965879 102
112  29.35635950 -082.47989055  29.35631306 -082.47999444 102
111  29.35621554 -082.48010899 102
111  29.35617497 -082.48009086 102
111  29.35585698 -082.48048522 102
111  29.35576669 -082.48058882
111  29.35566189 -082.48048522 102
111  29.35575379 -082.48038162 102
111  29.35578926 -082.48041492 102
111  29.35610615 -082.48000195 102
111  29.35619461 -082.47989660 102
112  29.35627299 -082.47962297  29.35626739 -082.47947651 102
111  29.35623674 -082.47819740 102
111  29.35618063 -082.47813524
111  29.35617676 -082.47799539 102
111  29.35623481 -082.47792435 102
111  29.35620578 -082.47688987 102
111  29.35615354 -082.47681883
111  29.35615741 -082.47664790 102
111  29.35619804 -082.47659906 102
111  29.35617293 -082.47546686 102
111  29.35610844 -082.47538516
111  29.35610709 -082.47525258 102
111  29.35615950 -082.47519400 102
111  29.35615681 -082.47487951 102
111  29.35611784 -082.47467910 102
112  29.35601841 -082.47457581  29.35595660 -082.47458506 102
111  29.35589883 -082.47463285 102
111  29.35375804 -082.47705323 102
112  29.35331953 -082.47707306  29.35309896 -082.47686794 102
111  29.35302697 -082.47681167 102
111  29.35281198 -082.47663439 102
112  29.35274092 -082.47660047  29.35272333 -082.47659802 102
111  29.35268487 -082.47660797
111  29.35296909 -082.47627968 102
112  29.35295645 -082.47634616  29.35295683 -082.47637284 102
111  29.35299245 -082.47645243 102
111  29.35324314 -082.47674959 102
111  29.35334480 -082.47683394 102
111  29.35344064 -082.47690884 102
112  29.35363574 -082.47689404  29.35372442 -082.47680710 102
111  29.35400285 -082.47654656 102
111  29.35505083 -082.47536180 102
111  29.35574624 -082.47457784 102
111  29.35601557 -082.47418626 102
112  29.35606518 -082.47401199  29.35606652 -082.47390100 102
111  29.35605711 -082.47364663 102
111  29.35606786 -082.47356493 102
111  29.35606921 -082.47337223 102
111  29.35602487 -082.47315023 102
111  29.35594962 -082.47305311 102
112  29.35585153 -082.47304232  29.35579779 -082.47305928 102
111  29.35578570 -082.47306853
111  29.35678619 -082.47194825 102
112  29.35676286 -082.47209813  29.35678339 -082.47215915 102
111  29.35684217 -082.47218806 102
111  29.35696310 -082.47223762 102
111  29.35727107 -082.47226167 102
111  29.35753228 -082.47224872 102
112  29.35789668 -082.47207852  29.35803534 -082.47191943 102
111  29.35850683 -082.47142739 102
111  29.35903078 -082.47083235 102
111  29.35932333 -082.47049349 102
111  29.35959958 -082.47012704 102
112  29.35966117 -082.46993561  29.35967572 -082.46979686 102
111  29.35968488 -082.46973855 102
111  29.35969697 -082.46952426 102
112  29.35968757 -082.46930534  29.35968085 -082.46923597 102
111  29.35965666 -082.46904018 102
112  29.35959351 -082.46892455  29.35953439 -082.46889988 102
111  29.35946586 -082.46891684
111  29.35993614 -082.46837418 102
112  29.35989852 -082.46849443  29.35987971 -082.46857768 102
111  29.35987837 -082.46867634 102
111  29.35986762 -082.46891838 102
111  29.35989852 -082.46935005 102
111  29.35991465 -082.46941634 102
112  29.35996033 -082.46949959  29.35997108 -082.46951039 102
112  29.36019010 -082.46946722  29.36031640 -082.46932538 102
111  29.36045666 -082.46920497 102
111  29.36127935 -082.46831067 102
111  29.36259566 -082.46682580 102
111  29.36279504 -082.46647984 102
112  29.36284476 -082.46628404  29.36281520 -082.46625012 102
111  29.36271980 -082.46611445 102
111  29.36253717 -082.46588856 102
112  29.36243656 -082.46579976  29.36236884 -082.46575980 102
112  29.36234949 -082.46575758  29.36231272 -082.46574870 102
111  29.36225855 -082.46575092
111  29.36255132 -082.46541997 102
112  29.36254548 -082.46550929  29.36255268 -082.46554440 102
111  29.36258732 -082.46560533 102
111  29.36286770 -082.46594114 102
111  29.36301551 -082.46608760 102
112  29.36321946 -082.46604187  29.36331298 -082.46592901 102
111  29.36347583 -082.46580506 102
111  29.36472761 -082.46441176 102
111  29.36574750 -082.46325265 102
111  29.36595182 -082.46297825 102
111  29.36604237 -082.46282106 102
112  29.36604005 -082.46262658  29.36597504 -082.46253866 102
111  29.36592901 -082.46248345 102
111  29.36576680 -082.46228849 102
111  29.36563769 -082.46217299 102
112  29.36556117 -082.46215050  29.36551265 -082.46214729 102
113  29.36542401 -082.46215800
112  29.35923666 -082.47263060  29.35929443 -082.47263060
111  29.35929525 -082.47257958
111  29.35929632 -082.47251834
112  29.35926300 -082.47244431  29.35923210 -082.47242736
111  29.35919151 -082.47245668
111  29.35912030 -082.47253993
112  29.35910955 -082.47259234  29.35911117 -082.47262744
113  29.35915792 -082.47263088
112  29.35895910 -082.47257651  29.35896173 -082.47252810
111  29.35892933 -082.47250435
112  29.35887128 -082.47247475  29.35884462 -082.47246185
111  29.35879228 -082.47245256
112  29.35840369 -082.47245256  29.35836414 -082.47245231
111  29.35832286 -082.47248477
112  29.35826825 -082.47255060  29.35822453 -082.47260834
111  29.35829405 -082.47261165
113  29.35892772 -082.47262275
111  29.35936420 -082.47124763
111  29.35961573 -082.47090354
112  29.35959477 -082.47071854  29.35952993 -082.47063762
111  29.35943192 -082.47071299
111  29.35915137 -082.47096459
111  29.35862089 -082.47156028
111  29.35837097 -082.47187478
112  29.35834526 -082.47215649  29.35844361 -082.47227119
111  29.35866120 -082.47203017
113  29.35887081 -082.47181558
111  29.35629850 -082.47343693
112  29.35656319 -082.47357119  29.35675752 -082.47340195
111  29.35684460 -082.47331226
112  29.35699506 -082.47314923  29.35704521 -082.47307890
111  29.35723746 -082.47278800
112  29.35725975 -082.47259620  29.35721624 -082.47252070
111  29.35709536 -082.47250349
111  29.35668814 -082.47248917
112  29.35639045 -082.47262177  29.35625393 -082.47277841
113  29.35627955 -082.47297123
110 2 0.00 0.0000 New Taxiway 7
111  29.36571372 -082.46194812
111  29.36514092 -082.46259517
111  29.36486341 -082.46226910
111  29.36534962 -082.46170357
112  29.36555387 -082.46147685  29.36567376 -082.46135457 102
111  29.36553833 -082.46111766 102
111  29.36537404 -082.46092405 102
111  29.36473464 -082.46020568 102
112  29.36440162 -082.45985159  29.36422845 -082.45972677 102
112  29.36396203 -082.45965799  29.36387323 -082.45963761 102
111  29.36362235 -082.45962742
111  29.36362235 -082.45941344 102
112  29.36411781 -082.45948434  29.36422327 -082.45950769 102
112  29.36442678 -082.45960959  29.36447488 -082.45963506 102
111  29.36457294 -082.45972847 102
111  29.36482859 -082.45998916 102
111  29.36550573 -082.46076975 102
112  29.36581794 -082.46115452  29.36600295 -082.46140071 102
111  29.36577554 -082.46169850
113  29.36562750 -082.46185313
130 Airport Boundary 8
111  29.36696742 -082.46277380
111  29.36634882 -082.46364125
111  29.36581271 -082.46384628
111  29.36457553 -082.46526574
111  29.36176329 -082.46861713
111  29.36230424 -082.46988582
111  29.36124620 -082.47111799
111  29.36087231 -082.47111799
111  29.36082458 -082.47199421
111  29.36093595 -082.47224977
111  29.36057002 -082.47261486
111  29.36056206 -082.47359147
111  29.36090413 -082.47575461
111  29.36094391 -082.47678599
111  29.36107119 -082.47753442
111  29.36080955 -082.47862434
111  29.36026264 -082.47882083
111  29.35973782 -082.47857363
111  29.35974334 -082.47786374
111  29.35911356 -082.47784473
111  29.35904174 -082.47848490
111  29.35883734 -082.47843419
111  29.35876000 -082.47781938
111  29.35835672 -082.47780671
111  29.35827938 -082.47807291
111  29.35832357 -082.47859899
111  29.35793686 -082.47852927
111  29.35797554 -082.47800319
111  29.35816336 -082.47778769
111  29.35763302 -082.47783840
111  29.35758883 -082.47840884
111  29.35725184 -082.47840250
111  29.35718002 -082.47785109
111  29.35688170 -082.47788912
111  29.35647290 -082.47799687
111  29.35648395 -082.47852927
111  29.35659443 -082.47881449
111  29.35694799 -082.47888421
111  29.35692112 -082.47957153
111  29.35745952 -082.48095147
111  29.35776882 -082.48146403
111  29.35753971 -082.48294911
111  29.35672637 -082.48273884
111  29.35625670 -082.48204227
111  29.35273989 -082.47862533
111  29.35213276 -082.47824422
111  29.35111322 -082.47900645
111  29.35039153 -082.47808652
111  29.35105595 -082.47686434
111  29.35094139 -082.47669346
111  29.34736730 -082.47305330
111  29.34555735 -082.47141060
111  29.34341519 -082.46916349
111  29.34315171 -082.46800708
111  29.34405669 -082.46763913
111  29.34534606 -082.46807864
111  29.34598247 -082.46832504
111  29.34599043 -082.46918288
111  29.34648365 -082.46965743
111  29.34642796 -082.47018672
111  29.34866336 -082.47242260
111  29.35031803 -082.47248649
111  29.35118514 -082.47295193
111  29.35199656 -082.47268727
111  29.35359555 -082.47258689
111  29.35593436 -082.47143695
111  29.35634007 -082.47043300
111  29.35670601 -082.46976674
111  29.35927635 -082.46738720
111  29.35991594 -082.46697105
111  29.36011641 -082.46630295
111  29.36167244 -082.46453958
111  29.36241704 -082.46430958
111  29.36436649 -082.46202795
111  29.36422838 -082.46159059
111  29.36486369 -082.46060809
111  29.36495718 -082.46059043
111  29.36428415 -082.45986370
111  29.36355174 -082.45970473
111  29.35987978 -082.45973789
111  29.35991414 -082.46328646
111  29.35957048 -082.46349674
111  29.35953612 -082.45971160
111  29.35765743 -082.45977732
111  29.35765743 -082.45935675
111  29.36304555 -082.45936293
111  29.36299915 -082.45914234
111  29.36315825 -082.45886852
111  29.36368197 -082.45909671
111  29.36450400 -082.45961394
111  29.36539895 -082.46058754
111  29.36639997 -082.45987253
111  29.36702313 -082.45999423
111  29.36720875 -082.46073206
111  29.36710268 -082.46112759
113  29.36647952 -082.46208601
120 Linear Feature 23
111  29.35688412 -082.47235870 51 101
112  29.35662095 -082.47216637  29.35658025 -082.47197320 51 101
111  29.35666857 -082.47188854 51
115  29.35681254 -082.47172396
120 Linear Feature 21
111  29.35645062 -082.47234859 51 101
112  29.35619174 -082.47243460  29.35610395 -082.47253656 51
115  29.35595490 -082.47270164
120 Linear Feature 20
111  29.35615940 -082.47270606 51 101
112  29.35623542 -082.47238422  29.35632857 -082.47227735 51
115  29.35652878 -082.47205009
120 Linear Feature 19
111  29.35642742 -082.47767712 51 101
112  29.35631588 -082.47773226  29.35627390 -082.47778057 51 101
115  29.35627887 -082.47787472
120 Linear Feature 18
111  29.35820850 -082.47252889 51
112  29.35816314 -082.47239998  29.35812141 -082.47236741 51
115  29.35807106 -082.47236739
120 Linear Feature 17
111  29.35820855 -082.47301021 51
111  29.35820850 -082.47252889 51
112  29.35825171 -082.47240256  29.35829768 -082.47236970 51
115  29.35834508 -082.47236777
120 Linear Feature 16
111  29.35902726 -082.47258027 51
112  29.35906099 -082.47240536  29.35909991 -082.47237302 51
115  29.35914112 -082.47237289
120 Linear Feature 15
111  29.35902761 -082.47300801 51
111  29.35902726 -082.47258027 51
112  29.35898042 -082.47242911  29.35892650 -082.47236708 51
115  29.35886980 -082.47237011
120 Linear Feature 14
111  29.35889714 -082.47318812 51
111  29.35833951 -082.47318763 51
112  29.35820855 -082.47301021  29.35820923 -082.47284301 51
111  29.35833544 -082.47282379 51
111  29.35889702 -082.47282747 51
114  29.35902761 -082.47300801  29.35902749 -082.47316601 51
120 Linear Feature 13
111  29.35626608 -082.47750793 51 101
112  29.35631043 -082.47763120  29.35634607 -082.47766874 51 101
111  29.35642742 -082.47767712 51 101
111  29.35974811 -082.47768756 51 101
112  29.35988887 -082.47740039  29.35987592 -082.47713930 51 101
111  29.35984187 -082.47569832 51 101
111  29.35984002 -082.47546906 51 101
111  29.35983077 -082.47525679 51 101
111  29.35982892 -082.47504027 51 101
111  29.35981782 -082.47477068 51 101
111  29.35981227 -082.47454779 51 101
111  29.35981597 -082.47431429 51 101
111  29.35981412 -082.47415296 51 101
111  29.35980857 -082.47384092 51 101
112  29.35992028 -082.47374076  29.36003129 -082.47374076 51 101
115  29.36007292 -082.47376021
120 Linear Feature 12
111  29.35615738 -082.47270658 51 101
111  29.35618541 -082.47383927 51 101
111  29.35618616 -082.47386932 51 101
111  29.35619052 -082.47405585 51 101
111  29.35619575 -082.47430948 51 101
111  29.35619894 -082.47451855 51 101
111  29.35626608 -082.47750793 51 101
111  29.35627887 -082.47787472 51 101
111  29.35632150 -082.47962441 51 101
112  29.35628953 -082.47984754  29.35625756 -082.47993618 51 101
111  29.35610037 -082.48010736 51 101
111  29.35577449 -082.48050841 51 101
112  29.35560644 -082.48053140  29.35550777 -082.48043588 51 101
115  29.35521792 -082.48013871
120 Linear Feature 11
111  29.35977966 -082.47009731 51 101
111  29.35978219 -082.47026326 51 101
111  29.35979053 -082.47081118 51 101
111  29.35979693 -082.47202531 51 101
112  29.35952518 -082.47238111  29.35923426 -082.47237744
111  29.35952518 -082.47238111
112  29.35952518 -082.47238111  29.35940463 -082.47237959 51 101
111  29.35914112 -082.47237289 51 101
111  29.35886980 -082.47237011 51 101
111  29.35834508 -082.47236777 51 101
111  29.35807106 -082.47236739 51 101
111  29.35789966 -082.47236681 51 101
111  29.35778921 -082.47236643 51 101
111  29.35762328 -082.47236501 51 101
111  29.35721128 -082.47236149 51 101
111  29.35688412 -082.47235870 51 101
115  29.35644967 -082.47234808
120 Linear Feature 10
111  29.36599300 -082.46241480 51 101
111  29.36615581 -082.46260161 51 101
112  29.36610560 -082.46292382  29.36595091 -082.46311505 51 101
111  29.36554342 -082.46359087 51 101
111  29.36320638 -082.46620959 51 101
111  29.36291553 -082.46653906 51 101
111  29.36136671 -082.46831709 51 101
111  29.36011252 -082.46971454 51 101
111  29.35989406 -082.46996575 51 101
111  29.35977966 -082.47009731 51 101
111  29.35967043 -082.47022661 51 101
111  29.35938689 -082.47057282 51 101
111  29.35817247 -082.47193617 51 101
111  29.35788911 -082.47225428 51 101
111  29.35778921 -082.47236643 51 101
111  29.35770247 -082.47246186 51 101
111  29.35736645 -082.47282751 51 101
111  29.35684688 -082.47343224 51 101
111  29.35639644 -082.47393872 51 101
111  29.35631020 -082.47403804 51 101
111  29.35609214 -082.47428916 51 101
111  29.35598325 -082.47441455 51 101
111  29.35387788 -082.47680392 51 101
111  29.35375198 -082.47694263 51 101
112  29.35333571 -082.47696174  29.35310999 -082.47676009 51 101
111  29.35294163 -082.47657542 51 101
116  29.35285077 -082.47641033  29.35284649 -082.47634031
120 Linear Feature 9
111  29.36599115 -082.46241480 51 101
111  29.36570808 -082.46209212 51 101
116  29.36556747 -082.46201358  29.36551382 -082.46200721
120 Linear Feature 18
111  29.35978644 -082.46940439 51 101
112  29.35994357 -082.46972183  29.36004407 -082.46980545 51 101
115  29.36011252 -082.46971454
120 Linear Feature 17
111  29.35978219 -082.47026326 51 101
112  29.35980949 -082.47009748  29.35983089 -082.47005539 51 101
115  29.35989406 -082.46996575
120 Linear Feature 16
111  29.35967043 -082.47022661 51 101
112  29.35975001 -082.47006855  29.35977888 -082.46995501 51 101
115  29.35978349 -082.46970619
120 Linear Feature 15
111  29.35979053 -082.47081118 51 101
112  29.35964951 -082.47054232  29.35951430 -082.47048489 51 101
115  29.35938689 -082.47057282
120 Linear Feature 14
111  29.35834508 -082.47236777 51 101
112  29.35812359 -082.47215638  29.35810767 -082.47197001 51 101
115  29.35817247 -082.47193617
120 Linear Feature 13
111  29.35762328 -082.47236501 51 101
112  29.35777163 -082.47234122  29.35782813 -082.47232065 51 101
115  29.35788911 -082.47225428
120 Linear Feature 12
111  29.35770247 -082.47246186 51 101
112  29.35779570 -082.47239727  29.35786187 -082.47236758 51 101
115  29.35789966 -082.47236681
120 Linear Feature 11
111  29.35721128 -082.47236149 51 101
112  29.35740548 -082.47253351  29.35746273 -082.47271448 51 101
115  29.35736645 -082.47282751
120 Linear Feature 10
111  29.35639644 -082.47393872 51 101
112  29.35627963 -082.47396808  29.35624142 -082.47393642 51 101
115  29.35618623 -082.47386823
120 Linear Feature 9
111  29.35619575 -082.47430948 51 101
112  29.35621511 -082.47417498  29.35623570 -082.47412123 51 101
115  29.35631020 -082.47403804
120 Linear Feature 8
111  29.35619894 -082.47451855 51 101
112  29.35611363 -082.47439384  29.35603419 -082.47436207 51 101
115  29.35598325 -082.47441455
120 Linear Feature 7
111  29.35619052 -082.47405585 51 101
112  29.35617269 -082.47416338  29.35615454 -082.47422262 51 101
115  29.35609214 -082.47428916
120 Linear Feature 6
111  29.35615976 -082.47314392 51 101
112  29.35597126 -082.47291013  29.35583117 -082.47293351 51 101
111  29.35572419 -082.47298027 51 101
115  29.35566815 -082.47304164
120 Linear Feature 5
111  29.35976810 -082.46900108 51 101
112  29.35959409 -082.46877681  29.35943584 -082.46875445 51 101
111  29.35937073 -082.46885028 51
115  29.35927904 -082.46895549
120 Linear Feature 4
111  29.35977966 -082.47009731 51 101
111  29.35978349 -082.46970619 51 101
111  29.35978644 -082.46940439 51 101
111  29.35976810 -082.46900108 51 101
111  29.35976725 -082.46852551 51 101
116  29.35981153 -082.46833735  29.35986520 -082.46828230
120 Linear Feature 3
111  29.36253170 -082.46572192 51 101
112  29.36250705 -082.46526262  29.36269848 -082.46504486 51
115  29.36276091 -082.46497437
120 Linear Feature 2
111  29.36320638 -082.46620959 51 101
112  29.36305890 -082.46625310  29.36296745 -082.46622687 51 101
115  29.36292439 -082.46617249
120 Linear Feature 1
111  29.36291553 -082.46653906 51 101
112  29.36292439 -082.46617249  29.36275670 -082.46598739 51 101
111  29.36253170 -082.46572192 51 101
112  29.36216448 -082.46566103  29.36199254 -082.46585587 51
115  29.36195873 -082.46589167
1300  29.36041337 -082.47420616 198.43 tie_down turboprops|props Private hanger 1
1301 A general_aviation 
1300  29.36037975 -082.47472520 146.31 tie_down turboprops|props Private hanger 2
1301 A general_aviation 
1300  29.36014260 -082.47769143 180.00 tie_down turboprops|props North  hanger
1301 A general_aviation 
1300  29.35649322 -082.47643300 190.78 tie_down turboprops|props Large Hanger
1301 A general_aviation 
1300  29.36029180 -082.47068938 201.80 tie_down turboprops|props Owners Hanger
1301 A general_aviation 
1300  29.35959812 -082.47123662  38.66 tie_down turboprops|props Temp Parking
1301 A general_aviation 
1300  29.35913255 -082.47216250 272.60 tie_down turboprops|props Temp Parking 2
1301 A general_aviation 
1300  29.35867323 -082.47266810 271.79 tie_down turboprops|props Tie down
1301 A general_aviation 
1300  29.35880295 -082.47294209  94.24 tie_down turboprops|props Tie down
1301 A general_aviation 
1300  29.35909629 -082.47332432  90.00 tie_down turboprops|props Tie down
1301 A general_aviation 
1300  29.35885696 -082.47331328  90.00 tie_down turboprops|props Tie down
1301 A general_aviation 
19  29.35670275 -082.47055881 1 WS
50 11842 AWOS 3
54 12280 CTAF/UNICOM
55 11860 JACKSONVILLE APP/DEP
1200 
1201  29.36030575 -082.47465453 both 0 _stop
1201  29.36033759 -082.47422101 both 1 _stop
1201  29.35983240 -082.47337591 both 2 _stop
1201  29.35981329 -082.47420153 both 3 _stop
1201  29.35981966 -082.47465696 both 4 _stop
1201  29.35982817 -082.47499141 both 5 _stop
1201  29.35989083 -082.47729552 both 6 _stop
1201  29.35988573 -082.47757024 both 7 _stop
1201  29.36008951 -082.47769007 both 8 _stop
1201  29.35975837 -082.47769007 both 9 _stop
1201  29.35647257 -082.47768071 both 10 _stop
1201  29.35636611 -082.47766779 both 11 _stop
1201  29.35641683 -082.47646529 both 12 _start
1201  29.36295112 -082.46619248 both 13 _stop
1201  29.36620494 -082.46268932 both 14 _stop
1201  29.36611324 -082.46292898 both 15 _stop
1201  29.36321278 -082.46620600 both 16 _stop
1201  29.36291201 -082.46654269 both 17 _stop
1201  29.36011782 -082.46971420 both 18 _stop
1201  29.35978880 -082.47009900 both 19 _stop
1201  29.35979305 -082.47073466 both 20 _stop
1201  29.36018574 -082.47074197 both 21 _start
1201  29.35812651 -082.47223465 both 22 _stop
1201  29.35814241 -082.47198647 both 23 _stop
1201  29.35836860 -082.47170942 both 24 _stop
1201  29.35939164 -082.47057070 both 25 _stop
1201  29.35967183 -082.47057801 both 26 _stop
1201  29.35979495 -082.47079720 both 27 _stop
1201  29.35979070 -082.47119661 both 28 _start
1201  29.35914497 -082.47237087 both 29 _start
1201  29.35896105 -082.47280775 both 30 _stop
1201  29.35838793 -082.47282479 both 31 _stop
1201  29.35866813 -082.47282723 both 32 _stop
1201  29.35879973 -082.47282967 both 33 _start
1201  29.35834324 -082.47236433 both 34 _stop
1201  29.35885309 -082.47237274 both 35 _stop
1201  29.35898147 -082.47241062 both 36 _stop
1201  29.35903328 -082.47257673 both 37 _stop
1201  29.35903964 -082.47295666 both 38 _stop
1201  29.35902266 -082.47315636 both 39 _stop
1201  29.35891441 -082.47318559 both 40 _stop
1201  29.35875521 -082.47320507 both 41 _stop
1201  29.35836888 -082.47320263 both 42 _stop
1201  29.35823940 -082.47311496 both 43 _stop
1201  29.35821817 -082.47281784 both 44 _stop
1201  29.35821817 -082.47253289 both 45 _stop
1201  29.35815661 -082.47237946 both 46 _stop
1201  29.35778648 -082.47236892 both 47 _stop
1201  29.35744572 -082.47251788 both 48 _stop
1201  29.35745580 -082.47273256 both 49 _stop
1201  29.35641158 -082.47392646 both 50 _stop
1201  29.35618516 -082.47417203 both 51 _stop
1201  29.35354439 -082.47705744 both 52 _stop
1201  29.35374246 -082.47696655 both 53 _stop
1201  29.35442910 -082.47617877 both 54 _stop
1201  29.35594764 -082.47445927 both 55 _stop
1201  29.35610536 -082.47440877 both 56 _stop
1201  29.35620073 -082.47451819 both 57 _stop
1201  29.35624841 -082.47647084 both 58 _stop
1201  29.35627042 -082.47751450 both 59 _stop
1201  29.35628142 -082.47781328 both 60 _stop
1201  29.35630343 -082.47887798 both 61 _stop
1201  29.35631810 -082.47974910 both 62 _stop
1201  29.36572143 -082.46210325 both 63 _stop
1201  29.36606106 -082.46249538 both 64 _start
1201  29.36243983 -082.46540985 both 65 _stop
1201  29.36231247 -082.46563197 both 66 _stop
1201  29.36251880 -082.46570211 both 67 _stop
1201  29.36286521 -082.46610836 both 68 _start
1201  29.35959514 -082.46876840 both 69 _stop
1201  29.35976835 -082.46899636 both 70 _stop
1201  29.35981420 -082.46960425 both 71 _start
1201  29.35663328 -082.47220293 both 72 _stop
1201  29.35645305 -082.47235073 both 73 _stop
1201  29.35689626 -082.47236475 both 74 _stop
1201  29.35733031 -082.47238930 both 75 _start
1201  29.35615656 -082.47263128 both 76 _stop
1201  29.35601901 -082.47289430 both 77 _stop
1201  29.35617184 -082.47317135 both 78 _stop
1201  29.35618407 -082.47383415 both 79 _start
1201  29.35569791 -082.48056009 both 80 _stop
1201  29.35584296 -082.48042411 both 81 _stop
1201  29.35619850 -082.47999183 both 82 _start
1201  29.35229675 -082.47683303 both 83 _stop
1201  29.35249133 -082.47663212 both 84 _stop
1201  29.35333509 -082.47696292 both 85 _stop
1201  29.35294416 -082.47657733 both 86 _stop
1201  29.34611389 -082.47093529 both 87 _stop
1201  29.35558677 -082.48053404 both 88 _start
1201  29.35227375 -082.47718006 both 89 unnamed entity(split)
1201  29.35201904 -082.47691827 both 90 unnamed entity(split)
1201  29.36544582 -082.46193608 both 91 _stop
1201  29.35272433 -082.47635689 both 92 _start
1201  29.35571946 -082.47296795 both 93 unnamed entity(split)
1201  29.35621769 -082.47240684 both 94 unnamed entity(split)
1201  29.35665539 -082.47190527 both 95 unnamed entity(split)
1201  29.35935571 -082.46883562 both 96 unnamed entity(split)
1201  29.35978873 -082.46834755 both 97 unnamed entity(split)
1201  29.36213162 -082.46569627 both 98 unnamed entity(split)
1201  29.36250096 -082.46526080 both 99 unnamed entity(split)
1202 4 0 twoway taxiway_B 
1202 3 1 twoway taxiway_B 
1202 3 2 twoway taxiway_B 
1202 4 3 twoway taxiway_B 
1202 5 4 twoway taxiway_B 
1202 6 5 twoway taxiway_B 
1202 7 6 twoway taxiway_B 
1202 9 7 twoway taxiway_B 
1202 9 8 twoway taxiway_B 
1202 10 9 twoway taxiway_B 
1202 11 60 twoway taxiway_B 
1202 11 10 twoway taxiway_B 
1202 59 11 twoway taxiway_B 
1202 12 58 twoway taxiway_B 
1202 17 13 twoway taxiway_B 
1202 13 68 twoway taxiway_B 
1202 16 13 twoway taxiway_B 
1202 14 64 twoway taxiway_B 
1202 15 14 twoway taxiway_B 
1202 16 15 twoway taxiway_B 
1202 17 16 twoway taxiway_B 
1202 18 17 twoway taxiway_B 
1202 18 71 twoway taxiway_B 
1202 19 18 twoway taxiway_B 
1202 25 19 twoway taxiway_B 
1202 19 71 twoway taxiway_B 
1202 20 19 twoway taxiway_B 
1202 27 20 twoway taxiway_B 
1202 21 20 twoway taxiway_B 
1202 49 47 twoway taxiway_B 
1202 45 34 twoway taxiway_B 
1202 46 34 twoway taxiway_B 
1202 22 34 twoway taxiway_B 
1202 23 22 twoway taxiway_B 
1202 23 47 twoway taxiway_B 
1202 24 23 twoway taxiway_B 
1202 25 24 twoway taxiway_B 
1202 26 25 twoway taxiway_B 
1202 27 26 twoway taxiway_B 
1202 28 27 twoway taxiway_B 
1202 29 35 twoway taxiway_B 
1202 30 37 twoway taxiway_B 
1202 33 30 twoway taxiway_B 
1202 31 44 twoway taxiway_B 
1202 32 31 twoway taxiway_B 
1202 33 32 twoway taxiway_B 
1202 35 34 twoway taxiway_B 
1202 36 35 twoway taxiway_B 
1202 37 36 twoway taxiway_B 
1202 38 37 twoway taxiway_B 
1202 39 38 twoway taxiway_B 
1202 40 39 twoway taxiway_B 
1202 41 40 twoway taxiway_B 
1202 42 41 twoway taxiway_B 
1202 43 42 twoway taxiway_B 
1202 44 43 twoway taxiway_B 
1202 45 44 twoway taxiway_B 
1202 46 45 twoway taxiway_B 
1202 47 46 twoway taxiway_B 
1202 75 47 twoway taxiway_B 
1202 79 50 twoway taxiway_B 
1202 48 75 twoway taxiway_B 
1202 49 48 twoway taxiway_B 
1202 50 49 twoway taxiway_B 
1202 51 50 twoway taxiway_B 
1202 57 51 twoway taxiway_B 
1202 51 55 twoway taxiway_B 
1202 79 51 twoway taxiway_B 
1202 52 85 twoway taxiway_B 
1202 53 52 twoway taxiway_B 
1202 54 53 twoway taxiway_B 
1202 55 54 twoway taxiway_B 
1202 56 55 twoway taxiway_B 
1202 57 56 twoway taxiway_B 
1202 58 57 twoway taxiway_B 
1202 59 58 twoway taxiway_B 
1202 60 59 twoway taxiway_B 
1202 61 60 twoway taxiway_B 
1202 62 61 twoway taxiway_B 
1202 82 62 twoway taxiway_B 
1202 63 91 twoway taxiway_B 
1204 departure 05,14,23,32
1204 arrival 05,14,23,32
1202 64 63 twoway taxiway_B 
1204 departure 05,14,23,32
1204 arrival 05,14,23,32
1202 65 99 twoway taxiway_B 
1204 departure 05,14,23,32
1204 arrival 05,14,23,32
1202 67 65 twoway taxiway_B 
1204 departure 05,14,23,32
1204 arrival 05,14,23,32
1202 66 98 twoway taxiway_B 
1204 departure 05,14,23,32
1204 arrival 05,14,23,32
1202 67 66 twoway taxiway_B 
1204 departure 05,14,23,32
1204 arrival 05,14,23,32
1202 68 67 twoway taxiway_B 
1204 departure 05,14,23,32
1204 arrival 05,14,23,32
1202 70 97 twoway taxiway_B 
1204 departure 05,14,23,32
1204 arrival 05,14,23,32
1202 69 96 twoway taxiway_B 
1204 departure 05,14,23,32
1204 arrival 05,14,23,32
1202 70 69 twoway taxiway_B 
1204 departure 05,14,23,32
1204 arrival 05,14,23,32
1202 71 70 twoway taxiway_B 
1204 departure 05,14,23,32
1204 arrival 05,14,23,32
1202 72 95 twoway taxiway_B 
1204 departure 05,14,23,32
1204 arrival 05,14,23,32
1202 74 72 twoway taxiway_B 
1204 departure 05,14,23,32
1204 arrival 05,14,23,32
1202 73 94 twoway taxiway_B 
1204 departure 05,14,23,32
1204 arrival 05,14,23,32
1202 74 73 twoway taxiway_B 
1204 departure 05,14,23,32
1204 arrival 05,14,23,32
1202 75 74 twoway taxiway_B 
1204 departure 05,14,23,32
1204 arrival 05,14,23,32
1202 76 94 twoway taxiway_B 
1204 departure 05,14,23,32
1204 arrival 05,14,23,32
1202 78 76 twoway taxiway_B 
1204 departure 05,14,23,32
1204 arrival 05,14,23,32
1202 77 93 twoway taxiway_B 
1204 departure 05,14,23,32
1204 arrival 05,14,23,32
1202 78 77 twoway taxiway_B 
1204 departure 05,14,23,32
1204 arrival 05,14,23,32
1202 79 78 twoway taxiway_B 
1204 departure 05,14,23,32
1204 arrival 05,14,23,32
1202 80 88 twoway taxiway_B 
1204 departure 05,14,23,32
1204 arrival 05,14,23,32
1202 81 80 twoway taxiway_B 
1204 departure 05,14,23,32
1204 arrival 05,14,23,32
1202 82 81 twoway taxiway_B 
1204 departure 05,14,23,32
1204 arrival 05,14,23,32
1202 83 90 twoway taxiway_B 
1204 departure 05,14,23,32
1204 arrival 05,14,23,32
1202 83 89 twoway taxiway_B 
1204 departure 05,14,23,32
1204 arrival 05,14,23,32
1202 84 83 twoway taxiway_B 
1204 departure 05,14,23,32
1204 arrival 05,14,23,32
1202 92 84 twoway taxiway_B 
1204 departure 05,14,23,32
1204 arrival 05,14,23,32
1202 86 85 twoway taxiway_B 
1204 departure 05,14,23,32
1204 arrival 05,14,23,32
1202 92 86 twoway taxiway_B 
1204 departure 05,14,23,32
1204 arrival 05,14,23,32
1202 88 89 twoway runway 14/32
1204 departure 05,14,23,32
1204 arrival 05,14,23,32
1204 ils 14,32
1202 89 90 twoway runway 14/32
1204 departure 05,14,23,32
1204 arrival 05,14,23,32
1204 ils 14,32
1202 90 87 twoway runway 14/32
1204 departure 05,14,23,32
1204 arrival 05,14,23,32
1204 ils 14,32
1202 92 93 twoway runway 05/23
1204 departure 05,14,23,32
1204 arrival 05,14,23,32
1204 ils 05,23
1202 93 94 twoway runway 05/23
1204 departure 05,14,23,32
1204 arrival 05,14,23,32
1204 ils 05,23
1202 94 95 twoway runway 05/23
1204 departure 05,14,23,32
1204 arrival 05,14,23,32
1204 ils 05,23
1202 95 96 twoway runway 05/23
1204 departure 05,14,23,32
1204 arrival 05,14,23,32
1204 ils 05,23
1202 96 97 twoway runway 05/23
1204 departure 05,14,23,32
1204 arrival 05,14,23,32
1204 ils 05,23
1202 97 98 twoway runway 05/23
1204 departure 05,14,23,32
1204 arrival 05,14,23,32
1204 ils 05,23
1202 98 99 twoway runway 05/23
1204 departure 05,14,23,32
1204 arrival 05,14,23,32
1204 ils 05,23
1202 99 91 twoway runway 05/23
1204 departure 05,14,23,32
1204 arrival 05,14,23,32
1204 ils 05,23
99
