A
1000 Generated by WorldEditor

1     39 1 0 XESG2 Fjaras - Duvhed
100 30.00 3 0 0.25 0 0 0 07  57.44288988  012.15962058    0    0 0 0 0 0 25  57.44401907  012.16911301    0    0 0 0 0 0
110 12 0.25 0.0000 Dirt road
111  57.44404158  012.16949771
112  57.44398148  012.16924683  57.44394447  012.16918209
111  57.44387261  012.16919423
112  57.44373760  012.16925897  57.44371147  012.16925087
112  57.44365921  012.16927920  57.44363743  012.16930348
112  57.44361566  012.16938036  57.44360912  012.16941678
112  57.44364179  012.16948557  57.44366356  012.16950984
111  57.44374195  012.16945319
112  57.44378768  012.16942487  57.44380510  012.16940059
111  57.44378768  012.16942487
112  57.44378768  012.16942487  57.44379639  012.16939654
112  57.44381599  012.16930753  57.44383777  012.16928325
111  57.44387261  012.16927920
112  57.44394664  012.16929943  57.44397495  012.16932776
111  57.44397931  012.16937227
113  57.44400210  012.16952037
110 3 0.50 147.0000 Grass area
111  57.44361409  012.16748443
112  57.44341326  012.16774774  57.44338184  012.16781511
112  57.44330457  012.16821635  57.44329368  012.16837011
111  57.44330457  012.16821635
112  57.44330457  012.16821635  57.44330576  012.16837910
111  57.44344622  012.16909516
111  57.44350649  012.16962034
111  57.44385228  012.16948526
111  57.44422862  012.16933340
111  57.44311386  012.15941800
113  57.44268103  012.15959890
1300  57.44369025  012.16828724 345.26 misc props|helos Ramp Start hangar
19  57.44265587  012.16042699 0 Windsock  W
19  57.44352637  012.16744215 0 Windsock E
99
