A
1000 Generated by WorldEditor

1    711 0 0 XESK1 Älvdalen
100 8.00 1 0 0.25 0 2 0 15  61.21613579  014.04185309    0    0 1 0 0 0 33  61.21117621  014.04894344    0    0 1 0 0 0
110 1 0.25 0.0000 N end asphalt
111  61.21611745  014.04180282
112  61.21610166  014.04172525  61.21609684  014.04170952
112  61.21606663  014.04168620  61.21606043  014.04168334
112  61.21601237  014.04169929  61.21600066  014.04170787
112  61.21596966  014.04177829  61.21596277  014.04179831
112  61.21595165  014.04187731  61.21594890  014.04189589
111  61.21593558  014.04206274
111  61.21598558  014.04199111
111  61.21598558  014.04196261
112  61.21600015  014.04184929  61.21600428  014.04183213
112  61.21602528  014.04178884  61.21603354  014.04178312
112  61.21605934  014.04178115  61.21606760  014.04178401
112  61.21607788  014.04181600  61.21607995  014.04182601
113  61.21608270  014.04185050
110 1 0.25 0.0000 S end asphalt
111  61.21124919  014.04877400
112  61.21121287  014.04874100  61.21120677  014.04873087
112  61.21119605  014.04868309  61.21119605  014.04866283
112  61.21120730  014.04862175  61.21121828  014.04860655
111  61.21138421  014.04858229
111  61.21146843  014.04846336
112  61.21124180  014.04849309  61.21122838  014.04849055
112  61.21119210  014.04851314  61.21118356  014.04851567
112  61.21115448  014.04855425  61.21114716  014.04856944
112  61.21114297  014.04864979  61.21114175  014.04867259
112  61.21115735  014.04877520  61.21115979  014.04879800
113  61.21118611  014.04887075
110 12 0.25 0.0000 Road
111  61.22007957  014.04448768
111  61.21970275  014.04462542
111  61.21951759  014.04463392
111  61.21933318  014.04459344
111  61.21899440  014.04435359
111  61.21837446  014.04351826
111  61.21797117  014.04307055
111  61.21772106  014.04276069
111  61.21754689  014.04246681
111  61.21740830  014.04225895
111  61.21704643  014.04203509
111  61.21634691  014.04187397
111  61.21633263  014.04196476
111  61.21704431  014.04213877
111  61.21738893  014.04235489
111  61.21750484  014.04253091
111  61.21768760  014.04282903
111  61.21794435  014.04316492
111  61.21834286  014.04361033
111  61.21896360  014.04443354
111  61.21932548  014.04470537
111  61.21951797  014.04473734
111  61.21971045  014.04473734
113  61.22010795  014.04458361
110 12 0.25 0.0000 Road
111  61.21533354  014.03544610
111  61.21505757  014.03599046
111  61.21441478  014.03756822
111  61.21402282  014.03803827
111  61.21365470  014.03883542
111  61.21322474  014.03960660
111  61.21319496  014.03973741
111  61.21313889  014.03978177
111  61.21273091  014.04049937
111  61.21212824  014.04225560
111  61.21188725  014.04304911
111  61.21176395  014.04354372
111  61.21150042  014.04466210
111  61.21127500  014.04581831
111  61.21113088  014.04702080
111  61.21110284  014.04779663
111  61.21113389  014.04810602
111  61.21116919  014.04808726
111  61.21114066  014.04777562
111  61.21116860  014.04703760
111  61.21130847  014.04585502
111  61.21153590  014.04470201
111  61.21179945  014.04359356
111  61.21192162  014.04309723
111  61.21215620  014.04229721
111  61.21275334  014.04055817
111  61.21314562  014.03984643
111  61.21317964  014.03981751
111  61.21320896  014.04007615
111  61.21362775  014.04190229
111  61.21380395  014.04301332
111  61.21394282  014.04352921
111  61.21417502  014.04418505
111  61.21419063  014.04417115
111  61.21419286  014.04413410
111  61.21396452  014.04349327
111  61.21382710  014.04298090
111  61.21365537  014.04187400
111  61.21323006  014.04000177
111  61.21322220  014.03980561
111  61.21324834  014.03967469
111  61.21368004  014.03889874
111  61.21405610  014.03813097
111  61.21444244  014.03764920
111  61.21509409  014.03607558
111  61.21536517  014.03555986
111  61.21585662  014.03507695
113  61.21579277  014.03499758
110 12 0.25 0.0000 Apt road
111  61.21623207  014.04156977
111  61.21623222  014.04152263
111  61.21599413  014.04165550
111  61.21589542  014.04182190
111  61.21427226  014.04413367
111  61.21422773  014.04417652
111  61.21419138  014.04415804
111  61.21418140  014.04418277
111  61.21422891  014.04420870
111  61.21428101  014.04416093
111  61.21591044  014.04186749
113  61.21600216  014.04170099
110 3 0.25 145.4600 Grass area
111  61.21383924  014.04235641
111  61.21372995  014.04226682
111  61.21364942  014.04187862
111  61.21345673  014.04208765
111  61.21341359  014.04232655
111  61.21356890  014.04301337
111  61.21352575  014.04350310
111  61.21356602  014.04386144
111  61.21365805  014.04401074
111  61.21385650  014.04375393
111  61.21409392  014.04419630
111  61.21409131  014.04435970
111  61.21396639  014.04455684
111  61.21155522  014.04805128
111  61.21124193  014.04843686
111  61.21114063  014.04851480
111  61.21112327  014.04866600
111  61.21114183  014.04886254
111  61.21119434  014.04905215
111  61.21122313  014.04906054
111  61.21142658  014.04884878
111  61.21158828  014.04867672
111  61.21421038  014.04491034
111  61.21424929  014.04491404
111  61.21429984  014.04499977
111  61.21436023  014.04503680
111  61.21441121  014.04496236
111  61.21443255  014.04483460
111  61.21443197  014.04464867
111  61.21443889  014.04458761
111  61.21601355  014.04232748
111  61.21614161  014.04213750
111  61.21619393  014.04197784
111  61.21620172  014.04182780
111  61.21615534  014.04168724
111  61.21607775  014.04165606
111  61.21600581  014.04169717
111  61.21595670  014.04178728
111  61.21589631  014.04188853
111  61.21439092  014.04400766
111  61.21430781  014.04401257
111  61.21414123  014.04346129
111  61.21392553  014.04268489
113  61.21387088  014.04243405
110 12 0.25 0.0000 Apt road
111  61.21396840  014.04396740
111  61.21399776  014.04420877
111  61.21400711  014.04434250
111  61.21399052  014.04444584
111  61.21395304  014.04451175
111  61.21390414  014.04459018
111  61.21153356  014.04801364
111  61.21123349  014.04822835
111  61.21119497  014.04836728
111  61.21120105  014.04850621
111  61.21131564  014.04886092
111  61.21141334  014.04890612
111  61.21161406  014.04869309
111  61.21592605  014.04251135
111  61.21603114  014.04236068
111  61.21627157  014.04214160
111  61.21626421  014.04209066
111  61.21601642  014.04231992
111  61.21592074  014.04245748
111  61.21158809  014.04867975
111  61.21149732  014.04878163
111  61.21140900  014.04886823
111  61.21133049  014.04881729
111  61.21122500  014.04847599
111  61.21121764  014.04837411
111  61.21125199  014.04825694
111  61.21137220  014.04817544
111  61.21147769  014.04810922
111  61.21155375  014.04804299
111  61.21391395  014.04463447
111  61.21396748  014.04455111
111  61.21400762  014.04448164
111  61.21402993  014.04435196
111  61.21401877  014.04420376
113  61.21399201  014.04400925
130 Airport Boundary
111  61.21593203  014.04132939
111  61.21435860  014.04337781
111  61.21367266  014.04132939
111  61.21319421  014.04243318
111  61.21380557  014.04458557
111  61.21093484  014.04850403
111  61.21122723  014.04944225
111  61.21433667  014.04521245
111  61.21633382  014.04210021
111  61.21637636  014.04159044
113  61.21623180  014.04121963
120 Linear Feature 11
111  61.21434170  014.04441384
111  61.21592562  014.04215541
111  61.21595192  014.04209504
111  61.21596299  014.04197432
111  61.21598098  014.04184497
111  61.21599482  014.04178748
111  61.21604327  014.04173574
111  61.21608064  014.04175012
111  61.21609448  014.04179898
111  61.21610278  014.04185934
111  61.21607372  014.04193983
115  61.21604603  014.04198294
120 Linear Feature 10
111  61.21417292  014.04465115
111  61.21152418  014.04844998
111  61.21149090  014.04849782
111  61.21142846  014.04853158
111  61.21124956  014.04855180
111  61.21119807  014.04856708
111  61.21117110  014.04862817
111  61.21118336  014.04878092
111  61.21121768  014.04884201
115  61.21128634  014.04878601
120 Linear Feature 9
111  61.21417908  014.04440590
111  61.21410720  014.04410855
111  61.21382687  014.04335776
115  61.21361134  014.04245483
120 Linear Feature 8
111  61.21431473  014.04474325
115  61.21435995  014.04491714
120 Linear Feature 7
111  61.21434320  014.04441286
111  61.21430261  014.04458701
111  61.21431473  014.04473977
111  61.21426285  014.04463364
111  61.21417405  014.04464935
111  61.21420821  014.04452409
111  61.21417908  014.04440242
113  61.21424619  014.04445265
1300  61.21434282  014.04485082 262.04 misc props|helos Fuel
1300  61.21381046  014.04328684  35.54 misc props|helos Hangars
19  61.21630021  014.04203356 1 WS N
19  61.21443912  014.04496966 0 WS C
19  61.21141206  014.04910960 1 WS S
99
