A
1000 Generated by WorldEditor

1   1030 0 0 XESU3 Åre Molanda
100 18.00 1 0 0.25 0 0 0 09  63.32887521  013.41677937    0    0 1 0 0 0 27  63.32806079  013.43375176    0    0 2 0 0 0
100 15.00 4 0 0.25 0 0 0 08  63.32852594  013.40786543    0    0 0 0 0 0 26  63.32913527  013.42152789    0    0 0 0 0 0
100 18.00 1 0 0.00 0 0 0 02  63.32465987  013.42268375    0    0 0 0 0 0 20  63.32842249  013.42577961    0    0 0 0 0 0
110 1 0.25 6.0000 Taxiways & asphalt areas
112  63.32856180  013.41998649  63.32850301  013.41998649
111  63.32835811  013.41998133
112  63.32842986  013.41983695  63.32841904  013.41986451
111  63.32851319  013.41956366
111  63.32858574  013.41906737
112  63.32865433  013.41847634  63.32865955  013.41842210
111  63.32872702  013.41837832
112  63.32873467  013.41810131  63.32873641  013.41802383
111  63.32873467  013.41810131
112  63.32873467  013.41810131  63.32871554  013.41818655
111  63.32866381  013.41826162
112  63.32864366  013.41800792  63.32863326  013.41793366
112  63.32859311  013.41784562  63.32858063  013.41782209
111  63.32852233  013.41773908
111  63.32852042  013.41751290
112  63.32874042  013.41745465  63.32876651  013.41744690
111  63.32876754  013.41749240
111  63.32877770  013.41731876
112  63.32875059  013.41736405  63.32872798  013.41736405
111  63.32852014  013.41743200
111  63.32840830  013.41742445
111  63.32839814  013.41723571
111  63.32867942  013.41710737
111  63.32866391  013.41692601
111  63.32831537  013.41708322
111  63.32827274  013.41678275
111  63.32799145  013.41546159
111  63.32789022  013.41464483
111  63.32786502  013.41426423
111  63.32784821  013.41336579
111  63.32769085  013.41131220
111  63.32762770  013.41091029
111  63.32750139  013.41046818
111  63.32727586  013.40965430
111  63.32720819  013.40903133
111  63.32723977  013.40818730
111  63.32720819  013.40783563
111  63.32709091  013.40739352
111  63.32690146  013.40678059
111  63.32689695  013.40738347
111  63.32695108  013.40730309
111  63.32699168  013.40728299
111  63.32709543  013.40758443
111  63.32719015  013.40805668
111  63.32715407  013.40866960
111  63.32715858  013.40914185
111  63.32724428  013.40982511
111  63.32740667  013.41038780
111  63.32756455  013.41092033
111  63.32765979  013.41148262
111  63.32775926  013.41279944
111  63.32781857  013.41346424
111  63.32783233  013.41429528
111  63.32785270  013.41464695
111  63.32797491  013.41558286
111  63.32812260  013.41624650
111  63.32822699  013.41678535
111  63.32826009  013.41696118
111  63.32826633  013.41727607
111  63.32834427  013.41758560
111  63.32824782  013.41887719
111  63.32833952  013.41892298
111  63.32835849  013.41878562
111  63.32841067  013.41882436
111  63.32840429  013.41889507
111  63.32836701  013.41938502
111  63.32796670  013.41921893
111  63.32796159  013.41927706
111  63.32836480  013.41945017
111  63.32831769  013.41984653
111  63.32816749  013.41970213
111  63.32814694  013.41948377
111  63.32797650  013.41942450
111  63.32792533  013.41936886
111  63.32775867  013.41942096
111  63.32767071  013.41931783
111  63.32768261  013.41947293
111  63.32766765  013.41956941
111  63.32717132  013.41976903
111  63.32722382  013.42036423
111  63.32746470  013.42055020
111  63.32750812  013.42089407
111  63.32755713  013.42132727
111  63.32744804  013.42144349
111  63.32735950  013.42158084
111  63.32683017  013.42196251
111  63.32661667  013.42207574
111  63.32638621  013.42209839
111  63.32547457  013.42185683
111  63.32482388  013.42177379
111  63.32455953  013.42160772
111  63.32430197  013.42123028
111  63.32428503  013.42097362
111  63.32420369  013.42121518
111  63.32434942  013.42144164
111  63.32457309  013.42170585
111  63.32482388  013.42187193
111  63.32513567  013.42191722
111  63.32551524  013.42197006
111  63.32635558  013.42220348
111  63.32651972  013.42220348
111  63.32672804  013.42211910
111  63.32689849  013.42203473
111  63.32736986  013.42167847
111  63.32744351  013.42165035
111  63.32759081  013.42156597
111  63.32759502  013.42176754
111  63.32759502  013.42195973
111  63.32758450  013.42225973
111  63.32756556  013.42251754
111  63.32752768  013.42272848
111  63.32747928  013.42288317
111  63.32738669  013.42295348
111  63.32719730  013.42297692
111  63.32697635  013.42299098
111  63.32685220  013.42269567
111  63.32682063  013.42266286
111  63.32665018  013.42268160
111  63.32644817  013.42281286
111  63.32642292  013.42292067
111  63.32636189  013.42283629
111  63.32637663  013.42269567
111  63.32633875  013.42265348
111  63.32625247  013.42306130
111  63.32633033  013.42315036
111  63.32643975  013.42314567
111  63.32645448  013.42322067
111  63.32646080  013.42337067
111  63.32642292  013.42347849
111  63.32636610  013.42350661
111  63.32626299  013.42335661
111  63.32621249  013.42340817
111  63.32620407  013.42345505
111  63.32638083  013.42362380
111  63.32634085  013.42379255
111  63.32632191  013.42388161
111  63.32637732  013.42391388
111  63.32642602  013.42368532
111  63.32650601  013.42342963
111  63.32659819  013.42327080
111  63.32671471  013.42313908
111  63.32679123  013.42310034
111  63.32689919  013.42309061
111  63.32722793  013.42306042
111  63.32744821  013.42301512
111  63.32753633  013.42289433
111  63.32760072  013.42257725
111  63.32763461  013.42217713
111  63.32763461  013.42182986
111  63.32762444  013.42149013
111  63.32785490  013.42129385
111  63.32791929  013.42141464
111  63.32800062  013.42132404
111  63.32802498  013.42114387
111  63.32814021  013.42103063
111  63.32822154  013.42087209
111  63.32825204  013.42055501
111  63.32820408  013.42036308
111  63.32835176  013.42016455
112  63.32855545  013.42017022  63.32860380  013.42017313
111  63.32862929  013.42034606
113  63.32865476  013.41982989
112  63.32856643  013.41790842  63.32858180  013.41793409
112  63.32861119  013.41803577  63.32861493  013.41807325
112  63.32862284  013.41826567  63.32862284  013.41831487
112  63.32861504  013.41849111  63.32860928  013.41854886
111  63.32855474  013.41903828
112  63.32847707  013.41955072  63.32846625  013.41958862
111  63.32839746  013.41962038
113  63.32851782  013.41788780
111  63.32773436  013.42047838
111  63.32774709  013.42062018
111  63.32814940  013.42056346
111  63.32817740  013.42067122
111  63.32814176  013.42084706
111  63.32802972  013.42096050
111  63.32800426  013.42089244
111  63.32798389  013.42088676
111  63.32780820  013.42102289
111  63.32778274  013.42120440
111  63.32761978  013.42133486
111  63.32759941  013.42130082
111  63.32751030  013.42060316
111  63.32751284  013.42053510
113  63.32771909  013.42045002
110 1 0.25 0.0000 Racetrack
111  63.32801108  013.42527991
111  63.32801108  013.42518147
111  63.32797321  013.42503146
111  63.32791008  013.42495646
111  63.32784064  013.42492833
111  63.32776067  013.42497521
111  63.32772490  013.42507834
111  63.32760074  013.42527991
111  63.32766808  013.42538773
111  63.32773121  013.42558930
111  63.32778172  013.42592681
111  63.32778803  013.42623151
111  63.32775646  013.42652684
111  63.32770175  013.42675654
111  63.32763396  013.42694428
111  63.32755248  013.42708608
111  63.32745888  013.42720520
111  63.32735749  013.42724355
111  63.32726184  013.42720094
111  63.32718340  013.42704326
111  63.32704949  013.42658302
111  63.32700289  013.42639845
111  63.32690533  013.42614276
111  63.32681351  013.42598509
111  63.32667003  013.42581037
111  63.32657247  013.42574219
111  63.32651234  013.42570894
111  63.32641494  013.42567189
111  63.32634723  013.42557928
111  63.32629734  013.42546551
111  63.32624983  013.42531733
111  63.32623083  013.42521943
111  63.32623201  013.42517180
111  63.32631041  013.42465318
111  63.32646839  013.42434624
111  63.32626290  013.42418219
111  63.32627477  013.42431184
111  63.32593609  013.42649680
111  63.32586327  013.42679627
111  63.32576804  013.42697720
111  63.32563080  013.42706454
111  63.32407625  013.42749220
111  63.32396421  013.42745477
111  63.32387458  013.42732376
111  63.32383537  013.42711165
111  63.32384098  013.42687458
111  63.32388579  013.42667494
111  63.32398942  013.42652522
111  63.32416027  013.42639420
111  63.32425550  013.42628815
111  63.32433952  013.42610099
111  63.32438434  013.42585768
111  63.32439274  013.42559566
111  63.32438434  013.42535236
111  63.32427696  013.42323332
111  63.32428958  013.42303646
111  63.32434850  013.42286303
111  63.32445582  013.42274585
111  63.32463469  013.42283022
111  63.32463679  013.42292397
111  63.32468730  013.42309270
111  63.32474622  013.42316301
111  63.32482197  013.42317239
111  63.32488510  013.42310676
111  63.32490404  013.42305052
111  63.32495875  013.42268492
111  63.32493981  013.42256774
111  63.32488931  013.42245993
111  63.32483039  013.42241306
111  63.32476937  013.42241775
111  63.32470624  013.42247399
111  63.32469151  013.42253024
111  63.32468309  013.42251149
111  63.32460313  013.42247868
111  63.32451054  013.42247399
111  63.32442636  013.42251618
111  63.32433377  013.42262867
111  63.32426643  013.42274585
111  63.32422014  013.42289584
111  63.32419278  013.42309739
111  63.32420120  013.42340675
111  63.32423539  013.42413428
111  63.32429301  013.42533451
111  63.32431334  013.42563645
111  63.32429301  013.42584781
111  63.32425234  013.42605162
111  63.32417778  013.42617994
111  63.32402189  013.42629317
111  63.32386938  013.42646679
111  63.32377788  013.42673854
111  63.32375415  013.42707823
111  63.32377788  013.42736507
111  63.32385243  013.42758398
111  63.32397783  013.42773495
111  63.32409983  013.42782553
111  63.32416083  013.42797650
111  63.32422861  013.42802934
111  63.32431334  013.42799915
111  63.32436079  013.42790102
111  63.32440823  013.42778779
111  63.32561472  013.42742546
111  63.32575762  013.42731729
111  63.32586424  013.42716200
111  63.32594625  013.42689712
111  63.32602826  013.42640388
111  63.32609798  013.42609332
111  63.32626611  013.42590150
111  63.32647524  013.42589237
111  63.32664337  013.42599284
111  63.32681150  013.42619379
111  63.32692632  013.42647695
111  63.32702474  013.42687885
111  63.32716826  013.42728075
111  63.32734049  013.42741776
111  63.32749222  013.42736296
111  63.32770135  013.42707066
111  63.32778747  013.42681491
111  63.32784078  013.42652262
111  63.32786948  013.42620293
111  63.32786128  013.42587410
113  63.32782411  013.42543761
110 1 0.25 0.0000 Track misc.
111  63.32453699  013.42228309
111  63.32451404  013.42222344
111  63.32436482  013.42212969
111  63.32431508  013.42210413
111  63.32422900  013.42219361
111  63.32408552  013.42253023
111  63.32408170  013.42273902
111  63.32412952  013.42291373
111  63.32414100  013.42291799
111  63.32415822  013.42281998
111  63.32420413  013.42267937
111  63.32429213  013.42254727
111  63.32441839  013.42240666
113  63.32453699  013.42234701
110 1 0.25 0.0000 Track misc.
111  63.32390924  013.42600332
111  63.32388403  013.42595965
111  63.32380561  013.42602828
111  63.32374399  013.42602204
111  63.32366837  013.42602828
111  63.32349472  013.42633396
111  63.32344710  013.42658350
111  63.32342750  013.42677689
111  63.32343310  013.42705762
111  63.32348071  013.42754422
111  63.32353393  013.42797467
111  63.32356474  013.42806824
111  63.32386723  013.42799338
111  63.32383082  013.42791228
111  63.32373279  013.42770641
111  63.32365437  013.42742568
111  63.32363756  013.42710129
111  63.32364316  013.42677689
111  63.32370478  013.42646497
111  63.32380841  013.42621543
113  63.32394005  013.42613433
110 13 0.00 0.0000 Sealane
111  63.32797919  013.43380511
111  63.32762686  013.43830311
111  63.32813715  013.43842765
113  63.32813614  013.43384161
110 1 0.25 96.0000 Jetty
111  63.32798337  013.43371170
111  63.32796156  013.43426997
111  63.32811953  013.43430112
113  63.32814160  013.43375070
130 Airport Boundary
111  63.32826204  013.40749119
111  63.32871359  013.41614118
111  63.32822350  013.41656250
111  63.32795695  013.41887976
111  63.32699396  013.41991391
111  63.32721751  013.42071825
111  63.32824499  013.42118372
111  63.32806658  013.42391489
111  63.32418613  013.42088577
111  63.32382931  013.42302105
111  63.32797737  013.42624881
111  63.32728603  013.43886186
111  63.32831189  013.43950741
111  63.32882101  013.42687453
111  63.32929022  013.42700198
111  63.32935889  013.42585496
111  63.32879812  013.42539615
111  63.32886679  013.42294918
111  63.32937033  013.42185314
113  63.32861502  013.40745167
120 Linear Feature 17
111  63.32842543  013.42007685
111  63.32834482  013.42006343
111  63.32832601  013.41990246
111  63.32838177  013.41956020
111  63.32845075  013.41840532
111  63.32843748  013.41784809
111  63.32848269  013.41780781
111  63.32850077  013.41768698
111  63.32850378  013.41748558
111  63.32867556  013.41744530
111  63.32875994  013.41742516
111  63.32881117  013.41743859
111  63.32881720  013.41756614
111  63.32882624  013.41773397
115  63.32882322  013.41786823
120 Linear Feature 16
111  63.32775340  013.42000972
111  63.32814516  013.41986874
111  63.32824160  013.41999629
111  63.32833502  013.42008356
115  63.32860625  013.42008356
120 Linear Feature 15
111  63.32873583  013.41972105
111  63.32872076  013.41993587
111  63.32869665  013.42000972
111  63.32860625  013.42007014
111  63.32867556  013.42015069
111  63.32869364  013.42025810
111  63.32869967  013.42043264
115  63.32869665  013.42051320
120 Rwy hold
111  63.32835650  013.41998963 4
115  63.32835655  013.42016304
14  63.32757950  013.42015510  32.81 0 Hangar view
1300  63.32783329  013.41999581  20.28 misc turboprops|props|helos GA hangars
1300  63.32810753  013.41989512   0.00 misc turboprops|props|helos Fuel
1300  63.32842999  013.41803557   0.00 misc turboprops|props|helos Skydiver area
19  63.32795620  013.43284117 0 WS
19  63.32867858  013.40826983 0 WS
19  63.32458113  013.42304725 0 WS
19  63.32831151  013.42510614 0 WS
19  63.32891673  013.41983296 0 WS
99
