A
1000 Generated by WorldEditor

1    241 0 0 XESV8 Nyby
100 7.00 3 0 0.25 0 0 0 03  59.87204509  016.41982987    0    0 0 0 0 0 21  59.87404291  016.42264455    0    0 0 0 0 0
110 3 0.25 35.2700 Grass
111  59.87218502  016.41991694
111  59.87214882  016.41985284
111  59.87215284  016.41978072
111  59.87224474  016.41940555
111  59.87234772  016.41939531
111  59.87238885  016.41936314
111  59.87243064  016.41923468
111  59.87249530  016.41916293
111  59.87252979  016.41911290
111  59.87244351  016.41893701
111  59.87240360  016.41882902
111  59.87239820  016.41877907
111  59.87232580  016.41864284
111  59.87213273  016.41844251
111  59.87205631  016.41833834
111  59.87201206  016.41812198
111  59.87201206  016.41802582
111  59.87183868  016.41715238
111  59.87178321  016.41680782
111  59.87174244  016.41675502
111  59.87171441  016.41683987
112  59.87173453  016.41702417  59.87173453  016.41704821
111  59.87169430  016.41723252
111  59.87164201  016.41741682
111  59.87165810  016.41760914
111  59.87172648  016.41772934
111  59.87183249  016.41784797
111  59.87188698  016.41793844
111  59.87196418  016.41824150
111  59.87205953  016.41842243
111  59.87215262  016.41854908
111  59.87225479  016.41867121
112  59.87227296  016.41875716  59.87227296  016.41876168
111  59.87226912  016.41881358
111  59.87199854  016.41989901
111  59.87199488  016.41998643
111  59.87200951  016.42001556
111  59.87402356  016.42283320
111  59.87406484  016.42281825
111  59.87410049  016.42273974
113  59.87410800  016.42264255
111  59.87175779  016.41733286
111  59.87177592  016.41741113
111  59.87181823  016.41763388
111  59.87176081  016.41765797
111  59.87173059  016.41762786
111  59.87172455  016.41750745
111  59.87170037  016.41741715
111  59.87171246  016.41732684
113  59.87173664  016.41727867
111  59.87237539  016.41915239
111  59.87238598  016.41927268
111  59.87237433  016.41930856
111  59.87233620  016.41931278
111  59.87231078  016.41926424
111  59.87231184  016.41922203
113  59.87234044  016.41915028
110 4 0.25 0.0000 Dirt road
111  59.87262171  016.41723382
111  59.87263081  016.41712138
111  59.87257596  016.41691011
111  59.87245894  016.41679355
111  59.87241140  016.41664056
111  59.87238214  016.41637101
111  59.87238946  016.41629816
111  59.87243334  016.41621074
111  59.87248819  016.41611603
111  59.87257961  016.41612332
111  59.87262715  016.41614518
111  59.87265641  016.41611603
111  59.87264909  016.41606504
111  59.87260155  016.41600676
111  59.87249551  016.41595576
111  59.87245162  016.41599947
111  59.87242968  016.41610875
111  59.87238946  016.41612332
111  59.87236020  016.41609418
111  59.87231998  016.41597762
111  59.87222124  016.41542395
111  59.87222624  016.41531881
111  59.87226871  016.41516194
111  59.87234401  016.41499887
111  59.87247219  016.41480791
111  59.87296481  016.41407423
111  59.87311946  016.41375157
111  59.87326162  016.41336540
111  59.87339999  016.41290490
111  59.87394648  016.41138683
111  59.87391728  016.41138683
111  59.87337701  016.41288008
111  59.87323621  016.41333872
111  59.87310209  016.41372474
111  59.87294382  016.41404364
111  59.87245579  016.41476325
111  59.87232568  016.41495510
111  59.87224780  016.41512964
111  59.87219913  016.41524599
111  59.87216019  016.41522660
111  59.87211638  016.41516842
111  59.87207258  016.41505207
111  59.87196063  016.41490662
111  59.87144957  016.41433453
111  59.87137169  016.41422787
111  59.87129650  016.41410998
111  59.87123054  016.41389820
111  59.87100630  016.41309389
111  59.87087523  016.41251161
111  59.87081799  016.41218871
111  59.87078382  016.41192636
111  59.87064575  016.41052272
111  59.87058358  016.40997635
111  59.87048485  016.40936442
111  59.87032760  016.40859950
111  59.87021058  016.40810413
111  59.87006065  016.40757962
111  59.86980102  016.40704782
111  59.86964897  016.40677826
111  59.86946756  016.40647857
111  59.86935251  016.40615243
111  59.86930312  016.40589445
111  59.86929499  016.40565000
111  59.86932154  016.40392235
111  59.86927729  016.40400168
111  59.86925074  016.40546490
111  59.86925959  016.40588799
111  59.86931269  016.40615243
111  59.86943659  016.40654027
111  59.86961790  016.40685391
111  59.86976844  016.40712502
111  59.87000738  016.40761564
111  59.87017553  016.40819740
111  59.87042936  016.40939252
111  59.87052932  016.40999800
111  59.87059653  016.41051909
111  59.87074183  016.41194438
111  59.87078622  016.41221245
111  59.87084512  016.41254256
111  59.87097187  016.41311538
111  59.87119921  016.41391003
111  59.87126925  016.41415268
111  59.87133244  016.41428245
111  59.87144163  016.41438967
111  59.87202755  016.41508131
111  59.87217639  016.41537781
111  59.87222063  016.41557814
111  59.87231717  016.41617915
111  59.87232120  016.41627531
111  59.87230108  016.41634744
111  59.87139199  016.41678818
111  59.87114661  016.41676414
111  59.87059955  016.41653175
111  59.87046786  016.41649497
111  59.87034787  016.41651925
111  59.87024853  016.41659049
111  59.86985889  016.41704989
111  59.86945724  016.41738542
111  59.86894012  016.41766235
111  59.86832791  016.41822911
111  59.86778041  016.41889967
111  59.86683618  016.42013547
111  59.86674133  016.42011830
111  59.86667235  016.42006678
111  59.86664648  016.42022135
111  59.86674133  016.42027287
111  59.86686205  016.42023852
111  59.86782175  016.41896855
111  59.86834156  016.41832366
111  59.86899185  016.41773105
111  59.86944886  016.41749061
111  59.86985412  016.41714712
111  59.87025939  016.41666623
111  59.87035967  016.41660566
111  59.87045960  016.41658152
111  59.87059063  016.41659429
111  59.87080262  016.41668341
111  59.87169591  016.42059054
111  59.87179114  016.42093010
111  59.87187859  016.42108242
111  59.87392056  016.42381967
111  59.87392919  016.42375096
111  59.87190666  016.42101844
111  59.87183113  016.42088801
111  59.87173488  016.42056976
111  59.87083929  016.41669378
111  59.87128202  016.41688047
111  59.87168651  016.41672187
111  59.87173599  016.41673207
111  59.87174793  016.41675246
111  59.87178546  016.41680684
111  59.87183831  016.41714615
111  59.87188310  016.41732681
111  59.87195605  016.41743219
111  59.87199954  016.41746020
111  59.87206058  016.41746528
111  59.87217953  016.41739820
111  59.87217441  016.41735402
111  59.87205329  016.41741520
111  59.87199700  016.41739820
111  59.87196096  016.41736908
111  59.87190487  016.41728605
111  59.87185711  016.41708553
111  59.87179911  016.41672187
111  59.87180081  016.41667089
111  59.87184175  016.41663351
111  59.87232283  016.41639560
111  59.87234672  016.41641260
111  59.87235970  016.41646753
111  59.87240327  016.41675863
111  59.87247120  016.41688631
113  59.87255964  016.41696547
1300  59.87225154  016.41916629 119.48 misc props|helos Holding
19  59.87402133  016.42294053 0 WS
19  59.87231745  016.41935065 0 WS
99
